{
"lowlevel": {
    "average_loudness": 0.417434960604,
    "barkbands_crest": {
        "dmean": 2.29414057732,
        "dmean2": 3.715102911,
        "dvar": 4.41330289841,
        "dvar2": 11.1322374344,
        "max": 24.7697639465,
        "mean": 9.09444046021,
        "median": 8.10809612274,
        "min": 2.31673812866,
        "var": 17.8685054779
    },
    "barkbands_flatness_db": {
        "dmean": 0.0163396671414,
        "dmean2": 0.0260860584676,
        "dvar": 0.000221941663767,
        "dvar2": 0.000544543669093,
        "max": 0.368107527494,
        "mean": 0.161401629448,
        "median": 0.154315933585,
        "min": 0.0329590924084,
        "var": 0.00195221009199
    },
    "barkbands_kurtosis": {
        "dmean": 1.09813380241,
        "dmean2": 1.78317785263,
        "dvar": 2.87999868393,
        "dvar2": 7.23734140396,
        "max": 30.3745384216,
        "mean": 0.966307461262,
        "median": 0.110183954239,
        "min": -1.88821399212,
        "var": 7.92793416977
    },
    "barkbands_skewness": {
        "dmean": 0.352075070143,
        "dmean2": 0.549126923084,
        "dvar": 0.118190951645,
        "dvar2": 0.284614950418,
        "max": 4.91369438171,
        "mean": 0.623007535934,
        "median": 0.538781881332,
        "min": -4.15996980667,
        "var": 0.682723760605
    },
    "barkbands_spread": {
        "dmean": 4.16307353973,
        "dmean2": 6.46236515045,
        "dvar": 24.3888492584,
        "dvar2": 51.4634475708,
        "max": 87.9918518066,
        "mean": 20.6253967285,
        "median": 18.9118728638,
        "min": 1.67113673687,
        "var": 116.831565857
    },
    "dissonance": {
        "dmean": 0.0191418491304,
        "dmean2": 0.0325874015689,
        "dvar": 0.000412699300796,
        "dvar2": 0.00115120550618,
        "max": 0.500000178814,
        "mean": 0.464083105326,
        "median": 0.472021281719,
        "min": 0.2764582932,
        "var": 0.000879056169651
    },
    "dynamic_complexity": 2.80970335007,
    "erbbands_crest": {
        "dmean": 2.75244474411,
        "dmean2": 4.46964168549,
        "dvar": 6.86177015305,
        "dvar2": 17.2056980133,
        "max": 32.7149124146,
        "mean": 10.9879760742,
        "median": 9.57228374481,
        "min": 2.04122614861,
        "var": 32.0129623413
    },
    "erbbands_flatness_db": {
        "dmean": 0.0150958970189,
        "dmean2": 0.022110035643,
        "dvar": 0.000215671621845,
        "dvar2": 0.000427907973062,
        "max": 0.416521936655,
        "mean": 0.229783833027,
        "median": 0.230026230216,
        "min": 0.0962264984846,
        "var": 0.00212211324833
    },
    "erbbands_kurtosis": {
        "dmean": 0.919368267059,
        "dmean2": 1.4779381752,
        "dvar": 2.38782715797,
        "dvar2": 6.00892543793,
        "max": 25.2166690826,
        "mean": 0.501792371273,
        "median": -0.126100540161,
        "min": -1.85491216183,
        "var": 5.29765701294
    },
    "erbbands_skewness": {
        "dmean": 0.324711114168,
        "dmean2": 0.514727890491,
        "dvar": 0.0957677513361,
        "dvar2": 0.22399173677,
        "max": 4.38815307617,
        "mean": 0.241826996207,
        "median": 0.224434569478,
        "min": -3.15595674515,
        "var": 0.529657244682
    },
    "erbbands_spread": {
        "dmean": 5.59439182281,
        "dmean2": 8.598279953,
        "dvar": 39.2376708984,
        "dvar2": 85.2930831909,
        "max": 111.54032135,
        "mean": 29.1241531372,
        "median": 26.8966770172,
        "min": 1.9888420105,
        "var": 221.551254272
    },
    "hfc": {
        "dmean": 5.00551271439,
        "dmean2": 7.71419620514,
        "dvar": 43.4652023315,
        "dvar2": 109.054481506,
        "max": 171.876708984,
        "mean": 23.6133098602,
        "median": 22.1229133606,
        "min": 1.27070718077e-16,
        "var": 267.174468994
    },
    "melbands_crest": {
        "dmean": 2.98821091652,
        "dmean2": 4.86493062973,
        "dvar": 7.96768569946,
        "dvar2": 20.6119384766,
        "max": 32.5784759521,
        "mean": 11.476143837,
        "median": 10.4115772247,
        "min": 1.90000247955,
        "var": 26.3923988342
    },
    "melbands_flatness_db": {
        "dmean": 0.0173325203359,
        "dmean2": 0.0266514066607,
        "dvar": 0.000282469263766,
        "dvar2": 0.000660193618387,
        "max": 0.344439983368,
        "mean": 0.157667458057,
        "median": 0.15079459548,
        "min": 0.00444435467944,
        "var": 0.00294130155817
    },
    "melbands_kurtosis": {
        "dmean": 2.10335373878,
        "dmean2": 3.35479879379,
        "dvar": 13.2815237045,
        "dvar2": 33.8981933594,
        "max": 78.3204879761,
        "mean": 3.66886401176,
        "median": 1.83578491211,
        "min": -1.84077262878,
        "var": 31.8502941132
    },
    "melbands_skewness": {
        "dmean": 0.426473081112,
        "dmean2": 0.660825192928,
        "dvar": 0.205801486969,
        "dvar2": 0.493173778057,
        "max": 7.34863948822,
        "mean": 1.26896929741,
        "median": 1.1659873724,
        "min": -2.94739246368,
        "var": 1.06238853931
    },
    "melbands_spread": {
        "dmean": 7.02571487427,
        "dmean2": 10.9422569275,
        "dvar": 73.3849716187,
        "dvar2": 152.297195435,
        "max": 235.068832397,
        "mean": 31.5520896912,
        "median": 29.5266456604,
        "min": 2.26210618019,
        "var": 309.556335449
    },
    "pitch_salience": {
        "dmean": 0.0580186024308,
        "dmean2": 0.095063097775,
        "dvar": 0.00262194662355,
        "dvar2": 0.00689277658239,
        "max": 0.930192887783,
        "mean": 0.578436434269,
        "median": 0.58327627182,
        "min": 0.153093099594,
        "var": 0.0120863933116
    },
    "silence_rate_20dB": {
        "dmean": 0,
        "dmean2": 0,
        "dvar": 0,
        "dvar2": 0,
        "max": 1,
        "mean": 1,
        "median": 1,
        "min": 1,
        "var": 0
    },
    "silence_rate_30dB": {
        "dmean": 0.000503397954162,
        "dmean2": 0.00100692256819,
        "dvar": 0.000503143644892,
        "dvar2": 0.00150936632417,
        "max": 1,
        "mean": 0.99974834919,
        "median": 1,
        "min": 0,
        "var": 0.000251606892562
    },
    "silence_rate_60dB": {
        "dmean": 0.0123332496732,
        "dmean2": 0.024669604376,
        "dvar": 0.0121815921739,
        "dvar2": 0.0283420216292,
        "max": 1,
        "mean": 0.0634201616049,
        "median": 0,
        "min": 0,
        "var": 0.059403244406
    },
    "spectral_centroid": {
        "dmean": 222.010025024,
        "dmean2": 341.478302002,
        "dvar": 60292.5820312,
        "dvar2": 123619.671875,
        "max": 10887.2363281,
        "mean": 1777.55541992,
        "median": 1791.8248291,
        "min": 337.547180176,
        "var": 423255.71875
    },
    "spectral_complexity": {
        "dmean": 2.90158581734,
        "dmean2": 4.70409059525,
        "dvar": 7.54145526886,
        "dvar2": 18.755279541,
        "max": 54,
        "mean": 20.9536933899,
        "median": 21,
        "min": 0,
        "var": 86.0425033569
    },
    "spectral_decrease": {
        "dmean": 1.02656105838e-09,
        "dmean2": 1.62648072788e-09,
        "dvar": 1.76064793676e-18,
        "dvar2": 4.65170890452e-18,
        "max": 9.94805047887e-29,
        "mean": -4.58608928611e-09,
        "median": -4.2886485474e-09,
        "min": -3.00407769771e-08,
        "var": 9.13264885311e-18
    },
    "spectral_energy": {
        "dmean": 0.00421308819205,
        "dmean2": 0.00666684610769,
        "dvar": 2.94631900033e-05,
        "dvar2": 7.77305831434e-05,
        "max": 0.128970608115,
        "mean": 0.019450718537,
        "median": 0.0184006746858,
        "min": 1.11502242128e-20,
        "var": 0.000158531940542
    },
    "spectral_energyband_high": {
        "dmean": 0.000299368111882,
        "dmean2": 0.000446162070148,
        "dvar": 2.46534682447e-07,
        "dvar2": 5.23958306076e-07,
        "max": 0.0117843858898,
        "mean": 0.000826394360047,
        "median": 0.000599833147135,
        "min": 8.26766052894e-21,
        "var": 7.91965248936e-07
    },
    "spectral_energyband_low": {
        "dmean": 0.0006319732056,
        "dmean2": 0.00102730293293,
        "dvar": 2.46288118433e-06,
        "dvar2": 6.19192815066e-06,
        "max": 0.0352593697608,
        "mean": 0.00104678550269,
        "median": 0.000572149525397,
        "min": 9.23315746302e-23,
        "var": 2.66256620307e-06
    },
    "spectral_energyband_middle_high": {
        "dmean": 0.00255697825924,
        "dmean2": 0.00403861608356,
        "dvar": 1.80203496711e-05,
        "dvar2": 4.70662052976e-05,
        "max": 0.115139693022,
        "mean": 0.00894517451525,
        "median": 0.00665756640956,
        "min": 1.55909186936e-21,
        "var": 7.46128353057e-05
    },
    "spectral_energyband_middle_low": {
        "dmean": 0.00295203924179,
        "dmean2": 0.00472188275307,
        "dvar": 1.94685580936e-05,
        "dvar2": 5.07524164277e-05,
        "max": 0.0774921998382,
        "mean": 0.00906513258815,
        "median": 0.00708194682375,
        "min": 2.79739189913e-22,
        "var": 6.31978691672e-05
    },
    "spectral_entropy": {
        "dmean": 0.112748593092,
        "dmean2": 0.164515286684,
        "dvar": 0.0129883969203,
        "dvar2": 0.0257203374058,
        "max": 9.79800605774,
        "mean": 7.48986053467,
        "median": 7.49865484238,
        "min": 6.05199670792,
        "var": 0.14279179275
    },
    "spectral_flux": {
        "dmean": 0.0165729578584,
        "dmean2": 0.0269555039704,
        "dvar": 0.000321358180372,
        "dvar2": 0.000842514564283,
        "max": 0.263229250908,
        "mean": 0.0714684873819,
        "median": 0.0702222213149,
        "min": 1.05594623323e-10,
        "var": 0.00107933022082
    },
    "spectral_kurtosis": {
        "dmean": 1.96198046207,
        "dmean2": 3.45602416992,
        "dvar": 3.69467878342,
        "dvar2": 11.2601623535,
        "max": 25.1043834686,
        "mean": 3.32905125618,
        "median": 2.6086807251,
        "min": -1.21479308605,
        "var": 8.09330749512
    },
    "spectral_rms": {
        "dmean": 0.000454026128864,
        "dmean2": 0.000705118407495,
        "dvar": 2.23964363499e-07,
        "dvar2": 5.39109635156e-07,
        "max": 0.0112171731889,
        "mean": 0.00410895561799,
        "median": 0.00423696544021,
        "min": 3.29822193862e-12,
        "var": 2.092838713e-06
    },
    "spectral_rolloff": {
        "dmean": 452.32711792,
        "dmean2": 758.815490723,
        "dvar": 537129.5,
        "dvar2": 1142986.25,
        "max": 18561.6210938,
        "mean": 2146.24169922,
        "median": 1808.7890625,
        "min": 236.865234375,
        "var": 1621997.5
    },
    "spectral_skewness": {
        "dmean": 0.237030997872,
        "dmean2": 0.401092946529,
        "dvar": 0.0426125302911,
        "dvar2": 0.119589686394,
        "max": 3.66308522224,
        "mean": 1.10364878178,
        "median": 1.02368724346,
        "min": -0.169120430946,
        "var": 0.2125390172
    },
    "spectral_spread": {
        "dmean": 296221.34375,
        "dmean2": 428095.53125,
        "dvar": 257874444288,
        "dvar2": 345454706688,
        "max": 40717580,
        "mean": 3364236,
        "median": 3121458.75,
        "min": 1746387.125,
        "var": 961308852224
    },
    "spectral_strongpeak": {
        "dmean": 0.900800824165,
        "dmean2": 1.49985194206,
        "dvar": 1.36671626568,
        "dvar2": 3.55042600632,
        "max": 18.2937660217,
        "mean": 2.07052016258,
        "median": 1.46206474304,
        "min": 0,
        "var": 4.11457538605
    },
    "zerocrossingrate": {
        "dmean": 0.00764910457656,
        "dmean2": 0.00905087217689,
        "dvar": 0.000139420168125,
        "dvar2": 0.000134997535497,
        "max": 0.8642578125,
        "mean": 0.073353767395,
        "median": 0.0703125,
        "min": 0.01318359375,
        "var": 0.00119623215869
    },
    "barkbands": {
        "dmean": [1.64170887729e-05, 0.000222266840865, 0.000336152326781, 0.000473087915452, 0.000672947673593, 0.000672548427247, 0.00080417614663, 0.000705747399479, 0.00115239794832, 0.000686040206347, 0.000396963499952, 0.000706952123437, 0.000847721123137, 0.000531386584044, 0.000267234281637, 0.000292322773021, 0.000213600258576, 0.000214421379496, 0.000301722000586, 0.000222404734814, 0.000114859547466, 6.25448446954e-05, 5.18838569405e-05, 2.43994145421e-05, 3.8253024286e-06, 4.18159507021e-09, 7.94198928844e-10],
        "dmean2": [2.87461225525e-05, 0.00037315429654, 0.000576249905862, 0.000789414916653, 0.00109691498801, 0.00106986344326, 0.00123014615383, 0.00110756582581, 0.00185632018838, 0.00107231445145, 0.000616425240878, 0.00114625622518, 0.00138961523771, 0.000842346751597, 0.00043468043441, 0.000469839025754, 0.000358357472578, 0.000346482556779, 0.000475256354548, 0.000341159087839, 0.000180687842658, 9.52797345235e-05, 7.47021404095e-05, 3.45657026628e-05, 5.49142578166e-06, 6.5850396247e-09, 1.46691991887e-09],
        "dvar": [4.10654649174e-10, 3.25729502038e-07, 9.22038907447e-07, 2.05082028515e-06, 1.54457131885e-06, 1.54359725002e-06, 3.19854916597e-06, 2.46700597017e-06, 1.04737509901e-05, 1.91570165953e-06, 1.01758894289e-06, 3.6096198528e-06, 1.24844518723e-05, 1.24512837374e-06, 3.06732999888e-07, 4.02987780035e-07, 3.51285876832e-07, 2.41084677555e-07, 4.99595898873e-07, 1.34274614538e-07, 4.56073685484e-08, 3.05946414869e-08, 2.27797691821e-08, 4.68198990689e-09, 7.76711403527e-11, 8.36979592613e-17, 1.22813397721e-18],
        "dvar2": [1.16118470395e-09, 8.15029295609e-07, 2.53601251643e-06, 5.34655055162e-06, 4.06847175327e-06, 3.83416136174e-06, 7.56677582103e-06, 5.80166806685e-06, 2.79018295259e-05, 4.67169638796e-06, 2.38296365751e-06, 9.46387899603e-06, 3.39702564816e-05, 3.06976858155e-06, 7.05126524281e-07, 9.63089973993e-07, 1.0084376072e-06, 5.7300997014e-07, 1.25472126911e-06, 2.94558475389e-07, 1.05661769112e-07, 7.24359594528e-08, 4.74932058125e-08, 9.68132951584e-09, 1.59390681209e-10, 2.00225128848e-16, 3.90127038688e-18],
        "max": [0.000315604265779, 0.0132993990555, 0.0197928603739, 0.0235104449093, 0.0251175835729, 0.034428037703, 0.0476540960371, 0.0321950428188, 0.0770763680339, 0.0380856320262, 0.025034846738, 0.0610507950187, 0.112638875842, 0.021302305162, 0.0159834492952, 0.0156888458878, 0.0199629943818, 0.0132668195292, 0.0225000362843, 0.0105944853276, 0.00653997901827, 0.00396980391815, 0.00384025834501, 0.00260620727204, 0.000234522653045, 2.79423375105e-07, 1.57520005928e-08],
        "mean": [1.84041837201e-05, 0.000304051209241, 0.0004364020715, 0.000652633956634, 0.00149455538485, 0.00134831969626, 0.00178091973066, 0.00134259089828, 0.00214127544314, 0.0012438998092, 0.000698543619365, 0.00159060570877, 0.00169787846971, 0.0010210822802, 0.000472730986075, 0.00056348805083, 0.00044302304741, 0.000455500994576, 0.000660341465846, 0.000545296701603, 0.000258155952906, 0.000123184596305, 9.92803979898e-05, 5.17864100402e-05, 6.78499873175e-06, 6.14390271991e-09, 6.60956622767e-10],
        "median": [1.13890891953e-05, 0.000143138226122, 0.000156291003805, 0.000241359754, 0.000838243402541, 0.000704162695911, 0.000663193175569, 0.000382085796446, 0.00057083228603, 0.00043704098789, 0.000165157704032, 0.000324535794789, 0.000258824293269, 0.000308215094265, 0.000218465502257, 0.000231076934142, 0.000149238039739, 0.000187702011317, 0.000316240213579, 0.000324073509546, 0.000156940819579, 4.52763706562e-05, 3.39596554113e-05, 2.12605373235e-05, 1.54577730882e-06, 1.88448057159e-09, 2.56841714563e-10],
        "min": [3.91230075472e-23, 4.2890973262e-23, 1.82309163076e-23, 7.89812113701e-24, 5.69106976221e-23, 3.59454568884e-23, 7.40871025368e-23, 5.77216844979e-23, 4.04873835036e-23, 6.47987197617e-23, 4.33104200717e-23, 3.37090456884e-23, 5.48744393664e-23, 9.86795257127e-23, 1.21957264858e-22, 3.2732267387e-22, 1.54674242228e-22, 2.6019853731e-22, 2.54260623505e-22, 2.72674833221e-22, 3.69399959197e-22, 6.01256251417e-22, 6.37021463055e-22, 7.1578032609e-22, 1.24504071368e-21, 1.90352272745e-21, 2.84894452726e-21],
        "var": [4.70295302701e-10, 3.40074620908e-07, 7.67948904468e-07, 1.92438437807e-06, 4.10355687563e-06, 4.29834244642e-06, 1.14090898933e-05, 6.89990793035e-06, 2.73940622719e-05, 5.33667434865e-06, 2.64261962002e-06, 1.94051390281e-05, 3.58491561201e-05, 4.12245572079e-06, 6.29264775398e-07, 1.26462214212e-06, 1.14548868169e-06, 6.89789146691e-07, 1.37789368182e-06, 4.63849232801e-07, 1.11239138789e-07, 6.47631921424e-08, 4.86395563826e-08, 1.09589182173e-08, 2.02803829286e-10, 1.52130584868e-16, 1.07896384446e-18]
    },
    "erbbands": {
        "dmean": [0.00472250627354, 0.061552092433, 0.340649306774, 0.94772875309, 1.82795715332, 2.38081479073, 3.91114282608, 6.32517147064, 11.3811416626, 11.4501819611, 17.9280700684, 28.1606235504, 17.9760818481, 19.2431030273, 21.1516056061, 27.2174358368, 43.007144928, 21.1112098694, 22.896320343, 11.5483350754, 15.7435731888, 11.8400774002, 10.013092041, 12.6900806427, 13.9593048096, 10.7052173615, 6.75220251083, 2.83272910118, 2.23413205147, 2.05522012711, 1.37298321724, 0.698064088821, 0.318757534027, 0.0833005085588, 0.00554375397041, 0.000256259052549, 1.70689290826e-05, 3.45237617694e-06, 2.75212505585e-06, 5.13932081958e-06],
        "dmean2": [0.00786972697824, 0.103162921965, 0.587941348553, 1.57485854626, 3.07765555382, 3.8891787529, 6.16955327988, 10.0129642487, 17.9277229309, 17.5280437469, 28.5785980225, 45.1603355408, 28.5190525055, 29.8616313934, 32.6371841431, 42.5747680664, 69.9964981079, 33.113697052, 36.7869987488, 18.588804245, 25.3987770081, 19.7373981476, 16.0342597961, 19.8764266968, 21.8415565491, 16.4205951691, 10.5023212433, 4.39613294601, 3.42739272118, 2.9961643219, 1.99112391472, 0.994249522686, 0.459595829248, 0.114884540439, 0.00792399700731, 0.00035520340316, 2.30697896768e-05, 4.81358438265e-06, 4.20405694967e-06, 8.08744971437e-06],
        "dvar": [8.33670419524e-05, 0.0297375172377, 1.03619360924, 6.51503705978, 26.0809650421, 21.3833179474, 46.615146637, 156.994277954, 752.556640625, 764.043212891, 1733.92614746, 8920.07519531, 1479.29956055, 2323.49853516, 2552.59545898, 4927.62939453, 36191.1757812, 2477.02490234, 2358.96166992, 407.329559326, 1443.69335938, 1187.93395996, 548.685058594, 833.110412598, 1564.36535645, 325.977935791, 155.446166992, 37.6225318909, 37.4573440552, 38.0957870483, 16.2874622345, 3.28181838989, 1.4476954937, 0.0363215468824, 0.000183928292245, 3.78012202873e-07, 1.37867584016e-09, 4.42821022906e-11, 1.16109396403e-11, 4.17653030216e-11],
        "dvar2": [0.000197639034013, 0.0766612440348, 2.86096405983, 16.8793449402, 72.4665603638, 55.8787231445, 116.725921631, 379.774688721, 1847.96777344, 1802.75219727, 4283.90576172, 23935.9277344, 3849.16943359, 5698.77294922, 5767.85302734, 11716.6494141, 98505.15625, 6352.72851562, 5896.04394531, 925.194702148, 3539.17919922, 3534.19604492, 1290.55285645, 1868.91992188, 4065.12695312, 726.364929199, 358.929473877, 87.778175354, 90.8676681519, 82.1531066895, 34.3527412415, 6.41668224335, 3.36533999443, 0.0695934221148, 0.000362141930964, 7.24473920855e-07, 2.44988340725e-09, 8.11724090721e-11, 2.83548774738e-11, 1.09617308286e-10],
        "max": [0.213202640414, 4.08944272995, 21.229467392, 39.618057251, 70.153678894, 123.369361877, 116.729194641, 352.065216064, 797.564025879, 844.553100586, 1211.82275391, 2452.67016602, 907.538391113, 1572.61828613, 2069.74291992, 2567.40991211, 5878.31152344, 1135.31286621, 1449.57116699, 471.901062012, 1042.46252441, 1286.92163086, 814.214355469, 1373.13928223, 1428.85705566, 605.569824219, 430.806732178, 166.089141846, 144.209335327, 150.194076538, 87.299118042, 45.2420196533, 67.2865219116, 5.36695337296, 0.316001951694, 0.0154018010944, 0.00089439220028, 0.000179669819772, 7.70470142015e-05, 0.00016062836221],
        "mean": [0.0069660958834, 0.0796007961035, 0.43109241128, 1.42936611176, 3.17958402634, 4.98854398727, 8.00240325928, 12.7263917923, 24.3836994171, 26.1310577393, 34.9016189575, 52.6581916809, 35.4098205566, 37.079875946, 44.0635414124, 61.33385849, 88.8831634521, 42.4686775208, 46.061252594, 23.940700531, 31.8684501648, 26.811044693, 23.067937851, 29.839509964, 33.3888664246, 27.1281261444, 16.0191345215, 6.55469989777, 4.40722990036, 3.92135047913, 2.6371409893, 1.46751403809, 0.653827428818, 0.162594974041, 0.0093255341053, 0.000476651679492, 4.68937432743e-05, 1.15036464194e-05, 1.37061579153e-05, 2.49840450124e-05],
        "median": [0.00339580979198, 0.0357890613377, 0.169982105494, 0.647352159023, 1.77988827229, 2.71181988716, 4.13791656494, 6.3831319809, 9.71590042114, 9.58981513977, 12.7038049698, 13.9764595032, 14.366101265, 13.9470767975, 13.5735216141, 17.5262947083, 16.5990715027, 14.9490365982, 18.9064178467, 12.9062395096, 11.8899383545, 9.30672740936, 10.0499897003, 15.5050153732, 16.9284362793, 16.314447403, 9.79444503784, 4.10179519653, 1.81486189365, 1.14946603775, 0.948843181133, 0.64523512125, 0.234750077128, 0.0418234728277, 0.00161888508592, 0.000124466867419, 2.77036033367e-05, 8.86632005859e-06, 1.36641456265e-05, 2.40271456278e-05],
        "min": [2.09145468911e-21, 6.59640187801e-21, 2.08816139552e-20, 2.49584204562e-20, 7.04236564239e-20, 2.50830940228e-19, 1.50741129682e-19, 4.30600913682e-19, 6.58553072143e-19, 1.17894413112e-18, 1.51761565535e-18, 9.44946729953e-19, 1.27698592002e-18, 2.03911436087e-18, 1.9174342316e-18, 1.67493641227e-18, 2.3682795119e-18, 4.71331731654e-18, 6.02206511093e-18, 1.08075837144e-17, 1.62694482001e-17, 8.66358285187e-18, 1.25938488144e-17, 1.46448505878e-17, 1.3907951776e-17, 1.24884428433e-17, 1.04958631821e-17, 1.9778080352e-17, 2.06636119394e-17, 1.91534895064e-17, 1.82882834011e-17, 1.49500521097e-17, 1.17205801796e-17, 1.29774488603e-17, 9.60072141043e-18, 6.38133405279e-18, 3.5725852074e-18, 1.82670471932e-18, 4.07379937635e-19, 3.74604896266e-20],
        "var": [0.000127435210743, 0.0271104089916, 0.805409252644, 6.49103498459, 24.5634002686, 65.5269775391, 125.717330933, 427.904968262, 2676.89550781, 2465.19702148, 4666.59619141, 22152.703125, 3768.88305664, 6793.50830078, 8777.5078125, 20837.3085938, 100186.1875, 6222.59863281, 6939.37109375, 1054.953125, 4542.12109375, 3968.93164062, 1523.00146484, 2827.86401367, 4235.4453125, 1162.38024902, 397.360809326, 85.9702911377, 71.8354263306, 90.416305542, 34.380531311, 8.22865390778, 2.4510717392, 0.109046205878, 0.000490475969855, 1.07232585833e-06, 4.62229188258e-09, 1.5831530531e-10, 6.59266669034e-11, 2.37969560724e-10]
    },
    "gfcc": {
        "mean": [-36.4167060852, 120.296508789, -184.689437866, 44.9700279236, -82.738899231, 5.18366575241, -30.1910057068, -11.287194252, -8.0714931488, -19.2651977539, 8.11874485016, -23.8532905579, 3.8296661377],
        "cov": [[5061.78369141, -255.600906372, -433.428161621, 242.594528198, -248.828155518, -99.7905273438, 8.85734939575, -5.48422622681, -206.364700317, 21.0838317871, 31.3277626038, -175.675811768, -36.1275520325], [-255.600906372, 953.614868164, 228.528411865, -92.2784805298, 159.251708984, -209.921951294, 94.9828414917, -101.339935303, 80.7755737305, -55.1417617798, 47.6369285583, -50.1899642944, 41.8266868591], [-433.428161621, 228.528411865, 612.123291016, 172.936325073, -43.5936889648, 64.5553436279, -111.918556213, 10.863442421, 42.0203170776, -1.55493867397, -64.839805603, 50.701713562, -9.29990196228], [242.594528198, -92.2784805298, 172.936325073, 332.843841553, 3.91176128387, 7.12178945541, -86.4676437378, 47.0488471985, 4.84786605835, -22.5770702362, -48.1025848389, 34.9539031982, 3.02529120445], [-248.828155518, 159.251708984, -43.5936889648, 3.91176128387, 173.707321167, -11.764210701, 26.8538246155, -9.53781223297, 17.9724464417, -21.725818634, 12.2902173996, -4.79193067551, 9.1079864502], [-99.7905273438, -209.921951294, 64.5553436279, 7.12178945541, -11.764210701, 252.338897705, -2.20738005638, -3.57269382477, -43.3073425293, 23.8111209869, -40.115524292, 23.3338031769, -22.9464702606], [8.85734939575, 94.9828414917, -111.918556213, -86.4676437378, 26.8538246155, -2.20738005638, 214.199935913, -15.7542638779, -48.2429656982, 20.3470249176, 49.560256958, -75.9835662842, -3.91359043121], [-5.48422622681, -101.339935303, 10.863442421, 47.0488471985, -9.53781223297, -3.57269382477, -15.7542638779, 116.787696838, 43.642162323, -4.74781990051, -20.5382022858, 12.9402799606, -4.39569282532], [-206.364700317, 80.7755737305, 42.0203170776, 4.84786605835, 17.9724464417, -43.3073425293, -48.2429656982, 43.642162323, 145.689025879, 2.31061172485, -20.8178462982, 36.5000610352, -1.70936524868], [21.0838317871, -55.1417617798, -1.55493867397, -22.5770702362, -21.725818634, 23.8111209869, 20.3470249176, -4.74781990051, 2.31061172485, 93.1021499634, 30.9705486298, -25.7194766998, -8.63367652893], [31.3277626038, 47.6369285583, -64.839805603, -48.1025848389, 12.2902173996, -40.115524292, 49.560256958, -20.5382022858, -20.8178462982, 30.9705486298, 91.4929428101, 0.656118571758, -3.53703951836], [-175.675811768, -50.1899642944, 50.701713562, 34.9539031982, -4.79193067551, 23.3338031769, -75.9835662842, 12.9402799606, 36.5000610352, -25.7194766998, 0.656118571758, 115.955047607, 27.6917858124], [-36.1275520325, 41.8266868591, -9.29990196228, 3.02529120445, 9.1079864502, -22.9464702606, -3.91359043121, -4.39569282532, -1.70936524868, -8.63367652893, -3.53703951836, 27.6917858124, 70.6340560913]],
        "icov": [[0.000351797469193, -0.000542900292203, 0.00078689068323, -0.000722510158084, 0.00102328392677, -0.000374156137696, 0.000494513078593, -0.000356483215, 0.000519435561728, -0.000199680929654, -0.000118119809486, 0.000394601840526, 0.000215232226765], [-0.000542900292203, 0.00585132930428, -0.0049755377695, 0.00285327783786, -0.00495319580659, 0.00321664870717, -0.00269264890812, 0.00460800668225, -0.00480342796072, 0.00481888325885, -0.00320986611769, 0.00338045647368, -0.00371192023158], [0.00078689068323, -0.0049755377695, 0.00678855506703, -0.00395470485091, 0.00531242135912, -0.00322139752097, 0.00285357236862, -0.00313418032601, 0.00347690517083, -0.00415836274624, 0.00302337482572, -0.00248271552846, 0.0033441002015], [-0.000722510158084, 0.00285327783786, -0.00395470485091, 0.00644704326987, -0.00432070484385, 0.00269959773868, -0.000865179114044, 0.000265211710939, -0.000382032070775, 0.00118517188821, 0.00112165103201, -0.000787886965554, -0.000952579604927], [0.00102328392677, -0.00495319580659, 0.00531242135912, -0.00432070484385, 0.0124300308526, -0.00460602901876, 0.00246876687743, -0.00255549326539, 0.000898717786185, 0.000282721768599, -0.00175413314719, 0.00136306555942, 0.000653676688671], [-0.000374156137696, 0.00321664870717, -0.00322139752097, 0.00269959773868, -0.00460602901876, 0.00998430326581, -0.00407064333558, 0.00231655477546, 0.00279217539355, -0.00401990115643, 0.0074908179231, -0.00637050764635, 0.00356903928332], [0.000494513078593, -0.00269264890812, 0.00285357236862, -0.000865179114044, 0.00246876687743, -0.00407064333558, 0.0103992894292, -0.00318238185719, 0.00173083785921, 0.00087197276298, -0.0056837159209, 0.00679919449612, -0.00180416542571], [-0.000356483215, 0.00460800668225, -0.00313418032601, 0.000265211710939, -0.00255549326539, 0.00231655477546, -0.00318238185719, 0.014557518065, -0.00738072535023, 0.00404897565022, -0.00115615094546, 0.00219910149463, -0.00212707091123], [0.000519435561728, -0.00480342796072, 0.00347690517083, -0.000382032070775, 0.000898717786185, 0.00279217539355, 0.00173083785921, -0.00738072535023, 0.0173992048949, -0.0106872459874, 0.0110619449988, -0.0110915824771, 0.00802908930928], [-0.000199680929654, 0.00481888325885, -0.00415836274624, 0.00118517188821, 0.000282721768599, -0.00401990115643, 0.00087197276298, 0.00404897565022, -0.0106872459874, 0.0243410728872, -0.017243206501, 0.0151153244078, -0.00866879895329], [-0.000118119809486, -0.00320986611769, 0.00302337482572, 0.00112165103201, -0.00175413314719, 0.0074908179231, -0.0056837159209, -0.00115615094546, 0.0110619449988, -0.017243206501, 0.0306434165686, -0.0186200551689, 0.0114576350898], [0.000394601840526, 0.00338045647368, -0.00248271552846, -0.000787886965554, 0.00136306555942, -0.00637050764635, 0.00679919449612, 0.00219910149463, -0.0110915824771, 0.0151153244078, -0.0186200551689, 0.0278745871037, -0.014106198214], [0.000215232226765, -0.00371192023158, 0.0033441002015, -0.000952579604927, 0.000653676688671, 0.00356903928332, -0.00180416542571, -0.00212707091123, 0.00802908930928, -0.00866879895329, 0.0114576350898, -0.014106198214, 0.0230282712728]]
    },
    "melbands": {
        "dmean": [4.97313158121e-05, 0.00014186683984, 0.000190282255062, 0.000144965539221, 0.000129557418404, 0.0001415234874, 0.000167878242792, 0.00012879325368, 0.000158932307386, 0.000172487052623, 8.95572447916e-05, 8.28715492389e-05, 6.79074728396e-05, 8.81777086761e-05, 8.14254963188e-05, 8.33378944662e-05, 3.84320010198e-05, 4.51512496511e-05, 1.68911483343e-05, 1.67871548911e-05, 2.04436801141e-05, 1.34505817186e-05, 1.10886958282e-05, 1.0823426237e-05, 1.13281657832e-05, 1.38341611091e-05, 8.34276306705e-06, 7.80468690209e-06, 5.27253178007e-06, 2.75148454421e-06, 1.55159079895e-06, 1.30021044242e-06, 1.37467827699e-06, 1.18697130347e-06, 9.02858516838e-07, 5.95494952904e-07, 4.03328812126e-07, 2.69204321057e-07, 1.37739576189e-07, 5.33375974499e-08],
        "dmean2": [8.34918027977e-05, 0.00024299294455, 0.000316206685966, 0.000239587272517, 0.000203802192118, 0.00022409009398, 0.000262429879513, 0.00019868130039, 0.000255000864854, 0.000277131592156, 0.000141480035381, 0.000128585335915, 0.000103283186036, 0.000141828102642, 0.000125066115288, 0.000134413028718, 6.02991422056e-05, 7.26272410247e-05, 2.72476499958e-05, 2.68427575065e-05, 3.32065392286e-05, 2.22610433411e-05, 1.80278111657e-05, 1.74502019945e-05, 1.77672809514e-05, 2.16658627323e-05, 1.2802582205e-05, 1.21116008813e-05, 8.3011955212e-06, 4.34036928709e-06, 2.460040605e-06, 2.03572585633e-06, 2.11379460779e-06, 1.74423109911e-06, 1.34950425945e-06, 8.82448262018e-07, 5.91386140059e-07, 4.0054393935e-07, 1.99910161314e-07, 7.78204238827e-08],
        "dvar": [1.24438468418e-08, 1.79140769774e-07, 2.99939415527e-07, 8.2083658981e-08, 5.30280317435e-08, 7.5243001163e-08, 1.51887491029e-07, 8.52510027016e-08, 1.410638788e-07, 3.36942775903e-07, 3.59798839611e-08, 4.24033537172e-08, 2.77620060274e-08, 6.72573889915e-08, 4.93524474621e-08, 1.53985226348e-07, 8.66185789761e-09, 1.02429504878e-08, 1.29890964651e-09, 1.31389188418e-09, 2.76988698644e-09, 1.59650326292e-09, 7.50419948403e-10, 7.69034114168e-10, 7.61994578546e-10, 1.49114287584e-09, 2.51840215348e-10, 1.99391891886e-10, 9.54521253704e-11, 2.50463868395e-11, 1.59031711411e-11, 1.1976118014e-11, 2.02899225199e-11, 1.35173990057e-11, 7.49680612727e-12, 2.46075317241e-12, 1.1148214513e-12, 1.66404975736e-12, 1.08718433832e-13, 1.51301073856e-14],
        "dvar2": [2.90679746939e-08, 4.9015437753e-07, 7.87639578448e-07, 2.21567091785e-07, 1.29725592046e-07, 1.83707143719e-07, 3.65134752656e-07, 2.01755014473e-07, 3.58562715519e-07, 9.0481597681e-07, 9.34841253297e-08, 1.04005735579e-07, 6.32539141066e-08, 1.78595641387e-07, 1.13398179735e-07, 4.22630620278e-07, 2.18503899418e-08, 2.56565950707e-08, 2.65274535671e-09, 2.89632762218e-09, 6.84010137419e-09, 4.58784832347e-09, 1.91636306823e-09, 1.7883274861e-09, 1.69999980759e-09, 3.87268928037e-09, 5.56939494523e-10, 4.50153608833e-10, 2.22852056253e-10, 5.86641082934e-11, 3.98551816549e-11, 3.01233343825e-11, 4.91906064493e-11, 2.93006834073e-11, 1.6491188623e-11, 5.08552011266e-12, 2.27372873134e-12, 4.09565827433e-12, 2.14451896454e-13, 3.15325700663e-14],
        "max": [0.00241120695136, 0.00953925121576, 0.00829782430083, 0.00411651097238, 0.00483984407037, 0.00755089009181, 0.0111550139263, 0.00817581545562, 0.0122165195644, 0.0152936838567, 0.00444831652567, 0.0067476881668, 0.00450857495889, 0.00919106043875, 0.00482644606382, 0.0136177046224, 0.00226491130888, 0.00292767165229, 0.00130324147176, 0.00120615039486, 0.00150771241169, 0.00120717007667, 0.000723656092305, 0.00103335746098, 0.00133721972816, 0.00144764292054, 0.000534129037987, 0.000512175902259, 0.00033515447285, 0.000106505147414, 0.000123397185234, 8.37982806843e-05, 0.000114524475066, 0.000100472207123, 5.93440272496e-05, 4.5775941544e-05, 2.77985145658e-05, 7.74612344685e-05, 9.76460705715e-06, 3.19435935126e-06],
        "mean": [7.42337069823e-05, 0.000183638097951, 0.000297408259939, 0.000297505146591, 0.000276066479273, 0.000287466944428, 0.0003643790551, 0.000283739413135, 0.000300776853692, 0.000317186029861, 0.000168931321241, 0.000152705717483, 0.000126172672026, 0.000197917848709, 0.000155011046445, 0.000163065662491, 7.087746053e-05, 8.62515371409e-05, 3.17530284519e-05, 3.12028605549e-05, 3.83236219932e-05, 2.71624121524e-05, 2.13555777009e-05, 2.22199923883e-05, 2.36008618231e-05, 2.81379925582e-05, 1.92069055629e-05, 1.77250567504e-05, 1.13233072625e-05, 5.69390977034e-06, 3.08074368149e-06, 2.36754704019e-06, 2.47543698606e-06, 2.07537959795e-06, 1.59711134984e-06, 1.14074214252e-06, 8.00890006758e-07, 5.08549135247e-07, 2.64929724381e-07, 8.82392541257e-08],
        "median": [3.71358510165e-05, 7.98999535618e-05, 0.000145268422784, 0.000169347214978, 0.000145151105244, 0.000143962766742, 0.000149445171701, 0.000101077639556, 0.000102860038169, 7.9359197116e-05, 6.45692052785e-05, 5.16177969985e-05, 3.43846986652e-05, 3.78151016776e-05, 3.90089880966e-05, 2.49854620051e-05, 2.07181219594e-05, 2.85304504359e-05, 1.54490917339e-05, 1.38350224006e-05, 1.26292925415e-05, 7.92386344983e-06, 8.76513877301e-06, 8.42902682052e-06, 1.1052507034e-05, 1.20214945127e-05, 9.74206886895e-06, 9.76132650976e-06, 6.34377602182e-06, 3.22996811519e-06, 1.6512150296e-06, 9.9086651062e-07, 6.99524434822e-07, 5.74225509808e-07, 5.32199919689e-07, 4.7597353614e-07, 3.43627931443e-07, 1.772105378e-07, 8.20262542334e-08, 1.51400172399e-08],
        "min": [1.74077020876e-23, 1.04544564548e-23, 4.9532552573e-24, 1.20527596463e-23, 7.33196592052e-24, 8.38175045875e-24, 1.27901039901e-23, 1.33984159333e-23, 1.12353900968e-23, 5.56424577776e-24, 6.90980779595e-24, 8.92482597173e-24, 5.97053990953e-24, 3.90333779601e-24, 4.97543053178e-24, 6.63984776127e-24, 8.89694920506e-24, 8.80022144745e-24, 1.078682722e-23, 1.88359805105e-23, 1.84448948281e-23, 7.6558359206e-24, 8.69976789978e-24, 1.56236600183e-23, 1.13549127791e-23, 9.25101364515e-24, 9.52710549565e-24, 8.02751799129e-24, 5.25611986363e-24, 1.00801514216e-23, 1.21524819199e-23, 1.21195911533e-23, 1.08007853249e-23, 1.11316951197e-23, 1.1612609971e-23, 7.31159122106e-24, 1.09183847643e-23, 8.73974579273e-24, 9.09408396756e-24, 1.05307101165e-23],
        "var": [1.61530238074e-08, 1.41924147101e-07, 2.80473130942e-07, 1.64024726246e-07, 1.54362695071e-07, 2.11349544088e-07, 5.33587581231e-07, 2.70698706117e-07, 3.79206170464e-07, 8.23047287213e-07, 9.22425442695e-08, 1.24522713918e-07, 7.49657829147e-08, 3.63552885574e-07, 1.37756842378e-07, 4.0075710217e-07, 2.1795537819e-08, 3.2656302551e-08, 3.14970560744e-09, 3.46729422951e-09, 8.34055313703e-09, 5.28257171339e-09, 1.60827196005e-09, 2.06844275041e-09, 2.28072272179e-09, 3.60040131042e-09, 8.98245700043e-10, 5.94812199495e-10, 2.200735566e-10, 6.32728661132e-11, 2.71808339725e-11, 2.05177957957e-11, 4.01536581762e-11, 2.76196340104e-11, 1.41725155917e-11, 5.50774486782e-12, 2.57212632269e-12, 2.15758010416e-12, 2.90884720824e-13, 3.8726874897e-14]
    },
    "mfcc": {
        "mean": [-643.136169434, 114.919868469, -30.6387577057, 19.1021270752, -18.0879516602, -0.740640223026, -6.59356689453, -1.88509893417, -11.9264793396, 6.4300570488, -8.87132358551, 1.64563596249, -4.77065420151],
        "cov": [[4758.87255859, -558.383728027, -337.304748535, 188.605819702, -273.17364502, -69.1019134521, 109.70639801, -92.177696228, -158.185058594, 127.974838257, -86.6948318481, 8.50669384003, -110.253913879], [-558.383728027, 1017.8145752, 21.6740283966, 92.9847106934, -5.55168581009, -34.6028900146, -2.83979082108, -49.143081665, -6.44404697418, 18.5734405518, -47.3422241211, 34.5381126404, 18.8195457458], [-337.304748535, 21.6740283966, 610.325805664, 71.3637084961, 115.34753418, 66.7579421997, -84.4907989502, 16.9044761658, 37.6378097534, -43.5636444092, 21.0889511108, -31.0492744446, 29.693479538], [188.605819702, 92.9847106934, 71.3637084961, 293.470489502, 58.3146286011, -58.0244674683, -22.5430488586, -0.99280589819, -3.85995101929, 35.9130172729, -55.2194404602, 16.2686290741, -8.18655776978], [-273.17364502, -5.55168581009, 115.34753418, 58.3146286011, 229.015441895, 21.5719051361, -108.101989746, 54.5666503906, 41.0012016296, -61.331451416, 17.0617408752, -28.9825286865, 38.7613601685], [-69.1019134521, -34.6028900146, 66.7579421997, -58.0244674683, 21.5719051361, 163.107025146, 52.7932128906, -2.48816466331, 3.22578668594, -17.0436172485, 16.8914337158, -28.3100452423, 1.02487492561], [109.70639801, -2.83979082108, -84.4907989502, -22.5430488586, -108.101989746, 52.7932128906, 233.633392334, -30.4580211639, -37.3722076416, 55.7052612305, -19.0051422119, 12.577041626, -39.1171302795], [-92.177696228, -49.143081665, 16.9044761658, -0.99280589819, 54.5666503906, -2.48816466331, -30.4580211639, 121.692459106, 32.2517356873, -29.2875499725, 5.75940942764, -17.0403823853, 18.0485782623], [-158.185058594, -6.44404697418, 37.6378097534, -3.85995101929, 41.0012016296, 3.22578668594, -37.3722076416, 32.2517356873, 103.980552673, 3.43274354935, 12.9177112579, -15.7836227417, 13.9183921814], [127.974838257, 18.5734405518, -43.5636444092, 35.9130172729, -61.331451416, -17.0436172485, 55.7052612305, -29.2875499725, 3.43274354935, 117.965141296, 2.34176135063, 7.39519309998, -33.9871139526], [-86.6948318481, -47.3422241211, 21.0889511108, -55.2194404602, 17.0617408752, 16.8914337158, -19.0051422119, 5.75940942764, 12.9177112579, 2.34176135063, 104.173034668, 20.5591754913, 1.90528678894], [8.50669384003, 34.5381126404, -31.0492744446, 16.2686290741, -28.9825286865, -28.3100452423, 12.577041626, -17.0403823853, -15.7836227417, 7.39519309998, 20.5591754913, 121.591110229, 18.7929458618], [-110.253913879, 18.8195457458, 29.693479538, -8.18655776978, 38.7613601685, 1.02487492561, -39.1171302795, 18.0485782623, 13.9183921814, -33.9871139526, 1.90528678894, 18.7929458618, 106.553756714]],
