{
"lowlevel": {
    "average_loudness": 0.876152634621,
    "barkbands_crest": {
        "dmean": 2.42449259758,
        "dmean2": 4.01741933823,
        "dvar": 4.87978649139,
        "dvar2": 12.3655862808,
        "max": 26.199546814,
        "mean": 8.67720413208,
        "median": 7.65855312347,
        "min": 2.28215575218,
        "var": 15.564663887
    },
    "barkbands_flatness_db": {
        "dmean": 0.0188306178898,
        "dmean2": 0.0309993568808,
        "dvar": 0.000269432377536,
        "dvar2": 0.000690192857292,
        "max": 0.359706073999,
        "mean": 0.165077030659,
        "median": 0.161603614688,
        "min": 0.0242571420968,
        "var": 0.000937404402066
    },
    "barkbands_kurtosis": {
        "dmean": 1.51072764397,
        "dmean2": 2.44268226624,
        "dvar": 6.05136966705,
        "dvar2": 14.0768604279,
        "max": 70.2102127075,
        "mean": 1.60381650925,
        "median": 0.470090150833,
        "min": -1.8853096962,
        "var": 16.9251880646
    },
    "barkbands_skewness": {
        "dmean": 0.428739190102,
        "dmean2": 0.67852884531,
        "dvar": 0.196702256799,
        "dvar2": 0.469272524118,
        "max": 7.33459377289,
        "mean": 1.00468158722,
        "median": 0.942105233669,
        "min": -3.22248506546,
        "var": 0.91867774725
    },
    "barkbands_spread": {
        "dmean": 5.6734828949,
        "dmean2": 8.91831970215,
        "dvar": 42.4166145325,
        "dvar2": 97.3091506958,
        "max": 85.4613265991,
        "mean": 24.8628921509,
        "median": 22.8716201782,
        "min": 1.36532843113,
        "var": 141.751586914
    },
    "dissonance": {
        "dmean": 0.0168836135417,
        "dmean2": 0.0283158179373,
        "dvar": 0.000271265744232,
        "dvar2": 0.000734923407435,
        "max": 0.499996453524,
        "mean": 0.465655326843,
        "median": 0.471497863531,
        "min": 0.255068957806,
        "var": 0.000653380295262
    },
    "dynamic_complexity": 3.40855383873,
    "erbbands_crest": {
        "dmean": 2.67081141472,
        "dmean2": 4.36512565613,
        "dvar": 6.48059415817,
        "dvar2": 16.258972168,
        "max": 31.6049575806,
        "mean": 9.38492012024,
        "median": 8.20323467255,
        "min": 2.24906373024,
        "var": 22.8851909637
    },
    "erbbands_flatness_db": {
        "dmean": 0.0142345568165,
        "dmean2": 0.0213203597814,
        "dvar": 0.000175115535967,
        "dvar2": 0.000361586979125,
        "max": 0.396679073572,
        "mean": 0.210431665182,
        "median": 0.208230912685,
        "min": 0.0563436895609,
        "var": 0.00132869882509
    },
    "erbbands_kurtosis": {
        "dmean": 0.814590811729,
        "dmean2": 1.30107188225,
        "dvar": 1.62782943249,
        "dvar2": 3.67936754227,
        "max": 38.1652069092,
        "mean": 0.114803351462,
        "median": -0.437415599823,
        "min": -1.78038108349,
        "var": 3.96480441093
    },
    "erbbands_skewness": {
        "dmean": 0.361394286156,
        "dmean2": 0.558610081673,
        "dvar": 0.122980199754,
        "dvar2": 0.265174806118,
        "max": 5.2062125206,
        "mean": 0.25069475174,
        "median": 0.269186913967,
        "min": -5.66856527328,
        "var": 0.664960682392
    },
    "erbbands_spread": {
        "dmean": 7.32227087021,
        "dmean2": 11.3203792572,
        "dvar": 52.1113052368,
        "dvar2": 120.363708496,
        "max": 110.34954071,
        "mean": 38.9298286438,
        "median": 37.2206840515,
        "min": 5.12637376785,
        "var": 263.228851318
    },
    "hfc": {
        "dmean": 5.57148075104,
        "dmean2": 8.26824188232,
        "dvar": 84.3176879883,
        "dvar2": 182.33430481,
        "max": 266.204956055,
        "mean": 23.0110206604,
        "median": 19.1671352386,
        "min": 1.22285114274e-16,
        "var": 387.663360596
    },
    "melbands_crest": {
        "dmean": 3.28883314133,
        "dmean2": 5.47051429749,
        "dvar": 9.27445793152,
        "dvar2": 24.5154533386,
        "max": 33.3796005249,
        "mean": 11.8367681503,
        "median": 10.6243066788,
        "min": 2.5137386322,
        "var": 27.9166049957
    },
    "melbands_flatness_db": {
        "dmean": 0.0216035973281,
        "dmean2": 0.0342611856759,
        "dvar": 0.000476152985357,
        "dvar2": 0.00113842159044,
        "max": 0.40118560195,
        "mean": 0.162344530225,
        "median": 0.159887239337,
        "min": 0.00616519292817,
        "var": 0.00219906168059
    },
    "melbands_kurtosis": {
        "dmean": 3.88187408447,
        "dmean2": 6.34074020386,
        "dvar": 53.8287773132,
        "dvar2": 136.201095581,
        "max": 163.800491333,
        "mean": 7.2792301178,
        "median": 4.29301023483,
        "min": -1.92261111736,
        "var": 112.165122986
    },
    "melbands_skewness": {
        "dmean": 0.54854953289,
        "dmean2": 0.877837359905,
        "dvar": 0.390056818724,
        "dvar2": 0.967959523201,
        "max": 11.4008922577,
        "mean": 1.94687581062,
        "median": 1.79974460602,
        "min": -1.12347495556,
        "var": 1.59285950661
    },
    "melbands_spread": {
        "dmean": 8.98887443542,
        "dmean2": 14.2296695709,
        "dvar": 139.897720337,
        "dvar2": 299.20199585,
        "max": 219.633880615,
        "mean": 32.7800788879,
        "median": 27.662776947,
        "min": 1.53949010372,
        "var": 475.366485596
    },
    "pitch_salience": {
        "dmean": 0.0660891085863,
        "dmean2": 0.108433432877,
        "dvar": 0.00354014290497,
        "dvar2": 0.00939797610044,
        "max": 0.89799195528,
        "mean": 0.592882037163,
        "median": 0.603140413761,
        "min": 0.0817072466016,
        "var": 0.0125030698255
    },
    "silence_rate_20dB": {
        "dmean": 0,
        "dmean2": 0,
        "dvar": 0,
        "dvar2": 0,
        "max": 1,
        "mean": 1,
        "median": 1,
        "min": 1,
        "var": 0
    },
    "silence_rate_30dB": {
        "dmean": 0.000269323994871,
        "dmean2": 0.000538720516488,
        "dvar": 0.000269291864242,
        "dvar2": 0.000807952252217,
        "max": 1,
        "mean": 0.999865353107,
        "median": 1,
        "min": 0,
        "var": 0.000134610032546
    },
    "silence_rate_60dB": {
        "dmean": 0.0137355234474,
        "dmean2": 0.0274747479707,
        "dvar": 0.0135473283008,
        "dvar2": 0.0294098015875,
        "max": 1,
        "mean": 0.0658408477902,
        "median": 0,
        "min": 0,
        "var": 0.0615042410791
    },
    "spectral_centroid": {
        "dmean": 277.893218994,
        "dmean2": 435.328277588,
        "dvar": 99434.75,
        "dvar2": 207063.40625,
        "max": 11044.8652344,
        "mean": 1733.79650879,
        "median": 1668.08178711,
        "min": 343.10760498,
        "var": 425576
    },
    "spectral_complexity": {
        "dmean": 3.40398597717,
        "dmean2": 5.36242437363,
        "dvar": 13.9588785172,
        "dvar2": 30.7348709106,
        "max": 59,
        "mean": 20.0247745514,
        "median": 20,
        "min": 0,
        "var": 92.2340698242
    },
    "spectral_decrease": {
        "dmean": 1.18096310509e-09,
        "dmean2": 1.8320052142e-09,
        "dvar": 2.47262462386e-18,
        "dvar2": 5.66795157223e-18,
        "max": 7.88389729469e-30,
        "mean": -4.4755337214e-09,
        "median": -4.08234690497e-09,
        "min": -3.56185516637e-08,
        "var": 9.24639363196e-18
    },
    "spectral_energy": {
        "dmean": 0.00480246543884,
        "dmean2": 0.0074072140269,
        "dvar": 3.91560097341e-05,
        "dvar2": 8.80146617419e-05,
        "max": 0.13740940392,
        "mean": 0.018978856504,
        "median": 0.0172811690718,
        "min": 1.10618620979e-20,
        "var": 0.000162046446349
    },
    "spectral_energyband_high": {
        "dmean": 0.000507218297571,
        "dmean2": 0.000754231819883,
        "dvar": 1.4412762539e-06,
        "dvar2": 3.2743189422e-06,
        "max": 0.0410608388484,
        "mean": 0.00126560451463,
        "median": 0.000711638771463,
        "min": 8.07482485644e-21,
        "var": 3.06456900034e-06
    },
    "spectral_energyband_low": {
        "dmean": 0.00156717863865,
        "dmean2": 0.00257954956032,
        "dvar": 1.88094800251e-05,
        "dvar2": 4.70969935122e-05,
        "max": 0.116658866405,
        "mean": 0.00234331074171,
        "median": 0.00129182264209,
        "min": 1.21774160776e-22,
        "var": 1.97950794245e-05
    },
    "spectral_energyband_middle_high": {
        "dmean": 0.00200987583958,
        "dmean2": 0.00310793425888,
        "dvar": 9.48704382608e-06,
        "dvar2": 2.28394910664e-05,
        "max": 0.0663892999291,
        "mean": 0.00660805730149,
        "median": 0.00434766663238,
        "min": 1.69853582021e-21,
        "var": 4.75276101497e-05
    },
    "spectral_energyband_middle_low": {
        "dmean": 0.00332315731794,
        "dmean2": 0.00533744832501,
        "dvar": 2.0326289814e-05,
        "dvar2": 5.14694147569e-05,
        "max": 0.0764569193125,
        "mean": 0.00933047197759,
        "median": 0.00733424350619,
        "min": 3.24288828425e-22,
        "var": 6.07832480455e-05
    },
    "spectral_entropy": {
        "dmean": 0.121974676847,
        "dmean2": 0.177091434598,
        "dvar": 0.0145454052836,
        "dvar2": 0.0274918843061,
        "max": 9.81692695618,
        "mean": 7.58334779739,
        "median": 7.59755897522,
        "min": 5.40112400055,
        "var": 0.0992725268006
    },
    "spectral_flux": {
        "dmean": 0.0164656210691,
        "dmean2": 0.0251457486302,
        "dvar": 0.000325002562022,
        "dvar2": 0.000659955781884,
        "max": 0.334856331348,
        "mean": 0.0731718912721,
        "median": 0.0702407956123,
        "min": 1.05175389231e-10,
        "var": 0.00130247604102
    },
    "spectral_kurtosis": {
        "dmean": 1.50900733471,
        "dmean2": 2.67658185959,
        "dvar": 2.22955083847,
        "dvar2": 6.85205984116,
        "max": 21.1606216431,
        "mean": 1.80141818523,
        "median": 1.34911966324,
        "min": -1.24598443508,
        "var": 3.75714659691
    },
    "spectral_rms": {
        "dmean": 0.000519831024576,
        "dmean2": 0.000787249300629,
        "dvar": 3.18866028692e-07,
        "dvar2": 6.53773213344e-07,
        "max": 0.0115783400834,
        "mean": 0.00401911186054,
        "median": 0.00410605361685,
        "min": 3.28512716162e-12,
        "var": 2.36270625464e-06
    },
    "spectral_rolloff": {
        "dmean": 595.526245117,
        "dmean2": 1004.13299561,
        "dvar": 777720.875,
        "dvar2": 1737291.875,
        "max": 18583.1542969,
        "mean": 2058.24487305,
        "median": 1679.58984375,
        "min": 64.599609375,
        "var": 2003316.625
    },
    "spectral_skewness": {
        "dmean": 0.210062518716,
        "dmean2": 0.352167308331,
        "dvar": 0.03704456985,
        "dvar2": 0.0988228097558,
        "max": 3.16808319092,
        "mean": 0.828132927418,
        "median": 0.7985470891,
        "min": -0.818451344967,
        "var": 0.122573763132
    },
    "spectral_spread": {
        "dmean": 301000.9375,
        "dmean2": 445472.90625,
        "dvar": 287110430720,
        "dvar2": 343531847680,
        "max": 40101980,
        "mean": 3645995,
        "median": 3539827.5,
        "min": 1876414.875,
        "var": 745011740672
    },
    "spectral_strongpeak": {
        "dmean": 0.73763525486,
        "dmean2": 1.24323999882,
        "dvar": 1.2785384655,
        "dvar2": 3.4816596508,
        "max": 13.2512111664,
        "mean": 1.44256806374,
        "median": 0.827567398548,
        "min": 0,
        "var": 2.5592713356
    },
    "zerocrossingrate": {
        "dmean": 0.00944514479488,
        "dmean2": 0.0112810395658,
        "dvar": 0.000145314668771,
        "dvar2": 0.000156996451551,
        "max": 0.54248046875,
        "mean": 0.0746958553791,
        "median": 0.0693359375,
        "min": 0.0146484375,
        "var": 0.00101149803959
    },
    "barkbands": {
        "dmean": [2.14886331378e-05, 0.000840240973048, 0.000790121674072, 0.000634730095044, 0.0010056005558, 0.0006641917862, 0.00105447578244, 0.00107944582123, 0.000643177889287, 0.000543106754776, 0.000573983008508, 0.000469743623398, 0.000350880844053, 0.000342943065334, 0.000286215712549, 0.000324150547385, 0.000361724116374, 0.00022700545378, 0.000238734923187, 0.000182868461707, 0.000188716687262, 0.000145090583828, 0.000144857345731, 4.16814327764e-05, 8.05271952231e-07, 7.89493082021e-10, 8.00655375333e-10],
        "dmean2": [3.65625819541e-05, 0.00140074279625, 0.00139697175473, 0.00111923320219, 0.00172563095111, 0.00105503958184, 0.00168782449327, 0.00170356221497, 0.00104216742329, 0.000889037153684, 0.000938349287026, 0.000758040987421, 0.000562791188713, 0.000559265725315, 0.000459897943074, 0.000524837640114, 0.000575329817366, 0.00036550842924, 0.000382840196835, 0.00029338512104, 0.000302434200421, 0.000220689413254, 0.000218436369323, 6.4563457272e-05, 1.28657165988e-06, 1.45369216664e-09, 1.4814688365e-09],
        "dvar": [1.73168013262e-09, 6.69490191285e-06, 6.34049274595e-06, 2.52291420111e-06, 2.469075298e-06, 1.8165022766e-06, 5.55517499379e-06, 5.69555868424e-06, 3.39989242093e-06, 2.18705940824e-06, 3.68072323909e-06, 1.60242325364e-06, 9.99383246381e-07, 6.33256433957e-07, 6.53571078146e-07, 5.09250412506e-07, 8.07264825653e-07, 3.09284985178e-07, 1.99201011242e-07, 1.16358648938e-07, 1.55391560952e-07, 2.3367620372e-07, 2.31634743386e-07, 1.78381860394e-08, 5.50033326177e-12, 2.63488602718e-18, 1.44696347089e-18],
        "dvar2": [4.75108929976e-09, 1.70771745616e-05, 1.76159646799e-05, 7.11481106919e-06, 6.9293382694e-06, 4.1363418859e-06, 1.39403982757e-05, 1.39051107908e-05, 8.43176258059e-06, 5.23299786437e-06, 1.03849824882e-05, 4.19507796323e-06, 2.39476980823e-06, 1.58276463935e-06, 1.55002953761e-06, 1.23400116081e-06, 2.0029267489e-06, 7.64302171774e-07, 5.10873633175e-07, 2.80615495285e-07, 4.12928329752e-07, 5.3237334896e-07, 4.99320151448e-07, 4.32629505553e-08, 1.36047640167e-11, 7.37055479785e-18, 4.47992706594e-18],
        "max": [0.00073834694922, 0.0454989634454, 0.0706296861172, 0.0312008224428, 0.0223212856799, 0.0355231165886, 0.0650124624372, 0.0471375957131, 0.051706302911, 0.0399472825229, 0.0445225387812, 0.0291715301573, 0.0347050987184, 0.0170876793563, 0.0264956597239, 0.015784252435, 0.0203929226846, 0.0201612059027, 0.00979951489717, 0.00929417274892, 0.0125014409423, 0.0220204498619, 0.0196789167821, 0.00433636410162, 5.17112493981e-05, 7.31555260813e-08, 2.30302426019e-08],
        "mean": [2.49194908974e-05, 0.00105003488716, 0.000858492508996, 0.000876498117577, 0.00192805100232, 0.00129383383319, 0.00179069396108, 0.00206971052103, 0.00108970806468, 0.000856780854519, 0.000907839741558, 0.000881184241734, 0.00057451921748, 0.000556621933356, 0.000516671920195, 0.000591112417169, 0.000735233130399, 0.000431817141362, 0.000515510560945, 0.000385867519071, 0.000411387853092, 0.000275185651844, 0.00028948878753, 6.67655622237e-05, 9.56781036621e-07, 6.51987297484e-10, 6.5641647673e-10],
        "median": [8.60336695041e-06, 0.000474802043755, 0.000374511320842, 0.000440259405877, 0.00130812090356, 0.000711357977707, 0.000774030806497, 0.000419634976424, 0.000245802220888, 0.000257712265011, 0.000144087985973, 0.000159209579579, 0.000108547334094, 0.000170571249328, 0.000121312994452, 0.000163534277817, 0.000190546590602, 0.000190212769667, 0.000237660831772, 0.000211068239878, 0.000205690201255, 0.000116073162644, 0.000103920981928, 2.41973211814e-05, 1.91408503269e-07, 2.45781339725e-10, 2.43353698304e-10],
        "min": [2.27087243084e-23, 6.68471390971e-23, 4.34296832188e-23, 5.55122523409e-24, 9.88300782388e-23, 2.98115837228e-23, 7.54144209633e-23, 2.15622979984e-23, 3.97068024824e-23, 9.17054020872e-23, 1.43380480368e-22, 1.1787843746e-22, 9.93521463859e-23, 1.06001158344e-22, 1.51867462505e-22, 8.24597313969e-23, 2.05726820902e-22, 2.82782981316e-22, 3.53717000504e-22, 2.75936754132e-22, 4.5640205266e-22, 3.86644761507e-22, 6.36100477415e-22, 7.75107664386e-22, 1.25963087913e-21, 1.99744609717e-21, 2.60294896985e-21],
        "var": [2.21646301313e-09, 6.31948296359e-06, 4.5269284783e-06, 2.39174073613e-06, 4.54309201814e-06, 5.32291187483e-06, 1.02089388747e-05, 2.05062842724e-05, 1.05079989225e-05, 4.31266289525e-06, 7.27405495127e-06, 4.42265945821e-06, 2.37792437474e-06, 1.45724845879e-06, 1.93832920559e-06, 1.28087174289e-06, 2.76647028841e-06, 6.68598545417e-07, 6.45226748475e-07, 3.01751128973e-07, 3.24865737866e-07, 3.79706591502e-07, 4.11077650142e-07, 3.02404075114e-08, 6.8589790965e-12, 1.74887240035e-18, 1.1645840689e-18]
    },
    "erbbands": {
        "dmean": [0.0143275633454, 0.231360539794, 0.868249475956, 1.44688653946, 3.01398634911, 3.65099215508, 3.74113154411, 5.97677230835, 12.3547849655, 17.7640838623, 24.9364032745, 15.6889095306, 15.0519104004, 17.5336303711, 23.0071315765, 19.8193759918, 16.206823349, 16.6477069855, 15.4945411682, 14.0432109833, 17.2466049194, 17.5956439972, 11.5424261093, 12.2909536362, 10.7214651108, 8.92567157745, 8.20790100098, 6.72727584839, 5.02074813843, 5.21602153778, 3.84195446968, 1.61424541473, 0.326404988766, 0.0289981905371, 0.000991172390059, 8.22456422611e-05, 1.66364043253e-05, 4.96372513226e-06, 3.62324817615e-06, 6.01669262323e-06],
        "dmean2": [0.0230351723731, 0.385469466448, 1.52590870857, 2.55258011818, 5.25773429871, 6.2416305542, 6.05283594131, 9.47190570831, 19.9585838318, 28.2530345917, 39.0921173096, 25.1179733276, 24.3857822418, 28.2308101654, 36.9970703125, 31.695098877, 25.8944473267, 27.0882034302, 24.9285755157, 22.339427948, 27.4539356232, 27.7613239288, 18.5040607452, 19.7537097931, 17.0314674377, 14.2629852295, 13.2293424606, 10.6147346497, 7.67416334152, 7.93914365768, 5.81257772446, 2.45849275589, 0.494966566563, 0.0439200177789, 0.00147281901445, 0.00011997022375, 2.42620826612e-05, 7.25963445802e-06, 5.34948412678e-06, 9.16145472729e-06],
        "dvar": [0.00129885226488, 0.539166212082, 7.91991281509, 12.1080579758, 49.5086975098, 28.8797397614, 68.8333587646, 185.354537964, 805.191650391, 1731.53796387, 3564.3684082, 2239.23291016, 1823.65332031, 2426.890625, 5451.76367188, 2904.34521484, 1999.86499023, 1614.27062988, 1832.57519531, 950.976074219, 1517.61657715, 1999.66149902, 908.576660156, 691.608642578, 339.987823486, 292.100769043, 261.481323242, 231.433364868, 254.977310181, 365.994689941, 150.743637085, 26.6328659058, 1.10106801987, 0.00801914650947, 9.00976556295e-06, 5.79994434702e-08, 2.18994955503e-09, 1.82981144126e-10, 3.9997359591e-11, 6.38131422703e-11],
        "dvar2": [0.00285021774471, 1.4001288414, 21.7548160553, 34.1896629333, 140.108428955, 81.9509353638, 176.925354004, 405.488891602, 1990.14892578, 4380.95605469, 8662.17285156, 5641.12304688, 4572.83447266, 5879.96679688, 15372.9863281, 7593.32421875, 4834.93652344, 4116.52441406, 4569.86083984, 2152.42651367, 3616.37744141, 4815.88964844, 2169.21972656, 1777.99560547, 849.950195312, 702.812683105, 685.114807129, 595.091003418, 529.532531738, 831.958251953, 332.474517822, 65.6604385376, 2.52133464813, 0.0190157759935, 2.07864195545e-05, 1.31346510557e-07, 4.9256136947e-09, 4.09503375653e-10, 8.77836484059e-11, 1.39122310894e-10],
        "max": [1.01657831669, 13.5640277863, 80.6963882446, 87.2354049683, 120.317474365, 74.4494171143, 288.641265869, 402.185150146, 749.200073242, 953.95111084, 1293.43041992, 1595.13562012, 1223.41687012, 1453.28552246, 2096.59130859, 1500.69665527, 1329.72277832, 1015.59692383, 1243.9375, 601.734802246, 988.27130127, 1178.43054199, 1044.84912109, 657.329589844, 331.538421631, 583.32421875, 312.705444336, 641.813293457, 686.174560547, 812.196716309, 528.505065918, 165.869934082, 30.7237987518, 1.82328367233, 0.0665128678083, 0.00729980319738, 0.00161340367049, 0.000487249548314, 0.000209224919672, 0.00015246203111],
        "mean": [0.0198311880231, 0.276016563177, 0.976934254169, 2.05641794205, 4.71856069565, 6.78882312775, 7.04513025284, 11.6212644577, 21.6398735046, 31.1536445618, 50.5218391418, 28.4787139893, 24.6612949371, 28.9956817627, 39.7026672363, 39.0614051819, 29.2236347198, 29.6239643097, 28.8940906525, 26.7975959778, 34.1658248901, 37.2350883484, 25.4243068695, 26.47605896, 23.4861469269, 19.3507823944, 17.5853939056, 14.728597641, 9.90863800049, 9.52458000183, 7.68792486191, 2.87537169456, 0.511882126331, 0.042586132884, 0.00165410386398, 0.000170475876075, 4.21004115196e-05, 1.34166712087e-05, 1.45446638271e-05, 2.4968661819e-05],
        "median": [0.00733148586005, 0.122450321913, 0.4381531775, 1.16566538811, 2.83160376549, 4.46717119217, 4.29386568069, 5.99920415878, 10.4737062454, 12.3897609711, 9.98125934601, 6.71919870377, 8.4068069458, 8.52660942078, 8.7068605423, 8.47773075104, 6.97070407867, 9.30339050293, 8.50287723541, 8.13814544678, 10.0326538086, 10.6127557755, 10.265789032, 12.0084466934, 12.1427764893, 10.5195980072, 9.28335857391, 6.94200563431, 4.48449754715, 3.53941702843, 2.72158312798, 1.12700998783, 0.173094943166, 0.012431432493, 0.000613305193838, 8.449046436e-05, 2.55680752161e-05, 8.45657814352e-06, 1.29157242554e-05, 2.31279318541e-05],
        "min": [1.23463986663e-21, 1.79560603055e-20, 5.69981984271e-20, 2.46332641584e-20, 7.10235627008e-20, 4.98928772315e-19, 3.02267176216e-19, 2.40359454059e-19, 6.54270913208e-19, 1.35406602162e-18, 5.20759257752e-19, 7.8020487047e-19, 3.12079156453e-18, 2.24605633856e-18, 7.63872427089e-18, 4.19787667503e-18, 4.08695382284e-18, 3.43725659803e-18, 9.49272388248e-18, 7.3737013929e-18, 5.87020219509e-18, 1.13156272933e-17, 1.29078647729e-17, 1.3657625416e-17, 1.92465953018e-17, 1.50344658912e-17, 1.68097245259e-17, 1.74534811464e-17, 1.36874874633e-17, 1.83973951413e-17, 1.77004375726e-17, 1.54976026618e-17, 1.32402722651e-17, 1.14816920731e-17, 1.00161662556e-17, 6.48473866039e-18, 3.72035647434e-18, 1.55732342668e-18, 3.73941445716e-19, 3.97604556263e-20],
        "var": [0.00182050117292, 0.473063379526, 5.82841110229, 11.3327960968, 49.8932571411, 60.0199356079, 136.205566406, 578.082214355, 1489.08215332, 3592.95629883, 14226.0634766, 7186.25488281, 3667.68188477, 4865.76513672, 10338.3828125, 8370.92773438, 5021.72021484, 4037.25683594, 5085.66650391, 2540.03808594, 4084.98266602, 6457.82470703, 2417.13720703, 2182.28149414, 1021.27606201, 801.451416016, 556.086425781, 482.88180542, 465.277648926, 544.799133301, 286.330047607, 46.4855651855, 1.95996499062, 0.0123387612402, 1.59974424605e-05, 1.11066817965e-07, 4.3881454026e-09, 3.80986631132e-10, 1.29662086623e-10, 2.82444651001e-10]
    },
    "gfcc": {
        "mean": [-38.0717849731, 127.354393005, -175.06338501, 66.2028808594, -84.2911300659, 3.18116164207, -22.1107273102, -18.7864112854, 5.02183294296, -24.7411422729, 6.62921857834, -17.458480835, -3.77009391785],
        "cov": [[6210.9296875, -349.37600708, -476.757141113, 112.603912354, -309.37878418, -11.0872621536, -80.5075759888, -261.223114014, -184.292938232, -155.24269104, -138.375183105, -44.9522743225, -29.6030673981], [-349.37600708, 707.078979492, 193.522888184, -64.5294494629, 132.786422729, -107.34072876, 89.2817687988, -57.9936599731, -32.1596946716, -23.1459255219, 64.4661712646, -32.4972343445, 26.1819534302], [-476.757141113, 193.522888184, 567.417297363, 203.753738403, -38.164024353, 46.275188446, -74.7554473877, 13.8368263245, -11.9240903854, -6.75382804871, 13.6185121536, 9.95074462891, 5.25658035278], [112.603912354, -64.5294494629, 203.753738403, 300.893554688, 52.1046409607, -25.8629589081, -113.215576172, 31.0295124054, 36.4969291687, -7.54232025146, -40.2304725647, 22.0115318298, 23.5751667023], [-309.37878418, 132.786422729, -38.164024353, 52.1046409607, 202.525222778, -28.8082714081, 0.890908300877, 23.2712574005, 37.0717201233, 9.33372116089, 8.99117851257, 6.47462892532, 41.4991760254], [-11.0872621536, -107.34072876, 46.275188446, -25.8629589081, -28.8082714081, 222.728988647, 58.8184738159, 0.764907717705, -45.5765914917, 17.9424552917, 13.5667057037, 2.49650096893, 1.46563029289], [-80.5075759888, 89.2817687988, -74.7554473877, -113.215576172, 0.890908300877, 58.8184738159, 221.874786377, 16.1019325256, -43.114364624, 17.6433410645, 38.4762687683, -17.4815139771, -26.1911830902], [-261.223114014, -57.9936599731, 13.8368263245, 31.0295124054, 23.2712574005, 0.764907717705, 16.1019325256, 138.363967896, 70.6858139038, 10.4595575333, 0.100273050368, 0.258989572525, 5.31278610229], [-184.292938232, -32.1596946716, -11.9240903854, 36.4969291687, 37.0717201233, -45.5765914917, -43.114364624, 70.6858139038, 152.646377563, 31.5970020294, -34.0649185181, 16.65741539, -1.50364017487], [-155.24269104, -23.1459255219, -6.75382804871, -7.54232025146, 9.33372116089, 17.9424552917, 17.6433410645, 10.4595575333, 31.5970020294, 71.8860473633, 33.7125205994, -3.14023160934, -3.449467659], [-138.375183105, 64.4661712646, 13.6185121536, -40.2304725647, 8.99117851257, 13.5667057037, 38.4762687683, 0.100273050368, -34.0649185181, 33.7125205994, 90.0557250977, 19.1468601227, -1.91676771641], [-44.9522743225, -32.4972343445, 9.95074462891, 22.0115318298, 6.47462892532, 2.49650096893, -17.4815139771, 0.258989572525, 16.65741539, -3.14023160934, 19.1468601227, 72.0883026123, 25.5279254913], [-29.6030673981, 26.1819534302, 5.25658035278, 23.5751667023, 41.4991760254, 1.46563029289, -26.1911830902, 5.31278610229, -1.50364017487, -3.449467659, -1.91676771641, 25.5279254913, 75.0457687378]],
        "icov": [[0.000299110513879, -0.000257918232819, 0.000787550932728, -0.000996944494545, 0.00101268233266, -0.000374267197913, -1.79787457455e-05, 0.000580933410674, -0.000389577471651, 0.000853839272168, -0.000551522476599, 0.000564552901778, -0.000308784918161], [-0.000257918232819, 0.0072605162859, -0.00545473909006, 0.00372028537095, -0.00517751183361, 0.00403542025015, -0.00503907352686, 0.00679386686534, -0.00696036312729, 0.00887118186802, -0.00885608326644, 0.00813928619027, -0.00560334790498], [0.000787550932728, -0.00545473909006, 0.00831734295934, -0.00739834504202, 0.00716951536015, -0.00463897967711, 0.00332344067283, -0.00250049284659, 0.00196056580171, -0.00155620859005, 0.000919403450098, -0.00203448766842, 0.00210143718868], [-0.000996944494545, 0.00372028537095, -0.00739834504202, 0.0125128561631, -0.00865490362048, 0.00421524606645, 0.00102908734698, -0.00279781571589, 0.0040103700012, -0.00513179413974, 0.00670942012221, -0.00437337998301, 0.00166062486824], [0.00101268233266, -0.00517751183361, 0.00716951536015, -0.00865490362048, 0.014200873673, -0.00392809696496, 0.000990233034827, 2.95334780276e-06, -0.00298264320008, 0.00194936082698, -0.0033076016698, 0.00203343154863, -0.0037546150852], [-0.000374267197913, 0.00403542025015, -0.00463897967711, 0.00421524606645, -0.00392809696496, 0.00872755609453, -0.00341065973043, 0.00078917684732, 0.00181669287849, -0.00178140937351, 0.000956606760155, 6.00355197093e-05, -0.00184070842806], [-1.79787457455e-05, -0.00503907352686, 0.00332344067283, 0.00102908734698, 0.000990233034827, -0.00341065973043, 0.0112744336948, -0.00880863983184, 0.0100556062534, -0.0105289118364, 0.00880766753107, -0.00821916759014, 0.00801064819098], [0.000580933410674, 0.00679386686534, -0.00250049284659, -0.00279781571589, 2.95334780276e-06, 0.00078917684732, -0.00880863983184, 0.0229366812855, -0.0216083284467, 0.0213598273695, -0.0215355399996, 0.0182785075158, -0.0120209837332], [-0.000389577471651, -0.00696036312729, 0.00196056580171, 0.0040103700012, -0.00298264320008, 0.00181669287849, 0.0100556062534, -0.0216083284467, 0.0354447588325, -0.0335810407996, 0.033622931689, -0.02662047185, 0.0166112985462], [0.000853839272168, 0.00887118186802, -0.00155620859005, -0.00513179413974, 0.00194936082698, -0.00178140937351, -0.0105289118364, 0.0213598273695, -0.0335810407996, 0.0524823740125, -0.0417991988361, 0.0307581759989, -0.0170579310507], [-0.000551522476599, -0.00885608326644, 0.000919403450098, 0.00670942012221, -0.0033076016698, 0.000956606760155, 0.00880766753107, -0.0215355399996, 0.033622931689, -0.0417991988361, 0.0519086904824, -0.0340596400201, 0.018772976473], [0.000564552901778, 0.00813928619027, -0.00203448766842, -0.00437337998301, 0.00203343154863, 6.00355197093e-05, -0.00821916759014, 0.0182785075158, -0.02662047185, 0.0307581759989, -0.0340596400201, 0.0410006903112, -0.0203252080828], [-0.000308784918161, -0.00560334790498, 0.00210143718868, 0.00166062486824, -0.0037546150852, -0.00184070842806, 0.00801064819098, -0.0120209837332, 0.0166112985462, -0.0170579310507, 0.018772976473, -0.0203252080828, 0.0271905362606]]
    },
    "melbands": {
        "dmean": [0.000177791720489, 0.000397288036766, 0.000286623690045, 0.000241908186581, 0.000130288070068, 0.000134829169838, 0.000197590707103, 0.00019197067013, 0.000199996982701, 9.06598215806e-05, 7.5857838965e-05, 7.10623789928e-05, 8.61838998389e-05, 5.69418480154e-05, 4.4126805733e-05, 3.15807301376e-05, 3.35273471137e-05, 2.60377200902e-05, 1.94569474843e-05, 2.27040709433e-05, 2.29803681577e-05, 2.04261250474e-05, 1.64286211657e-05, 1.07671712613e-05, 1.09494394565e-05, 9.57143220148e-06, 6.48437753625e-06, 6.56223119222e-06, 5.70907877773e-06, 5.1650322348e-06, 3.91249568565e-06, 3.11711460199e-06, 2.87882130579e-06, 3.15851684718e-06, 2.54145152212e-06, 1.70014914147e-06, 7.83800942372e-07, 2.69495643579e-07, 7.56910267796e-08, 6.28749674547e-09],
        "dmean2": [0.000290269526886, 0.00068284093868, 0.000500962953083, 0.000417763541918, 0.000213198742131, 0.000213822742808, 0.000318556179991, 0.0003057171416, 0.000314718083246, 0.00014548341278, 0.000122614525026, 0.000114608854346, 0.000139786541695, 9.10001908778e-05, 6.97878931533e-05, 5.096111272e-05, 5.46599985682e-05, 4.20921642217e-05, 3.07397676806e-05, 3.65342166333e-05, 3.67321372323e-05, 3.23317544826e-05, 2.63909587375e-05, 1.73943426489e-05, 1.76694557013e-05, 1.5275691112e-05, 1.04160635601e-05, 1.05768158392e-05, 9.22469189391e-06, 8.44919941301e-06, 6.19549973635e-06, 4.88786781716e-06, 4.43314002041e-06, 4.92032359034e-06, 3.88402168028e-06, 2.61317654804e-06, 1.22399274005e-06, 4.16073874021e-07, 1.18717288444e-07, 1.02520818501e-08],
        "dvar": [2.53889083979e-07, 1.60698516538e-06, 4.92101492e-07, 1.62916066415e-07, 6.17539086534e-08, 8.4527293609e-08, 1.9997777656e-07, 1.80194774657e-07, 2.26446474016e-07, 7.99410742047e-08, 4.66425511547e-08, 4.32827889085e-08, 8.38057303554e-08, 2.43560904778e-08, 1.4500953327e-08, 6.75274058892e-09, 6.66800303861e-09, 4.68852379143e-09, 3.00698821398e-09, 2.76608957961e-09, 3.00393487862e-09, 2.88948598381e-09, 2.30319052719e-09, 5.75588354756e-10, 6.21477147522e-10, 3.33222421878e-10, 1.31920918633e-10, 1.87566018273e-10, 1.24544777269e-10, 1.3889900341e-10, 8.21372761473e-11, 8.10359002124e-11, 1.39170980296e-10, 1.30803326504e-10, 6.41475345065e-11, 2.7710618522e-11, 6.67042029251e-12, 7.49429110349e-13, 6.58258305719e-14, 4.08606390885e-16],
        "dvar2": [6.01765748343e-07, 4.30580030297e-06, 1.38208906719e-06, 4.6009131438e-07, 1.60987610798e-07, 1.87187666256e-07, 4.97359508245e-07, 4.50756829196e-07, 5.51975460894e-07, 1.99939350409e-07, 1.16089836411e-07, 1.0228249181e-07, 2.36139484855e-07, 6.36262669218e-08, 3.38492647245e-08, 1.6583312501e-08, 1.67870162215e-08, 1.16832605812e-08, 6.45792308518e-09, 6.90798218628e-09, 7.25489668341e-09, 6.9715029305e-09, 5.64621460697e-09, 1.41353551086e-09, 1.60391033788e-09, 8.06844535628e-10, 3.40620226469e-10, 4.5740175536e-10, 3.15180298527e-10, 3.87286369641e-10, 2.11404990735e-10, 1.71987452058e-10, 3.31350308302e-10, 2.93476826174e-10, 1.4121241676e-10, 6.86120604776e-11, 1.66313681577e-11, 1.72311730856e-12, 1.65567795476e-13, 1.03055512901e-15],
        "max": [0.0092586427927, 0.0344650670886, 0.0134879192337, 0.00611310498789, 0.0081931008026, 0.00812727864832, 0.0128837162629, 0.00928873103112, 0.0096281170845, 0.0089430231601, 0.00598943931982, 0.00643578032032, 0.00638135662302, 0.0032287130598, 0.00437580375001, 0.0014893343905, 0.0018789122114, 0.00174569478258, 0.00211154483259, 0.00105269264895, 0.00138966902159, 0.00135572918225, 0.00162815232761, 0.000671207497362, 0.000685067672748, 0.000413017027313, 0.000300983752823, 0.00049168523401, 0.0002652699186, 0.00030434835935, 0.000392419809941, 0.000378550961614, 0.000516171799973, 0.000562742352486, 0.000343432358932, 0.000185627606697, 7.76547603891e-05, 2.83128538285e-05, 6.8366339292e-06, 5.35176695848e-07],
        "mean": [0.00023849234276, 0.000470350350952, 0.00042627833318, 0.000442904041847, 0.000254129787209, 0.000260783592239, 0.000346504879417, 0.000340409314958, 0.000397331023123, 0.000156416746904, 0.000120037628221, 0.00011276150326, 0.000139516749186, 0.000105513128801, 7.9663550423e-05, 5.35860599484e-05, 5.55058686587e-05, 4.49998806289e-05, 3.48040157405e-05, 3.96338073188e-05, 4.12219487771e-05, 3.9353788452e-05, 3.20052458846e-05, 1.98700017791e-05, 2.14967967622e-05, 1.91179024114e-05, 1.31321176013e-05, 1.27726661958e-05, 1.11502113214e-05, 1.00472907434e-05, 7.92042192188e-06, 5.81989024795e-06, 4.76764989799e-06, 5.52775327378e-06, 4.85392865812e-06, 3.04034278997e-06, 1.23466088553e-06, 3.87337593111e-07, 9.69094529069e-08, 7.46021378006e-09],
        "median": [0.000104942242615, 0.000220472051296, 0.000248356489465, 0.000295559933875, 0.000165170407854, 0.000135661102831, 0.000165759731317, 0.000128330240841, 6.85305567458e-05, 3.62476057489e-05, 3.61392339983e-05, 3.11509866151e-05, 2.45532392e-05, 2.06926360988e-05, 1.70678777067e-05, 1.15065186037e-05, 1.5550529497e-05, 1.23181998788e-05, 9.15866530704e-06, 1.0003578609e-05, 1.13976402645e-05, 1.00986653706e-05, 9.03983072931e-06, 8.64848698257e-06, 8.89660805115e-06, 8.58551084093e-06, 7.20729485693e-06, 6.29334317637e-06, 5.58673809792e-06, 4.50011930297e-06, 3.49554352397e-06, 2.50169273386e-06, 1.70941677879e-06, 1.91089816326e-06, 1.62542812632e-06, 1.05619312762e-06, 4.46324719405e-07, 1.14554111974e-07, 2.24806573357e-08, 1.57086244013e-09],
        "min": [1.64310370667e-23, 2.81861831593e-23, 4.76196595411e-24, 2.00317784691e-23, 1.47447900838e-23, 5.48064663776e-24, 1.20192835449e-23, 1.27694752774e-23, 4.63057485946e-24, 5.29091020727e-24, 1.54929473441e-23, 7.80926226692e-24, 2.31768738126e-23, 1.55521639768e-23, 1.10255728175e-23, 7.62401011624e-24, 5.54108166614e-24, 1.65958411539e-23, 1.11221262369e-23, 6.72061922936e-24, 7.38465867355e-24, 1.2240320004e-23, 9.78367303874e-24, 1.48878515867e-23, 9.82190597138e-24, 1.5734395579e-23, 9.82838961916e-24, 1.00621527712e-23, 1.03925048413e-23, 9.25716676022e-24, 9.96106971253e-24, 6.43610155553e-24, 9.43580667879e-24, 1.05833878812e-23, 1.10098287316e-23, 8.95737910585e-24, 9.52094133654e-24, 9.18657869756e-24, 8.42962642709e-24, 1.05932486425e-23],
        "var": [2.87821393385e-07, 1.28510464492e-06, 4.48963874078e-07, 2.73277521501e-07, 1.28675893052e-07, 2.61411514657e-07, 3.63253576552e-07, 3.76899720322e-07, 8.71248971634e-07, 2.41670221612e-07, 9.46393470258e-08, 8.71916014944e-08, 1.6271462755e-07, 6.33971311004e-08, 3.97306187949e-08, 1.5633320416e-08, 1.65256412998e-08, 1.17472689354e-08, 8.20600742912e-09, 6.85929091304e-09, 7.09837122415e-09, 8.22461299066e-09, 6.30640206722e-09, 1.30796351527e-09, 1.82740955701e-09, 9.32028565437e-10, 3.10894004985e-10, 4.42902242659e-10, 2.62468879964e-10, 2.54384874276e-10, 1.62115001978e-10, 1.53150547799e-10, 1.89893240021e-10, 1.86326773455e-10, 1.202057065e-10, 5.05665266604e-11, 1.04263984599e-11, 1.29901417314e-12, 8.03459607331e-14, 5.13122712689e-16]
    },
    "mfcc": {
        "mean": [-644.346618652, 113.537612915, -20.6769256592, 40.078704834, -23.1488628387, 14.0845899582, -19.9487781525, 11.9201345444, -15.6128721237, 9.76004600525, -10.2190332413, 8.58338737488, -6.00566291809],
        "cov": [[5980.09570312, -337.301818848, -530.085388184, 155.079956055, -455.262176514, 273.449920654, -282.194458008, 134.532272339, -294.105987549, 57.3031005859, -383.965789795, 53.2867469788, -213.638824463], [-337.301818848, 740.036376953, 6.48786020279, 40.0893325806, -27.138584137, -16.8691310883, 114.768768311, -42.9242935181, -33.4523048401, -22.2515792847, 8.17258834839, -20.6659412384, 8.72404289246], [-530.085388184, 6.48786020279, 623.002807617, 67.7137985229, 105.387481689, 18.3141708374, 28.4533672333, -2.76945948601, 5.75649547577, -55.0636978149, 43.1533050537, -9.62185287476, 22.0311412811], [155.079956055, 40.0893325806, 67.7137985229, 315.574829102, 113.047805786, -40.7128448486, -94.678604126, 3.20531344414, 13.1087865829, 0.380207568407, -39.6816596985, -11.9076251984, 17.933588028], [-455.262176514, -27.138584137, 105.387481689, 113.047805786, 295.51864624, -39.4925231934, -64.2060852051, -20.2001075745, 73.7729644775, -12.3616046906, 6.88980531693, -37.7728996277, 37.6821289062], [273.449920654, -16.8691310883, 18.3141708374, -40.7128448486, -39.4925231934, 162.179641724, 40.9574546814, 6.19447755814, -26.5243816376, -8.70453834534, -13.7195882797, -2.38607168198, -26.949968338], [-282.194458008, 114.768768311, 28.4533672333, -94.678604126, -64.2060852051, 40.9574546814, 268.835418701, -2.52578902245, -22.6472969055, -6.81469583511, 34.8823623657, 12.1102104187, -6.56951999664], [134.532272339, -42.9242935181, -2.76945948601, 3.20531344414, -20.2001075745, 6.19447755814, -2.52578902245, 100.038345337, 23.4829521179, 5.27315664291, -6.52360916138, 16.4201717377, 1.16208219528], [-294.105987549, -33.4523048401, 5.75649547577, 13.1087865829, 73.7729644775, -26.5243816376, -22.6472969055, 23.4829521179, 130.610534668, 26.9016571045, 28.6397190094, 0.319957494736, 14.1555147171], [57.3031005859, -22.2515792847, -55.0636978149, 0.380207568407, -12.3616046906, -8.70453834534, -6.81469583511, 5.27315664291, 26.9016571045, 92.0303192139, 19.6365623474, 6.86351203918, -2.05749750137], [-383.965789795, 8.17258834839, 43.1533050537, -39.6816596985, 6.88980531693, -13.7195882797, 34.8823623657, -6.52360916138, 28.6397190094, 19.6365623474, 113.194465637, 25.0889148712, 14.2537794113], [53.2867469788, -20.6659412384, -9.62185287476, -11.9076251984, -37.7728996277, -2.38607168198, 12.1102104187, 16.4201717377, 0.319957494736, 6.86351203918, 25.0889148712, 94.5803909302, 21.0478382111], [-213.638824463, 8.72404289246, 22.0311412811, 17.933588028, 37.6821289062, -26.949968338, -6.56951999664, 1.16208219528, 14.1555147171, -2.05749750137, 14.2537794113, 21.0478382111, 95.5525436401]],
