{
"lowlevel": {
    "average_loudness": 0.915713071823,
    "barkbands_crest": {
        "dmean": 2.66930317879,
        "dmean2": 4.25988864899,
        "dvar": 6.56880617142,
        "dvar2": 15.704416275,
        "max": 24.7623157501,
        "mean": 8.5854101181,
        "median": 7.64412164688,
        "min": 2.05746507645,
        "var": 18.0749340057
    },
    "barkbands_flatness_db": {
        "dmean": 0.0180438347161,
        "dmean2": 0.0275510083884,
        "dvar": 0.000273906305665,
        "dvar2": 0.000595754943788,
        "max": 0.251255065203,
        "mean": 0.0897869542241,
        "median": 0.0854476392269,
        "min": 0.0176475774497,
        "var": 0.00111248239409
    },
    "barkbands_kurtosis": {
        "dmean": 1.30756604671,
        "dmean2": 2.04514026642,
        "dvar": 6.34825992584,
        "dvar2": 15.9730396271,
        "max": 103.726463318,
        "mean": 0.919281244278,
        "median": 0.115796804428,
        "min": -1.92547869682,
        "var": 8.87946891785
    },
    "barkbands_skewness": {
        "dmean": 0.419254720211,
        "dmean2": 0.644690871239,
        "dvar": 0.180779367685,
        "dvar2": 0.414369642735,
        "max": 9.49728679657,
        "mean": 0.765261650085,
        "median": 0.722583949566,
        "min": -2.70129585266,
        "var": 0.6275780797
    },
    "barkbands_spread": {
        "dmean": 7.08932638168,
        "dmean2": 10.4019994736,
        "dvar": 57.699344635,
        "dvar2": 120.67666626,
        "max": 100.975975037,
        "mean": 29.1563949585,
        "median": 26.6469650269,
        "min": 2.41699409485,
        "var": 220.236358643
    },
    "dissonance": {
        "dmean": 0.0191086083651,
        "dmean2": 0.0321826525033,
        "dvar": 0.000390378205338,
        "dvar2": 0.0010724561289,
        "max": 0.499999940395,
        "mean": 0.466403096914,
        "median": 0.473413437605,
        "min": 0.282160133123,
        "var": 0.000730516621843
    },
    "dynamic_complexity": 2.07644152641,
    "erbbands_crest": {
        "dmean": 2.9625518322,
        "dmean2": 4.76317548752,
        "dvar": 8.77048873901,
        "dvar2": 21.1322689056,
        "max": 29.7572402954,
        "mean": 9.21882915497,
        "median": 7.9717092514,
        "min": 2.21096134186,
        "var": 22.6588783264
    },
    "erbbands_flatness_db": {
        "dmean": 0.019385561347,
        "dmean2": 0.0272456351668,
        "dvar": 0.000319337967085,
        "dvar2": 0.000615688215476,
        "max": 0.310140699148,
        "mean": 0.151985377073,
        "median": 0.150724381208,
        "min": 0.0484306626022,
        "var": 0.00168523925822
    },
    "erbbands_kurtosis": {
        "dmean": 0.943651854992,
        "dmean2": 1.4747954607,
        "dvar": 1.87752914429,
        "dvar2": 4.41485834122,
        "max": 23.9619026184,
        "mean": 0.490344196558,
        "median": -0.154786348343,
        "min": -1.7758936882,
        "var": 4.21284341812
    },
    "erbbands_skewness": {
        "dmean": 0.373397141695,
        "dmean2": 0.563301503658,
        "dvar": 0.129664182663,
        "dvar2": 0.291445076466,
        "max": 4.40522193909,
        "mean": 0.351817339659,
        "median": 0.306621074677,
        "min": -3.00018930435,
        "var": 0.592321932316
    },
    "erbbands_spread": {
        "dmean": 8.53894519806,
        "dmean2": 12.5022802353,
        "dvar": 75.4994735718,
        "dvar2": 158.623031616,
        "max": 138.145935059,
        "mean": 37.9632148743,
        "median": 34.7860679626,
        "min": 3.86110901833,
        "var": 346.336669922
    },
    "hfc": {
        "dmean": 8.99083137512,
        "dmean2": 12.9527130127,
        "dvar": 92.7221984863,
        "dvar2": 190.397155762,
        "max": 147.134109497,
        "mean": 37.8158988953,
        "median": 37.3119316101,
        "min": 1.17473543617e-16,
        "var": 391.59854126
    },
    "melbands_crest": {
        "dmean": 3.56192040443,
        "dmean2": 5.70587491989,
        "dvar": 10.817864418,
        "dvar2": 25.9230289459,
        "max": 31.9307804108,
        "mean": 11.8390865326,
        "median": 10.7721586227,
        "min": 1.02443158627,
        "var": 28.3170986176
    },
    "melbands_flatness_db": {
        "dmean": 0.0215012412518,
        "dmean2": 0.0321967452765,
        "dvar": 0.000399101234507,
        "dvar2": 0.000877252081409,
        "max": 0.338702172041,
        "mean": 0.119483813643,
        "median": 0.117724634707,
        "min": 1.13216819955e-05,
        "var": 0.00191285985056
    },
    "melbands_kurtosis": {
        "dmean": 3.272960186,
        "dmean2": 5.145216465,
        "dvar": 40.4646186829,
        "dvar2": 101.130699158,
        "max": 291.3487854,
        "mean": 5.33576583862,
        "median": 3.19504213333,
        "min": -1.82474565506,
        "var": 59.7062416077
    },
    "melbands_skewness": {
        "dmean": 0.540236055851,
        "dmean2": 0.817015767097,
        "dvar": 0.309588104486,
        "dvar2": 0.704889535904,
        "max": 13.3472337723,
        "mean": 1.64359152317,
        "median": 1.49322998524,
        "min": -1.39412927628,
        "var": 1.19353342056
    },
    "melbands_spread": {
        "dmean": 9.99111843109,
        "dmean2": 15.3103199005,
        "dvar": 150.427047729,
        "dvar2": 332.901123047,
        "max": 252.496871948,
        "mean": 37.1821022034,
        "median": 33.2963256836,
        "min": 1.38090717793,
        "var": 469.012176514
    },
    "pitch_salience": {
        "dmean": 0.0694720000029,
        "dmean2": 0.112051583827,
        "dvar": 0.0040264679119,
        "dvar2": 0.00999739952385,
        "max": 0.997573196888,
        "mean": 0.629399299622,
        "median": 0.638739526272,
        "min": 0.186595693231,
        "var": 0.0106301177293
    },
    "silence_rate_20dB": {
        "dmean": 0,
        "dmean2": 0,
        "dvar": 0,
        "dvar2": 0,
        "max": 1,
        "mean": 1,
        "median": 1,
        "min": 1,
        "var": 0
    },
    "silence_rate_30dB": {
        "dmean": 0,
        "dmean2": 0,
        "dvar": 0,
        "dvar2": 0,
        "max": 1,
        "mean": 1,
        "median": 1,
        "min": 1,
        "var": 0
    },
    "silence_rate_60dB": {
        "dmean": 0.00454302504659,
        "dmean2": 0.00908726453781,
        "dvar": 0.00452266726643,
        "dvar2": 0.0100749852136,
        "max": 1,
        "mean": 0.0285905152559,
        "median": 0,
        "min": 0,
        "var": 0.0277791507542
    },
    "spectral_centroid": {
        "dmean": 274.10244751,
        "dmean2": 415.779205322,
        "dvar": 83034.1875,
        "dvar2": 183486.703125,
        "max": 11022.7597656,
        "mean": 1840.98815918,
        "median": 1790.16003418,
        "min": 279.969146729,
        "var": 371708.8125
    },
    "spectral_complexity": {
        "dmean": 4.06600761414,
        "dmean2": 6.25364160538,
        "dvar": 15.7103004456,
        "dvar2": 35.2839584351,
        "max": 59,
        "mean": 24.1122245789,
        "median": 23,
        "min": 0,
        "var": 90.7716522217
    },
    "spectral_decrease": {
        "dmean": 1.50230416995e-09,
        "dmean2": 2.3246040648e-09,
        "dvar": 2.92305652064e-18,
        "dvar2": 6.59657720152e-18,
        "max": 5.51530062807e-29,
        "mean": -5.42268852044e-09,
        "median": -4.99157382094e-09,
        "min": -2.18755786818e-08,
        "var": 9.14026635937e-18
    },
    "spectral_energy": {
        "dmean": 0.00620062462986,
        "dmean2": 0.00951398350298,
        "dvar": 4.81430470245e-05,
        "dvar2": 0.000108186213765,
        "max": 0.0920162200928,
        "mean": 0.023896496743,
        "median": 0.0223307218403,
        "min": 1.08190813569e-20,
        "var": 0.000157790942467
    },
    "spectral_energyband_high": {
        "dmean": 0.000772124156356,
        "dmean2": 0.00106938858517,
        "dvar": 9.86486838883e-07,
        "dvar2": 2.01044349524e-06,
        "max": 0.0202232114971,
        "mean": 0.00210739509203,
        "median": 0.00175345945172,
        "min": 7.56796993609e-21,
        "var": 3.07459004034e-06
    },
    "spectral_energyband_low": {
        "dmean": 0.000735060253646,
        "dmean2": 0.00118574826047,
        "dvar": 2.31967646869e-06,
        "dvar2": 5.61286196898e-06,
        "max": 0.0259337313473,
        "mean": 0.00111934717279,
        "median": 0.000512023631018,
        "min": 4.39383344196e-23,
        "var": 3.16578439197e-06
    },
    "spectral_energyband_middle_high": {
        "dmean": 0.00332485605031,
        "dmean2": 0.00483735324815,
        "dvar": 2.05927681236e-05,
        "dvar2": 4.2211067921e-05,
        "max": 0.0863061919808,
        "mean": 0.0107069956139,
        "median": 0.00763852568343,
        "min": 1.33246073934e-21,
        "var": 0.000100113116787
    },
    "spectral_energyband_middle_low": {
        "dmean": 0.00458711665124,
        "dmean2": 0.0071484898217,
        "dvar": 3.7027621147e-05,
        "dvar2": 8.59739739099e-05,
        "max": 0.0792471244931,
        "mean": 0.0106294192374,
        "median": 0.00846619065851,
        "min": 2.36234104213e-22,
        "var": 7.75429580244e-05
    },
    "spectral_entropy": {
        "dmean": 0.152026742697,
        "dmean2": 0.210797637701,
        "dvar": 0.0206900984049,
        "dvar2": 0.039239179343,
        "max": 9.80554008484,
        "mean": 7.90499210358,
        "median": 7.93005895615,
        "min": 6.71626520157,
        "var": 0.103083118796
    },
    "spectral_flux": {
        "dmean": 0.0236414894462,
        "dmean2": 0.037241987884,
        "dvar": 0.000572957156692,
        "dvar2": 0.00144433858804,
        "max": 0.268807053566,
        "mean": 0.0966125056148,
        "median": 0.0905947908759,
        "min": 6.83926942857e-11,
        "var": 0.00149893481284
    },
    "spectral_kurtosis": {
        "dmean": 0.842002272606,
        "dmean2": 1.31561326981,
        "dvar": 0.750978112221,
        "dvar2": 1.81347513199,
        "max": 18.3971691132,
        "mean": 2.98256468773,
        "median": 2.77233505249,
        "min": -1.22187626362,
        "var": 2.74114012718
    },
    "spectral_rms": {
        "dmean": 0.000617882818915,
        "dmean2": 0.000937052944209,
        "dvar": 3.99127770834e-07,
        "dvar2": 8.51643790156e-07,
        "max": 0.00947480462492,
        "mean": 0.00463656196371,
        "median": 0.00466755498201,
        "min": 3.24887686198e-12,
        "var": 1.81585232895e-06
    },
    "spectral_rolloff": {
        "dmean": 873.389770508,
        "dmean2": 1388.19628906,
        "dvar": 1505067.75,
        "dvar2": 3158162.75,
        "max": 18863.0859375,
        "mean": 2992.87475586,
        "median": 2454.78515625,
        "min": 129.19921875,
        "var": 3970837
    },
    "spectral_skewness": {
        "dmean": 0.154124736786,
        "dmean2": 0.235166102648,
        "dvar": 0.0207444932312,
        "dvar2": 0.0453420989215,
        "max": 3.11873936653,
        "mean": 1.39903438091,
        "median": 1.39858984947,
        "min": 0.00896439794451,
        "var": 0.0963733121753
    },
    "spectral_spread": {
        "dmean": 708081.5625,
        "dmean2": 1025530.5,
        "dvar": 709772640256,
        "dvar2": 1.45779326976e+12,
        "max": 40098324,
        "mean": 5763125.5,
        "median": 5553633,
        "min": 2147426.75,
        "var": 2.88641646592e+12
    },
    "spectral_strongpeak": {
        "dmean": 0.926887631416,
        "dmean2": 1.49759197235,
        "dvar": 1.45927119255,
        "dvar2": 3.52886009216,
        "max": 15.1038894653,
        "mean": 1.85125946999,
        "median": 1.27003729343,
        "min": 0,
        "var": 3.26033520699
    },
    "zerocrossingrate": {
        "dmean": 0.0162322856486,
        "dmean2": 0.0183831397444,
        "dvar": 0.000304509652779,
        "dvar2": 0.00036391208414,
        "max": 0.55224609375,
        "mean": 0.109271734953,
        "median": 0.10205078125,
        "min": 0.01513671875,
        "var": 0.00206149625592
    },
    "barkbands": {
        "dmean": [0.000144138044561, 0.000219511275645, 0.000376217445591, 0.000602505519055, 0.00101016135886, 0.00104530551471, 0.000829208525829, 0.00129709008615, 0.00174008787144, 0.00143998034764, 0.000864434463438, 0.000570976291783, 0.000741597905289, 0.000708091363776, 0.000550316413864, 0.000613308162428, 0.00053160515381, 0.000319172715535, 0.000210818194319, 0.000167706384673, 0.000215838328586, 0.000186176461284, 0.000189314465388, 0.000136488015414, 0.000129264371935, 0.000114939408377, 3.87842760574e-07],
        "dmean2": [0.000257617561147, 0.000367086817278, 0.000628771143965, 0.000980488257483, 0.00160671374761, 0.00164381833747, 0.00131734053139, 0.0020665130578, 0.00274018384516, 0.00225782464258, 0.00133044610266, 0.000885271234438, 0.00112391891889, 0.00112855422776, 0.000887911592145, 0.000967701431364, 0.000849032250699, 0.000515400897712, 0.000335323769832, 0.000271000899374, 0.000342576560797, 0.000283636181848, 0.00027915922692, 0.000201478527742, 0.000188599165995, 0.000161937889061, 6.61114995637e-07],
        "dvar": [4.72153978137e-08, 1.87492943837e-07, 7.96069400621e-07, 2.95999234368e-06, 3.62244577445e-06, 3.63800563719e-06, 4.57899568573e-06, 9.62077501754e-06, 2.03355375561e-05, 1.50572559505e-05, 4.49057415608e-06, 1.86958766335e-06, 3.89649994759e-06, 3.22976779898e-06, 1.95108736989e-06, 1.63481229265e-06, 1.39581788972e-06, 3.02467412894e-07, 9.65751283388e-08, 5.97975358119e-08, 1.01648829798e-07, 6.83901077991e-08, 9.22740568399e-08, 5.35397504109e-08, 7.2811452867e-08, 3.11951282583e-08, 2.69349240177e-13],
        "dvar2": [1.30068414705e-07, 4.79170751078e-07, 2.07329617297e-06, 6.75288356433e-06, 8.56000860949e-06, 8.00410725788e-06, 1.02427420643e-05, 2.27983182413e-05, 4.69973529107e-05, 3.45093285432e-05, 1.02323574538e-05, 3.62750574823e-06, 9.12842915568e-06, 6.81144319969e-06, 4.21410140916e-06, 3.87518093703e-06, 3.13222017212e-06, 7.50257868276e-07, 2.33802836647e-07, 1.51738717591e-07, 2.60903021854e-07, 1.61197192483e-07, 1.97077156372e-07, 1.2185255116e-07, 1.53313266082e-07, 6.34282386613e-08, 7.46723375408e-13],
        "max": [0.00278074992821, 0.00879660062492, 0.0172797627747, 0.0218174941838, 0.0582257471979, 0.0365634411573, 0.0628112405539, 0.050091162324, 0.0768336728215, 0.0667791441083, 0.0617727227509, 0.0504504032433, 0.0569841042161, 0.0521244481206, 0.0481914654374, 0.0457253940403, 0.0377637110651, 0.0135704539716, 0.00665621692315, 0.00423631444573, 0.00697745941579, 0.00597264571115, 0.00992959551513, 0.00688539305702, 0.00676839472726, 0.00242088222876, 8.65976198838e-06],
        "mean": [0.000135188587592, 0.000292145618005, 0.000478290545288, 0.000683651072904, 0.00172222533729, 0.00186214107089, 0.00132580846548, 0.00192431546748, 0.00241189007647, 0.00231307535432, 0.0013229472097, 0.00093180820113, 0.00123164185788, 0.00106111285277, 0.000797597400378, 0.00107489223592, 0.00101484521292, 0.000627918867394, 0.000420251395553, 0.000329612754285, 0.000425887294114, 0.000391811161535, 0.000395980459871, 0.000280674779788, 0.000253806851106, 0.000186465869774, 5.04205502239e-07],
        "median": [6.44403990009e-05, 0.000126585335238, 0.000140287040267, 0.000134457455715, 0.000805994495749, 0.000933397910558, 0.000506248499732, 0.000488542311359, 0.000561030290555, 0.000522876973264, 0.000374712923076, 0.000337424018653, 0.000295997859212, 0.00033321956289, 0.000344771309756, 0.000461342715425, 0.00049820181448, 0.000362473394489, 0.000256269500824, 0.00023085004068, 0.000295410922263, 0.00027532473905, 0.000275687227258, 0.000191668077605, 0.000164239230799, 8.71250522323e-05, 3.57063584033e-07],
        "min": [7.46608410732e-24, 1.83668480856e-23, 1.44094863338e-23, 8.45497647228e-24, 3.20763970708e-23, 7.30347999546e-23, 2.93508226899e-23, 3.60000081977e-23, 2.32556384186e-23, 3.87542056077e-23, 8.0818679833e-23, 6.03035063339e-23, 3.54037177057e-23, 6.80977676218e-23, 1.01094777991e-22, 1.38125025909e-22, 8.70706991186e-23, 1.36795511294e-22, 2.21033373036e-22, 2.71790602188e-22, 3.9149003354e-22, 5.58014153011e-22, 4.62994607421e-22, 7.66474623074e-22, 1.22750977574e-21, 1.65160927437e-21, 2.11490877338e-21],
        "var": [4.59358986404e-08, 2.69998650992e-07, 9.45253702866e-07, 3.6524704683e-06, 6.54450604998e-06, 8.70830717759e-06, 7.84750045568e-06, 1.76092871698e-05, 3.20678227581e-05, 3.24045540765e-05, 9.61806654232e-06, 4.50922425443e-06, 1.06570614662e-05, 6.68962593409e-06, 2.84601219391e-06, 3.62892387784e-06, 3.68436849385e-06, 7.03771377175e-07, 2.56389938613e-07, 1.18145464967e-07, 2.11685630802e-07, 1.6583457807e-07, 2.10132881762e-07, 1.08996850656e-07, 1.47192508848e-07, 6.35134824734e-08, 2.86833843352e-13]
    },
    "erbbands": {
        "dmean": [0.00554931629449, 0.0589358061552, 0.359765052795, 1.18768405914, 2.50216841698, 3.36967325211, 7.21957826614, 9.4699678421, 11.3743152618, 17.2077941895, 29.5658740997, 41.3664131165, 43.5586929321, 39.212348938, 30.357837677, 20.101020813, 28.565908432, 33.2413787842, 31.3417510986, 24.5468063354, 33.4345970154, 27.1436195374, 19.4464359283, 12.7488718033, 8.66709423065, 7.82323598862, 8.86773586273, 8.2486743927, 6.67156076431, 6.72611093521, 5.09594249725, 3.18021941185, 2.24133229256, 1.54651200771, 0.9732183218, 0.540225028992, 0.200628101826, 0.0225639287382, 0.000402519130148, 2.09640511457e-05],
        "dmean2": [0.00946752820164, 0.0978661179543, 0.596060633659, 1.9381557703, 4.07684326172, 5.36228227615, 11.3063430786, 14.921626091, 18.3866443634, 26.9049053192, 46.6821594238, 65.0738830566, 68.8075942993, 59.2974853516, 45.4571533203, 30.1445178986, 42.7162361145, 50.2930908203, 48.5693016052, 39.0867347717, 52.1417961121, 42.6766090393, 31.2316112518, 20.4896183014, 13.7733259201, 12.5992746353, 14.392745018, 12.8287782669, 10.2167406082, 10.0919055939, 7.55006170273, 4.71660327911, 3.35272955894, 2.30493927002, 1.42144620419, 0.780125916004, 0.285316646099, 0.0322505198419, 0.000579530606046, 2.99796720356e-05],
        "dvar": [6.76888448652e-05, 0.0170535594225, 0.776088476181, 9.20302391052, 51.1604232788, 44.6054992676, 165.402252197, 384.776367188, 841.647521973, 1646.90014648, 5585.19287109, 12614.3466797, 11695.9951172, 10726.2705078, 3969.49536133, 2543.11621094, 4828.85205078, 6731.39306641, 6187.75683594, 2195.85083008, 6021.70703125, 3501.8984375, 1105.34655762, 378.678771973, 189.354598999, 127.408843994, 195.247055054, 141.62538147, 86.9157943726, 108.867271423, 66.8759384155, 33.8705940247, 14.2663984299, 9.99636459351, 4.05640602112, 0.720013618469, 0.0951238721609, 0.00139773555566, 4.02304920044e-07, 7.42725547731e-10],
        "dvar2": [0.000179382070201, 0.0436337403953, 2.00050449371, 21.7983646393, 122.76978302, 105.259590149, 372.297241211, 862.178527832, 1941.56359863, 3662.88598633, 12958.4248047, 29534.6308594, 26292.6816406, 23957.8359375, 8119.96191406, 4472.81298828, 10579.9335938, 14242.3164062, 12697.2978516, 5078.99804688, 14415.8564453, 7332.53076172, 2782.89038086, 938.832885742, 475.411773682, 326.84576416, 515.000305176, 345.793029785, 209.376541138, 245.542739868, 141.537750244, 78.1249923706, 32.0737457275, 22.0122356415, 8.31517982483, 1.50232601166, 0.196340709925, 0.00297055626288, 8.45676652261e-07, 1.48146694912e-09],
        "max": [0.151691153646, 2.78526759148, 15.1084184647, 41.4349899292, 135.450088501, 201.05619812, 227.199127197, 415.394470215, 1080.3729248, 953.68157959, 1410.88757324, 1842.03393555, 2049.24682617, 2064.49291992, 1412.54858398, 2587.45092773, 1793.6463623, 1906.60510254, 3116.51489258, 1047.91516113, 3048.97485352, 1661.13024902, 891.350891113, 430.535888672, 307.807403564, 205.396316528, 297.918212891, 263.663787842, 198.06791687, 302.574676514, 229.776641846, 174.57699585, 111.563201904, 79.1085510254, 50.7575340271, 15.0347089767, 4.25234556198, 0.462098240852, 0.00804984383285, 0.0003857210977],
        "mean": [0.00728383287787, 0.0764694735408, 0.471067279577, 1.46849417686, 3.11852192879, 5.65645265579, 12.5043029785, 16.6693935394, 19.5037879944, 27.8457698822, 41.8068351746, 58.4858970642, 67.7154464722, 60.5108795166, 53.3786888123, 37.0512619019, 50.1082992554, 54.4801902771, 53.0792999268, 43.1544723511, 62.5442810059, 57.2543067932, 40.6153106689, 26.2717914581, 17.33634758, 15.6680469513, 16.4590091705, 16.6589622498, 13.8831758499, 13.9345159531, 10.596581459, 6.39943170547, 4.43414306641, 3.02039933205, 1.79430580139, 0.903400659561, 0.316260576248, 0.0329621694982, 0.000666958163492, 6.19131751591e-05],
        "median": [0.00403323955834, 0.0301936473697, 0.135261386633, 0.436082035303, 0.924762487411, 2.61998534203, 6.08824396133, 7.87471199036, 8.29415416718, 10.4221096039, 13.9099235535, 16.0782642365, 21.2459468842, 18.0053710938, 19.0840053558, 14.9505777359, 15.2362098694, 18.0618362427, 22.3866157532, 24.273399353, 30.076751709, 27.7537307739, 24.0557918549, 16.1023540497, 11.4358129501, 10.9434976578, 11.0711889267, 11.6095714569, 9.7350025177, 9.65916728973, 7.30667114258, 4.18728399277, 3.02194023132, 1.99667406082, 1.05520379543, 0.459793448448, 0.14669688046, 0.0125453667715, 0.000325257977238, 5.32504636794e-05],
        "min": [3.59255611852e-22, 4.4968971221e-21, 1.75626599916e-20, 3.0329795312e-20, 3.26381171283e-20, 1.09813499593e-19, 3.18318435057e-19, 5.25479202026e-19, 3.03087635986e-19, 4.09300625168e-19, 7.29093742312e-19, 5.31487893695e-19, 1.59186555848e-18, 2.31980817557e-18, 2.21981175888e-18, 2.92196009274e-18, 2.04651100991e-18, 3.18104526151e-18, 4.09414533108e-18, 6.71038153738e-18, 6.60256350761e-18, 6.73143824705e-18, 8.80842383149e-18, 1.03293773674e-17, 1.08843179511e-17, 1.34030399029e-17, 1.48373024291e-17, 1.58063991107e-17, 1.71379332494e-17, 1.52823686121e-17, 1.45704159132e-17, 1.69160585937e-17, 1.25350031856e-17, 1.28686812272e-17, 9.35370294565e-18, 5.79349897766e-18, 3.1639879701e-18, 1.27521223799e-18, 2.80356480109e-19, 2.9119171249e-20],
        "var": [9.96616290649e-05, 0.0238355044276, 1.01169764996, 10.9783172607, 56.9685668945, 82.6711425781, 389.994781494, 838.623718262, 1624.22302246, 2891.83154297, 8320.74316406, 19395.5058594, 21422.6035156, 19202.328125, 10284.3671875, 6469.18945312, 12613.9658203, 14608.2890625, 15115.7255859, 3727.53564453, 13082.2666016, 11774.1279297, 2907.03149414, 1001.07702637, 381.662902832, 256.835540771, 329.59677124, 327.181243896, 205.071624756, 242.895294189, 155.712753296, 64.6826858521, 28.7497615814, 18.9450302124, 8.37648487091, 1.45821392536, 0.18507181108, 0.00244579929858, 7.3795587241e-07, 1.76914272121e-09]
    },
    "gfcc": {
        "mean": [40.5020599365, 36.9786872864, -132.6900177, 14.8705692291, -73.7422027588, 12.1571741104, -48.7075805664, 12.4450426102, -25.4050750732, 5.71520709991, -24.3400497437, 9.24561214447, -12.5682563782],
        "cov": [[2984.50927734, -345.168914795, -174.857040405, 10.8647031784, -211.909240723, 48.4062309265, -95.6231689453, 56.4589080811, -124.709709167, 36.3076057434, -108.416496277, 41.3418540955, -60.4029541016], [-345.168914795, 812.928222656, 27.0372772217, 4.62040519714, 90.7714996338, -70.4112930298, 50.2907142639, -96.2236175537, -3.27649307251, -100.696884155, 31.1887207031, -71.2800292969, -0.538007795811], [-174.857040405, 27.0372772217, 761.630187988, 189.961090088, -32.3276939392, -93.1667709351, -117.99886322, 9.74346542358, -47.8076934814, -19.536075592, -91.9199066162, -18.4588661194, -43.3554878235], [10.8647031784, 4.62040519714, 189.961090088, 336.989196777, 40.3690223694, -60.1094589233, -74.0011825562, 1.62610960007, 22.3978366852, -29.1451187134, -23.4425373077, -12.6645679474, -13.1847391129], [-211.909240723, 90.7714996338, -32.3276939392, 40.3690223694, 178.961288452, 31.5544204712, 27.7484531403, -0.195363208652, 0.664158761501, -0.505281031132, 19.0659618378, -2.50683951378, -4.35586547852], [48.4062309265, -70.4112930298, -93.1667709351, -60.1094589233, 31.5544204712, 208.069992065, 105.488563538, -24.7505531311, -34.401309967, 4.15667963028, 9.22525024414, -17.4947052002, -12.1079101562], [-95.6231689453, 50.2907142639, -117.99886322, -74.0011825562, 27.7484531403, 105.488563538, 177.621261597, -2.43960118294, -34.1940193176, -1.35995531082, 25.8606128693, -15.8881511688, -18.511505127], [56.4589080811, -96.2236175537, 9.74346542358, 1.62610960007, -0.195363208652, -24.7505531311, -2.43960118294, 107.812530518, 45.3626556396, 15.6302957535, -13.5244941711, 8.54555511475, 7.76892518997], [-124.709709167, -3.27649307251, -47.8076934814, 22.3978366852, 0.664158761501, -34.401309967, -34.1940193176, 45.3626556396, 140.589126587, 23.406627655, -13.0412464142, 8.05618190765, 20.180109024], [36.3076057434, -100.696884155, -19.536075592, -29.1451187134, -0.505281031132, 4.15667963028, -1.35995531082, 15.6302957535, 23.406627655, 81.4152603149, 22.5224266052, 11.6471509933, -2.81987500191], [-108.416496277, 31.1887207031, -91.9199066162, -23.4425373077, 19.0659618378, 9.22525024414, 25.8606128693, -13.5244941711, -13.0412464142, 22.5224266052, 99.3275756836, 26.0494880676, -7.20866298676], [41.3418540955, -71.2800292969, -18.4588661194, -12.6645679474, -2.50683951378, -17.4947052002, -15.8881511688, 8.54555511475, 8.05618190765, 11.6471509933, 26.0494880676, 86.0391921997, 28.2187023163], [-60.4029541016, -0.538007795811, -43.3554878235, -13.1847391129, -4.35586547852, -12.1079101562, -18.511505127, 7.76892518997, 20.180109024, -2.81987500191, -7.20866298676, 28.2187023163, 76.056968689]],
        "icov": [[0.000727694656234, -0.000621126557235, 0.000901763269212, -0.000666435575113, 0.00123334827367, -0.00100255315192, 0.00133596744854, -0.00149901083205, 0.00193063216284, -0.0015974889975, 0.0021465276368, -0.00168663111981, 0.00161909346934], [-0.000621126557235, 0.00350685464218, -0.00157898699399, 0.00152293499559, -0.00274658156559, 0.00327917584218, -0.00313970446587, 0.00436568725854, -0.0037253247574, 0.00522150564939, -0.00432163756341, 0.00455316854641, -0.00286683556624], [0.000901763269212, -0.00157898699399, 0.00343765318394, -0.00202106568031, 0.00220093363896, -0.00153795280494, 0.00302953249775, -0.00308892340399, 0.00434851273894, -0.00360268820077, 0.00524898665026, -0.00341420248151, 0.0037252062466], [-0.000666435575113, 0.00152293499559, -0.00202106568031, 0.00507517298684, -0.00291885994375, 0.00201450288296, -0.000771003076807, 0.00257032364607, -0.00356067367829, 0.00433991570026, -0.00330487173051, 0.00303481938317, -0.0014210161753], [0.00123334827367, -0.00274658156559, 0.00220093363896, -0.00291885994375, 0.00934867933393, -0.00394210079685, 0.00269123422913, -0.00459562242031, 0.00429711025208, -0.00482947053388, 0.00387860066257, -0.0044528930448, 0.00344151095487], [-0.00100255315192, 0.00327917584218, -0.00153795280494, 0.00201450288296, -0.00394210079685, 0.0108650755137, -0.00742987450212, 0.00618041399866, -0.00361101957969, 0.00412430753931, -0.00358468131162, 0.00525902537629, -0.00341618945822], [0.00133596744854, -0.00313970446587, 0.00302953249775, -0.000771003076807, 0.00269123422913, -0.00742987450212, 0.0136814145371, -0.00683913286775, 0.00648143095896, -0.00429955497384, 0.00403630174696, -0.00402634777129, 0.00562922423705], [-0.00149901083205, 0.00436568725854, -0.00308892340399, 0.00257032364607, -0.00459562242031, 0.00618041399866, -0.00683913286775, 0.017990168184, -0.00960404705256, 0.00553548894823, -0.00502486759797, 0.0054355408065, -0.0049958336167], [0.00193063216284, -0.0037253247574, 0.00434851273894, -0.00356067367829, 0.00429711025208, -0.00361101957969, 0.00648143095896, -0.00960404705256, 0.0168748013675, -0.00993093941361, 0.00943902228028, -0.00648649362847, 0.00405394425616], [-0.0015974889975, 0.00522150564939, -0.00360268820077, 0.00433991570026, -0.00482947053388, 0.00412430753931, -0.00429955497384, 0.00553548894823, -0.00993093941361, 0.0238333996385, -0.0121065331623, 0.00699013704434, -0.00398734211922], [0.0021465276368, -0.00432163756341, 0.00524898665026, -0.00330487173051, 0.00387860066257, -0.00358468131162, 0.00403630174696, -0.00502486759797, 0.00943902228028, -0.0121065331623, 0.0237184818834, -0.0128165697679, 0.00929045211524], [-0.00168663111981, 0.00455316854641, -0.00341420248151, 0.00303481938317, -0.0044528930448, 0.00525902537629, -0.00402634777129, 0.0054355408065, -0.00648649362847, 0.00699013704434, -0.0128165697679, 0.0228541325778, -0.0113943042234], [0.00161909346934, -0.00286683556624, 0.0037252062466, -0.0014210161753, 0.00344151095487, -0.00341618945822, 0.00562922423705, -0.0049958336167, 0.00405394425616, -0.00398734211922, 0.00929045211524, -0.0113943042234, 0.0217090547085]]
    },
    "melbands": {
        "dmean": [5.61611159355e-05, 0.000146239370224, 0.000249755277764, 0.000186255972949, 0.000236635518377, 0.000208994591958, 0.00016913782747, 0.000213323073694, 0.000250425451668, 0.000264644477284, 0.000225793177378, 0.000173757463926, 0.000110881963337, 6.90631131874e-05, 5.48027237528e-05, 7.3758441431e-05, 6.75708579365e-05, 5.83199616813e-05, 3.78095901397e-05, 4.10631691921e-05, 4.24579666287e-05, 3.46782289853e-05, 2.20810761675e-05, 1.60222316481e-05, 1.13478954518e-05, 7.05756610841e-06, 6.16114766672e-06, 5.51192033527e-06, 5.85501356909e-06, 5.87074782743e-06, 4.98799636262e-06, 4.11399787481e-06, 3.81675454264e-06, 4.09919130107e-06, 3.37534356731e-06, 2.5634612939e-06, 1.85357714599e-06, 1.62707226536e-06, 1.49421862261e-06, 1.42499072808e-06],
        "dmean2": [9.43895211094e-05, 0.000242120382609, 0.000405228813179, 0.000297794875223, 0.000371280970285, 0.000328923080815, 0.000270185031695, 0.000336622702889, 0.000400390505092, 0.000416994153056, 0.000357594777597, 0.000262227113126, 0.000166300131241, 0.000104071725218, 8.47750270623e-05, 0.000112417714263, 0.000102527905256, 9.09414884518e-05, 6.14359523752e-05, 6.59153956803e-05, 6.71144734952e-05, 5.46741430298e-05, 3.5679735447e-05, 2.61237146333e-05, 1.83563788596e-05, 1.1265637113e-05, 1.00120341813e-05, 9.0311968961e-06, 9.61515706877e-06, 9.52936261456e-06, 7.7825070548e-06, 6.45903628538e-06, 5.91854131926e-06, 6.26121345704e-06, 5.12071301273e-06, 3.89339220419e-06, 2.82948190033e-06, 2.48913147516e-06, 2.26808333537e-06, 2.16804619413e-06],
        "dvar": [7.83469111809e-09, 1.2591570453e-07, 4.55955444068e-07, 1.73898484945e-07, 1.65138658303e-07, 1.63875895964e-07, 1.79979878112e-07, 2.38707201561e-07, 4.1549375851e-07, 5.29276462657e-07, 3.16704955594e-07, 2.19424137526e-07, 6.50170264294e-08, 2.74966200919e-08, 1.87840836219e-08, 4.63598865963e-08, 2.84942167639e-08, 2.30624301878e-08, 7.38014316326e-09, 6.14603612448e-09, 1.18022844831e-08, 7.35581995315e-09, 1.59375734832e-09, 8.77889705375e-10, 3.37681022033e-10, 1.31305868956e-10, 9.64986354712e-11, 6.92723586826e-11, 8.58017545902e-11, 9.29056484522e-11, 5.28671412203e-11, 3.27402931155e-11, 3.57078949742e-11, 4.31478949792e-11, 2.89522971569e-11, 2.07296489002e-11, 1.19707056767e-11, 8.86812671907e-12, 5.26288040925e-12, 1.05628032362e-11],
        "dvar2": [1.99996126327e-08, 3.2383380244e-07, 1.04398202438e-06, 4.13386771925e-07, 3.75660192731e-07, 3.67305261761e-07, 4.08065517377e-07, 5.49512662928e-07, 9.74040176516e-07, 1.22987660234e-06, 7.15523469808e-07, 4.86777594233e-07, 1.39044360026e-07, 5.04594304118e-08, 4.18484695786e-08, 1.08222110384e-07, 5.80193670885e-08, 4.76733887922e-08, 1.70828755586e-08, 1.48740468831e-08, 2.89141919296e-08, 1.63032058964e-08, 3.67188301986e-09, 2.30841079585e-09, 8.44077530093e-10, 3.1242786136e-10, 2.57407956061e-10, 1.79915290999e-10, 2.22562482333e-10, 2.43638775821e-10, 1.28477353756e-10, 8.06333888548e-11, 8.7428835005e-11, 9.81267775368e-11, 6.42027056519e-11, 4.60525194368e-11, 2.83988353666e-11, 2.08949472308e-11, 1.15087279984e-11, 2.43557587293e-11],
        "max": [0.00147223914973, 0.0064775343053, 0.0100606502965, 0.0158993173391, 0.00763970520347, 0.00855656899512, 0.0149539625272, 0.00853962078691, 0.0115945953876, 0.0134112369269, 0.0103079155087, 0.00948655325919, 0.0062750694342, 0.0058949124068, 0.003294368973, 0.00720176333562, 0.00456056278199, 0.00554586481303, 0.00202982779592, 0.00154363363981, 0.00382685591467, 0.00243609864265, 0.000999599811621, 0.000612670788541, 0.000444952835096, 0.000333942211, 0.000212590603041, 0.000137538299896, 0.000179835944436, 0.00020737198065, 0.000196364606381, 9.94016882032e-05, 0.000142882301589, 0.000193922678591, 0.000150269595906, 0.000128823696286, 0.000105775456177, 9.86132581602e-05, 6.56632619211e-05, 8.97217178135e-05],
        "mean": [7.94343068264e-05, 0.000195715329028, 0.000313106895192, 0.000286413822323, 0.000424650148489, 0.000371014612028, 0.000288072915282, 0.000344217871316, 0.000342524406733, 0.00036600913154, 0.000345694454154, 0.000256655330304, 0.000178506277734, 0.000118699899758, 9.26420543692e-05, 0.000122749333968, 9.91586930468e-05, 9.23898842302e-05, 5.57655730518e-05, 6.90035667503e-05, 7.13852059562e-05, 6.18664780632e-05, 4.25817452196e-05, 2.99704715871e-05, 2.08581059269e-05, 1.27991952468e-05, 1.13449577839e-05, 1.00237784864e-05, 9.90031458059e-06, 1.04715454654e-05, 9.2887557912e-06, 7.82592360338e-06, 7.32715625418e-06, 7.92749960965e-06, 6.48995228403e-06, 4.80336530018e-06, 3.47882860297e-06, 3.04133527607e-06, 2.79763185063e-06, 2.54939573097e-06],
        "median": [4.41540323664e-05, 6.51114969514e-05, 9.27230867092e-05, 0.000122877056128, 0.000216356551391, 0.000184153846931, 0.000120398741274, 0.00010970668518, 0.00010498737538, 8.55517500895e-05, 9.57619558903e-05, 6.55599942547e-05, 5.52156343474e-05, 4.22555131081e-05, 2.77235121757e-05, 2.66637816821e-05, 2.90351708827e-05, 3.27598827425e-05, 2.55172071775e-05, 3.11498151859e-05, 3.34289470629e-05, 2.8367368941e-05, 2.26557676797e-05, 1.674442683e-05, 1.13747692012e-05, 7.64499418437e-06, 7.56931785872e-06, 6.61027797833e-06, 6.35501055513e-06, 6.66084724799e-06, 6.27887993687e-06, 5.30574880031e-06, 4.78675428894e-06, 5.4378342611e-06, 4.36857408204e-06, 3.0007447549e-06, 2.26213774113e-06, 2.01915167963e-06, 1.85573367162e-06, 1.58166346864e-06],
        "min": [4.12622097844e-24, 8.57460565083e-24, 5.56081304953e-24, 4.50075793675e-24, 1.05134332738e-23, 1.27891826005e-23, 4.98292352708e-24, 5.23527224206e-24, 6.04519494459e-24, 3.11256350866e-24, 7.44741808058e-24, 7.31769069358e-24, 9.60891273811e-24, 6.86693162803e-24, 5.55156681086e-24, 4.30851963389e-24, 6.18727549893e-24, 6.35245468945e-24, 7.01245832124e-24, 9.9895799345e-24, 5.94552276364e-24, 6.27681988915e-24, 7.2765894627e-24, 7.72646184859e-24, 8.42858986386e-24, 7.03329213775e-24, 9.08724296579e-24, 8.88274734219e-24, 7.49696406746e-24, 7.33571695412e-24, 9.00097471491e-24, 9.15280598448e-24, 9.30521548909e-24, 8.44410675787e-24, 7.92009880182e-24, 6.42405328293e-24, 1.17712270221e-23, 8.91745722202e-24, 9.08670259607e-24, 1.0415895356e-23],
        "var": [1.16193632493e-08, 1.67516319038e-07, 5.57347448193e-07, 2.43640840836e-07, 3.9307852262e-07, 3.64498930594e-07, 3.4640532931e-07, 4.64655840915e-07, 5.90725903749e-07, 8.09522930467e-07, 5.99116674493e-07, 3.96361855337e-07, 1.47585836885e-07, 7.52244986302e-08, 4.55619151296e-08, 1.35368139809e-07, 5.53517089941e-08, 5.83413637401e-08, 1.06336353056e-08, 1.20081518062e-08, 2.14588631309e-08, 1.72112155639e-08, 4.25664170578e-09, 1.87648474537e-09, 8.37677427423e-10, 2.6948579479e-10, 1.64395497215e-10, 1.23611593184e-10, 1.33331942709e-10, 1.66903754706e-10, 1.1266781258e-10, 6.89023629818e-11, 7.36224275988e-11, 8.6315565806e-11, 6.11699996211e-11, 4.26559204625e-11, 2.07577826455e-11, 1.54120778639e-11, 1.13587438066e-11, 1.75398705976e-11]
    },
    "mfcc": {
        "mean": [-599.724121094, 77.2197113037, -10.73914814, 2.23007011414, -5.9374628067, -3.94663596153, -13.7357931137, 1.30922055244, -0.211545735598, -4.0253276825, -3.87876486778, -1.68970835209, -1.99574148655],
        "cov": [[2296.69433594, -367.819549561, -160.832260132, -89.2134857178, -121.764923096, -23.5873775482, -3.42934656143, -3.16027164459, -10.97260952, -28.9354553223, 0.203686222434, -39.2260360718, -30.1784515381], [-367.819549561, 721.372741699, -7.10386800766, 21.6452960968, -3.12601232529, 8.61808586121, 38.1601295471, -2.25660443306, -47.2335395813, -5.38793420792, -20.5700435638, -39.4278450012, -15.5903253555], [-160.832260132, -7.10386800766, 617.178588867, 182.990539551, 80.7060470581, -38.3184509277, -62.0831489563, -32.5374259949, -3.1898496151, -21.5259609222, -41.5645561218, -19.2005157471, -27.9197635651], [-89.2134857178, 21.6452960968, 182.990539551, 328.475891113, 119.948829651, -51.5880889893, -62.8940734863, -9.23356151581, 0.937615633011, -29.387796402, -31.4984951019, 24.0622825623, 6.51237869263], [-121.764923096, -3.12601232529, 80.7060470581, 119.948829651, 184.260925293, -11.7133083344, -48.0077285767, -7.35631465912, 19.7729721069, -6.82264852524, -22.0929317474, 15.5212106705, 5.05581092834], [-23.5873775482, 8.61808586121, -38.3184509277, -51.5880889893, -11.7133083344, 174.071868896, 82.369972229, 18.9774093628, -17.6174316406, 15.6575775146, 15.4657487869, -29.657995224, -20.5892105103], [-3.42934656143, 38.1601295471, -62.0831489563, -62.8940734863, -48.0077285767, 82.369972229, 206.269134521, 26.446844101, -47.8288345337, 17.7643623352, 20.5585517883, -36.781627655, -6.89890813828], [-3.16027164459, -2.25660443306, -32.5374259949, -9.23356151581, -7.35631465912, 18.9774093628, 26.446844101, 88.8628921509, 18.3205451965, 2.4386382103, 4.43895530701, -5.05454587936, -0.492716282606], [-10.97260952, -47.2335395813, -3.1898496151, 0.937615633011, 19.7729721069, -17.6174316406, -47.8288345337, 18.3205451965, 117.208770752, 22.9895973206, -7.22224807739, 11.1074342728, -5.89831781387], [-28.9354553223, -5.38793420792, -21.5259609222, -29.387796402, -6.82264852524, 15.6575775146, 17.7643623352, 2.4386382103, 22.9895973206, 89.691192627, 23.9361991882, -14.1383275986, -4.45945882797], [0.203686222434, -20.5700435638, -41.5645561218, -31.4984951019, -22.0929317474, 15.4657487869, 20.5585517883, 4.43895530701, -7.22224807739, 23.9361991882, 77.0384292603, 15.8272180557, 8.04531478882], [-39.2260360718, -39.4278450012, -19.2005157471, 24.0622825623, 15.5212106705, -29.657995224, -36.781627655, -5.05454587936, 11.1074342728, -14.1383275986, 15.8272180557, 83.0945510864, 33.3194007874], [-30.1784515381, -15.5903253555, -27.9197635651, 6.51237869263, 5.05581092834, -20.5892105103, -6.89890813828, -0.492716282606, -5.89831781387, -4.45945882797, 8.04531478882, 33.3194007874, 73.8880081177]],
