{
"lowlevel": {
    "average_loudness": 0.952550888062,
    "barkbands_crest": {
        "dmean": 2.37850189209,
        "dmean2": 3.89069128036,
        "dvar": 4.65885257721,
        "dvar2": 11.3259849548,
        "max": 24.6452617645,
        "mean": 8.52505683899,
        "median": 7.26320886612,
        "min": 2.16810822487,
        "var": 18.5914649963
    },
    "barkbands_flatness_db": {
        "dmean": 0.0175327025354,
        "dmean2": 0.0274229105562,
        "dvar": 0.000229197772569,
        "dvar2": 0.000554133148398,
        "max": 0.271948814392,
        "mean": 0.119642294943,
        "median": 0.115263856947,
        "min": 0.0385391451418,
        "var": 0.0011290286202
    },
    "barkbands_kurtosis": {
        "dmean": 1.0702739954,
        "dmean2": 1.76018309593,
        "dvar": 2.50175261497,
        "dvar2": 6.52785682678,
        "max": 27.1482143402,
        "mean": 0.419989526272,
        "median": -0.0738477706909,
        "min": -1.89494466782,
        "var": 4.07133722305
    },
    "barkbands_skewness": {
        "dmean": 0.413953065872,
        "dmean2": 0.647911608219,
        "dvar": 0.175224304199,
        "dvar2": 0.403539717197,
        "max": 4.87228870392,
        "mean": 0.571051359177,
        "median": 0.532578825951,
        "min": -4.85441160202,
        "var": 0.553847432137
    },
    "barkbands_spread": {
        "dmean": 5.8538517952,
        "dmean2": 9.06600284576,
        "dvar": 43.5823745728,
        "dvar2": 101.684890747,
        "max": 87.0162963867,
        "mean": 25.8538246155,
        "median": 23.7033443451,
        "min": 2.25914168358,
        "var": 161.711166382
    },
    "dissonance": {
        "dmean": 0.0163488276303,
        "dmean2": 0.0279743783176,
        "dvar": 0.000277987215668,
        "dvar2": 0.000781037553679,
        "max": 0.499999970198,
        "mean": 0.472160160542,
        "median": 0.477541446686,
        "min": 0.328228652477,
        "var": 0.000512672879267
    },
    "dynamic_complexity": 2.05187726021,
    "erbbands_crest": {
        "dmean": 2.72103214264,
        "dmean2": 4.38965129852,
        "dvar": 6.50103569031,
        "dvar2": 15.9430084229,
        "max": 31.9759273529,
        "mean": 9.7956867218,
        "median": 8.11051177979,
        "min": 2.2834084034,
        "var": 28.9518032074
    },
    "erbbands_flatness_db": {
        "dmean": 0.0184705797583,
        "dmean2": 0.0264408178627,
        "dvar": 0.000289907504339,
        "dvar2": 0.000542262685485,
        "max": 0.343692928553,
        "mean": 0.179335176945,
        "median": 0.17990167439,
        "min": 0.0704944655299,
        "var": 0.00213989056647
    },
    "erbbands_kurtosis": {
        "dmean": 0.83735793829,
        "dmean2": 1.35460436344,
        "dvar": 1.39990007877,
        "dvar2": 3.36612439156,
        "max": 26.2726593018,
        "mean": 0.322023242712,
        "median": -0.176216363907,
        "min": -1.83963322639,
        "var": 3.370470047
    },
    "erbbands_skewness": {
        "dmean": 0.357355773449,
        "dmean2": 0.558778166771,
        "dvar": 0.109825022519,
        "dvar2": 0.258108109236,
        "max": 3.98273992538,
        "mean": 0.157544896007,
        "median": 0.172322839499,
        "min": -3.87388205528,
        "var": 0.589170336723
    },
    "erbbands_spread": {
        "dmean": 7.49132394791,
        "dmean2": 11.3968877792,
        "dvar": 74.5611801147,
        "dvar2": 154.110366821,
        "max": 120.612091064,
        "mean": 33.6588172913,
        "median": 30.0412330627,
        "min": 3.07356309891,
        "var": 308.648468018
    },
    "hfc": {
        "dmean": 7.2850818634,
        "dmean2": 10.9279050827,
        "dvar": 72.69506073,
        "dvar2": 145.795715332,
        "max": 187.297393799,
        "mean": 30.4022865295,
        "median": 30.4243545532,
        "min": 1.1776854931e-16,
        "var": 302.1746521
    },
    "melbands_crest": {
        "dmean": 3.16813373566,
        "dmean2": 5.14061355591,
        "dvar": 8.68174648285,
        "dvar2": 21.0841579437,
        "max": 32.0959129333,
        "mean": 11.2330970764,
        "median": 9.70330429077,
        "min": 1.87654685974,
        "var": 30.9216690063
    },
    "melbands_flatness_db": {
        "dmean": 0.0201602056623,
        "dmean2": 0.031686540693,
        "dvar": 0.00037034790148,
        "dvar2": 0.000921868951991,
        "max": 0.291349798441,
        "mean": 0.122046001256,
        "median": 0.117689371109,
        "min": 0.00345537648536,
        "var": 0.001504952088
    },
    "melbands_kurtosis": {
        "dmean": 2.84425711632,
        "dmean2": 4.61002111435,
        "dvar": 27.0518493652,
        "dvar2": 67.8865432739,
        "max": 73.9614639282,
        "mean": 3.70855808258,
        "median": 1.88984489441,
        "min": -1.80097258091,
        "var": 36.4794082642
    },
    "melbands_skewness": {
        "dmean": 0.52921038866,
        "dmean2": 0.81775534153,
        "dvar": 0.361649125814,
        "dvar2": 0.813857853413,
        "max": 7.87986707687,
        "mean": 1.34691631794,
        "median": 1.17795670033,
        "min": -1.81776750088,
        "var": 1.12391972542
    },
    "melbands_spread": {
        "dmean": 9.84942340851,
        "dmean2": 15.5316429138,
        "dvar": 132.044189453,
        "dvar2": 295.355926514,
        "max": 217.760971069,
        "mean": 38.0463027954,
        "median": 34.0686569214,
        "min": 3.54915452003,
        "var": 402.999938965
    },
    "pitch_salience": {
        "dmean": 0.0630071237683,
        "dmean2": 0.102453425527,
        "dvar": 0.00314709637314,
        "dvar2": 0.00803131330758,
        "max": 0.911138415337,
        "mean": 0.590056598186,
        "median": 0.599554777145,
        "min": 0.141372159123,
        "var": 0.0164940431714
    },
    "silence_rate_20dB": {
        "dmean": 0,
        "dmean2": 0,
        "dvar": 0,
        "dvar2": 0,
        "max": 1,
        "mean": 1,
        "median": 1,
        "min": 1,
        "var": 0
    },
    "silence_rate_30dB": {
        "dmean": 0,
        "dmean2": 0,
        "dvar": 0,
        "dvar2": 0,
        "max": 1,
        "mean": 1,
        "median": 1,
        "min": 1,
        "var": 0
    },
    "silence_rate_60dB": {
        "dmean": 0.0105263162404,
        "dmean2": 0.0210550948977,
        "dvar": 0.0104170171544,
        "dvar2": 0.0243541132659,
        "max": 1,
        "mean": 0.0295871831477,
        "median": 0,
        "min": 0,
        "var": 0.0287069380283
    },
    "spectral_centroid": {
        "dmean": 281.893615723,
        "dmean2": 440.249420166,
        "dvar": 92294.1171875,
        "dvar2": 207250.546875,
        "max": 11745.3017578,
        "mean": 2065.3293457,
        "median": 2067.18994141,
        "min": 453.038146973,
        "var": 364876.3125
    },
    "spectral_complexity": {
        "dmean": 3.70315790176,
        "dmean2": 5.9487657547,
        "dvar": 14.3119421005,
        "dvar2": 34.8165206909,
        "max": 53,
        "mean": 22.9794178009,
        "median": 22,
        "min": 0,
        "var": 73.6404876709
    },
    "spectral_decrease": {
        "dmean": 1.13972431492e-09,
        "dmean2": 1.77316927807e-09,
        "dvar": 1.97305178804e-18,
        "dvar2": 4.68607536383e-18,
        "max": 2.74649936021e-28,
        "mean": -4.24876400729e-09,
        "median": -4.11958733793e-09,
        "min": -2.40886244285e-08,
        "var": 4.97361782042e-18
    },
    "spectral_energy": {
        "dmean": 0.00475371396169,
        "dmean2": 0.0073437388055,
        "dvar": 3.19342689181e-05,
        "dvar2": 7.40780960768e-05,
        "max": 0.0945582836866,
        "mean": 0.0187933556736,
        "median": 0.0185220204294,
        "min": 1.06642572185e-20,
        "var": 9.02098472579e-05
    },
    "spectral_energyband_high": {
        "dmean": 0.000692307541613,
        "dmean2": 0.00104282225948,
        "dvar": 1.23083088965e-06,
        "dvar2": 2.5192675821e-06,
        "max": 0.0303797014058,
        "mean": 0.00175439228769,
        "median": 0.00122389767785,
        "min": 7.66090093142e-21,
        "var": 3.83204132959e-06
    },
    "spectral_energyband_low": {
        "dmean": 0.000745424244087,
        "dmean2": 0.00122614437714,
        "dvar": 4.23349729317e-06,
        "dvar2": 1.07670912257e-05,
        "max": 0.0600205883384,
        "mean": 0.000848761701491,
        "median": 0.000328392605297,
        "min": 1.83376302554e-23,
        "var": 3.6541564441e-06
    },
    "spectral_energyband_middle_high": {
        "dmean": 0.00292348838411,
        "dmean2": 0.0044690198265,
        "dvar": 1.20735694509e-05,
        "dvar2": 2.79683899862e-05,
        "max": 0.0426583923399,
        "mean": 0.00982616376132,
        "median": 0.00790243502706,
        "min": 1.24269326557e-21,
        "var": 6.01647734584e-05
    },
    "spectral_energyband_middle_low": {
        "dmean": 0.0028493097052,
        "dmean2": 0.00450526317582,
        "dvar": 2.23301904043e-05,
        "dvar2": 5.48266689293e-05,
        "max": 0.0634496286511,
        "mean": 0.00688894232735,
        "median": 0.00499007990584,
        "min": 2.7074231333e-22,
        "var": 4.14070818806e-05
    },
    "spectral_entropy": {
        "dmean": 0.147635087371,
        "dmean2": 0.207397937775,
        "dvar": 0.0194430407137,
        "dvar2": 0.035721540451,
        "max": 9.81924724579,
        "mean": 7.71464776993,
        "median": 7.75341272354,
        "min": 6.12490844727,
        "var": 0.146141007543
    },
    "spectral_flux": {
        "dmean": 0.0193824414164,
        "dmean2": 0.0305879097432,
        "dvar": 0.000440942647401,
        "dvar2": 0.0010201606201,
        "max": 0.244649872184,
        "mean": 0.0827819481492,
        "median": 0.0814831629395,
        "min": 6.67971095103e-11,
        "var": 0.00103676086292
    },
    "spectral_kurtosis": {
        "dmean": 1.06578028202,
        "dmean2": 1.76408946514,
        "dvar": 1.15248572826,
        "dvar2": 3.12240290642,
        "max": 19.7575016022,
        "mean": 3.52952241898,
        "median": 3.48837327957,
        "min": -1.24768519402,
        "var": 3.13140416145
    },
    "spectral_rms": {
        "dmean": 0.000538498512469,
        "dmean2": 0.000819527427666,
        "dvar": 3.48847351006e-07,
        "dvar2": 7.43281134419e-07,
        "max": 0.00960478931665,
        "mean": 0.00411682296544,
        "median": 0.00425091339275,
        "min": 3.22554699964e-12,
        "var": 1.38681730277e-06
    },
    "spectral_rolloff": {
        "dmean": 724.023376465,
        "dmean2": 1196.81726074,
        "dvar": 1134795,
        "dvar2": 2588828.75,
        "max": 19573.6816406,
        "mean": 2876.14746094,
        "median": 2627.05078125,
        "min": 193.798828125,
        "var": 2427037
    },
    "spectral_skewness": {
        "dmean": 0.173434749246,
        "dmean2": 0.28013086319,
        "dvar": 0.026794962585,
        "dvar2": 0.0648739635944,
        "max": 2.66692447662,
        "mean": 1.37214803696,
        "median": 1.40592443943,
        "min": -0.235713496804,
        "var": 0.0989561751485
    },
    "spectral_spread": {
        "dmean": 583403.6875,
        "dmean2": 832086.75,
        "dvar": 593204871168,
        "dvar2": 1.07218704794e+12,
        "max": 41430888,
        "mean": 4742542.5,
        "median": 4314118,
        "min": 2133350,
        "var": 2.75653853184e+12
    },
    "spectral_strongpeak": {
        "dmean": 1.05683970451,
        "dmean2": 1.74396693707,
        "dvar": 2.02534031868,
        "dvar2": 4.83533000946,
        "max": 19.4184551239,
        "mean": 2.19436693192,
        "median": 1.42266356945,
        "min": 0,
        "var": 4.86175441742
    },
    "zerocrossingrate": {
        "dmean": 0.0121615156531,
        "dmean2": 0.0143862767145,
        "dvar": 0.000224714443902,
        "dvar2": 0.000270778749837,
        "max": 0.64990234375,
        "mean": 0.100651204586,
        "median": 0.0966796875,
        "min": 0.021484375,
        "var": 0.00132359960116
    },
    "barkbands": {
        "dmean": [1.1416772395e-05, 0.000220406058361, 0.000319767772453, 0.000780869915616, 0.000865386100486, 0.00067328318255, 0.000637345656287, 0.00050398753956, 0.000724216282833, 0.000851692457218, 0.000919934012927, 0.000686404877342, 0.000379837525543, 0.000420606433181, 0.000542648427654, 0.000647635140922, 0.000446160120191, 0.000334119657055, 0.000305396300973, 0.000312199583277, 0.000326695037074, 0.000101620418718, 0.00010322828166, 8.5660321929e-05, 7.74439540692e-05, 2.54381884588e-05, 9.69083147062e-10],
        "dmean2": [1.99804471777e-05, 0.000378786236979, 0.000553836114705, 0.00128977757413, 0.00146408122964, 0.00109521031845, 0.00103807949927, 0.00080187455751, 0.00111912563443, 0.00131224107463, 0.00146631384268, 0.00108493980952, 0.000622557650786, 0.000680891156662, 0.000863954774104, 0.00102607440203, 0.000714593392331, 0.0005344619276, 0.000484265823616, 0.000491597922519, 0.000514228129759, 0.000163626478752, 0.000156605368829, 0.000128577419673, 0.000113314847113, 3.86241990782e-05, 1.78454873101e-09],
        "dvar": [4.00290051106e-10, 3.18196526905e-07, 1.04544972146e-06, 6.1845385062e-06, 3.71711030311e-06, 1.81374355179e-06, 1.33768480737e-06, 1.16298531339e-06, 2.6951415748e-06, 3.76263506041e-06, 5.18051820109e-06, 2.87247712549e-06, 6.98828216628e-07, 9.72967427515e-07, 1.39690678225e-06, 9.87144630926e-07, 8.76028877883e-07, 3.78490881303e-07, 2.50558372272e-07, 3.33539816211e-07, 4.63042738374e-07, 9.02977319583e-08, 7.31309057755e-08, 5.42879590171e-08, 2.55528753712e-08, 3.08731284981e-09, 4.3520465976e-18],
        "dvar2": [1.13124787315e-09, 8.40953362058e-07, 2.86441945718e-06, 1.52543461809e-05, 1.01135219666e-05, 4.53919847132e-06, 3.36922539645e-06, 2.65392077381e-06, 5.97217604081e-06, 8.22127185529e-06, 1.21657931231e-05, 6.73487147651e-06, 1.76134733465e-06, 2.30005207413e-06, 3.18313141179e-06, 2.18833815779e-06, 2.00977569875e-06, 8.84707560544e-07, 5.5640151686e-07, 7.90506192061e-07, 1.0492757383e-06, 1.82897665013e-07, 1.40835624052e-07, 1.13482734321e-07, 5.15617273322e-08, 6.75874822775e-09, 1.26624105066e-17],
        "max": [0.000368441978935, 0.00882910285145, 0.0373650416732, 0.0383296906948, 0.0259623657912, 0.0387799218297, 0.0202179215848, 0.0241857785732, 0.0309756249189, 0.0354213826358, 0.038688313216, 0.0366790406406, 0.0223446451128, 0.0228258483112, 0.0300885606557, 0.0174557194114, 0.0270215403289, 0.0151532553136, 0.00987681467086, 0.0126792797819, 0.0146628981456, 0.0126701975241, 0.00902433227748, 0.00622345274314, 0.00405663950369, 0.00108240428381, 6.23480929107e-08],
        "mean": [1.13204596346e-05, 0.000234498933423, 0.000311036536004, 0.000754501030315, 0.00134633749258, 0.00112309504766, 0.00098371040076, 0.00085050490452, 0.00135870440863, 0.00143207213841, 0.00171007448807, 0.00127052154858, 0.000604993256275, 0.000673165603075, 0.000923150219023, 0.00118131260388, 0.000841998902615, 0.000624034029897, 0.000615409808233, 0.000619498314336, 0.000604686560109, 0.000173967680894, 0.000192200852325, 0.000165092133102, 0.000146881531691, 4.06099825341e-05, 7.72864883203e-10],
        "median": [4.81648658024e-06, 0.000100785226095, 9.02866886463e-05, 0.00017067391309, 0.000731524429284, 0.000508996890858, 0.00042445352301, 0.000312046642648, 0.000389458262362, 0.00039205988287, 0.000335607066518, 0.000327441084664, 0.000221811467782, 0.000233481507166, 0.000285955669824, 0.000612755597103, 0.000341543694958, 0.000350970221916, 0.000360880745575, 0.000321678555338, 0.000299168663332, 7.4326635513e-05, 0.00010100891086, 0.000100966833998, 8.15094826976e-05, 1.67904145201e-05, 3.05612896101e-10],
        "min": [1.65207836025e-25, 8.60590134067e-24, 4.59674298182e-24, 5.14607100634e-24, 2.66693614107e-23, 2.26053156878e-23, 2.95517739614e-23, 4.51685630013e-23, 2.85959080471e-23, 3.0222605498e-23, 2.79510111017e-23, 5.82467440056e-23, 3.5601721793e-23, 2.29852516101e-23, 9.51370606209e-23, 1.48644568122e-22, 1.23729841623e-22, 1.65192661103e-22, 2.16689589348e-22, 2.60346186828e-22, 3.24935391444e-22, 3.86152890956e-22, 5.69369761565e-22, 7.38620032863e-22, 9.7205394592e-22, 1.549913113e-21, 2.35501915075e-21],
        "var": [3.60852764336e-10, 2.54541419054e-07, 7.38993833238e-07, 5.48032994629e-06, 4.52518770544e-06, 4.39948689746e-06, 2.47882235271e-06, 3.04675563711e-06, 8.46692273626e-06, 1.02829972093e-05, 1.80162132892e-05, 1.05713743324e-05, 1.19379978969e-06, 1.81978668934e-06, 3.13529722007e-06, 2.28427347793e-06, 2.46260924541e-06, 8.9049132157e-07, 6.33238300907e-07, 8.56521012338e-07, 1.14748479518e-06, 1.54771612415e-07, 1.31739000153e-07, 9.06941224343e-08, 5.0075346536e-08, 5.26100629727e-09, 2.85086598705e-18]
    },
    "erbbands": {
        "dmean": [0.00377358053811, 0.0631540343165, 0.335089594126, 1.43040513992, 2.92427539825, 2.82523727417, 4.28215026855, 6.19469594955, 8.36512947083, 9.29694080353, 10.780456543, 15.0168876648, 24.1907520294, 29.7752017975, 34.4553527832, 22.9072875977, 15.8874320984, 16.8744258881, 26.8240642548, 27.1948719025, 32.9808959961, 22.3853130341, 17.2648200989, 17.7072734833, 10.8461694717, 12.1470508575, 19.065164566, 5.60089635849, 3.81674933434, 3.19539117813, 2.94994258881, 2.01279234886, 1.35305547714, 0.88645195961, 0.553644418716, 0.215605661273, 0.0203979965299, 0.000427803926868, 2.31106914725e-05, 7.56981171435e-06],
        "dmean2": [0.0063725374639, 0.10845439136, 0.581095695496, 2.38561010361, 4.95557165146, 4.74881267548, 6.97103786469, 9.98805809021, 13.6184549332, 15.2003850937, 16.908121109, 23.406255722, 36.9982452393, 45.8691978455, 54.7169914246, 36.3109664917, 25.9590969086, 27.2805023193, 42.4710159302, 42.6339073181, 52.1289825439, 35.358833313, 27.7200336456, 27.6271343231, 17.1271781921, 18.9243278503, 29.2718925476, 8.92582511902, 6.14203453064, 5.00522279739, 4.5319776535, 3.06670880318, 2.04510641098, 1.31152951717, 0.81646156311, 0.322683900595, 0.0313931666315, 0.000645970925689, 3.37975288858e-05, 1.1259533494e-05],
        "dvar": [4.64205440949e-05, 0.0297537688166, 1.12085080147, 18.742351532, 79.6397781372, 29.9709014893, 83.7814407349, 156.485076904, 238.43170166, 370.566802979, 623.925598145, 1167.17199707, 3353.77124023, 5168.80566406, 8166.39550781, 2953.99658203, 1231.67810059, 1249.49304199, 4129.43408203, 2649.23388672, 2598.51831055, 2261.96728516, 1099.81103516, 829.52142334, 279.232208252, 414.30368042, 1566.20349121, 145.013305664, 119.097366333, 83.7632064819, 62.8796195984, 32.295009613, 13.2003993988, 3.6979637146, 1.42339670658, 0.219781517982, 0.00204953504726, 8.73816929925e-07, 2.19498064169e-09, 8.5095160085e-11],
        "dvar2": [0.00011738606554, 0.0793937891722, 3.03801751137, 47.1112480164, 211.348571777, 80.8494338989, 204.108413696, 391.530334473, 591.64855957, 977.005493164, 1362.93835449, 2667.14282227, 7215.7578125, 12009.0625, 19931.9257812, 7110.00878906, 3040.08129883, 3120.44482422, 9249.72070312, 6064.19287109, 6019.62207031, 5140.04296875, 2700.26611328, 1769.87609863, 626.166931152, 907.641906738, 3387.34765625, 315.746520996, 250.740936279, 163.215606689, 123.536071777, 67.2099380493, 28.4128742218, 7.48858547211, 3.04171848297, 0.47252959013, 0.00466794753447, 1.93606683752e-06, 4.59897231408e-09, 1.73678668669e-10],
        "max": [0.0941975861788, 3.23656821251, 35.2736816406, 67.8745193481, 127.980514526, 130.823043823, 288.21786499, 259.223693848, 334.365112305, 542.708557129, 624.254394531, 745.711303711, 1357.75927734, 1584.37182617, 1814.5333252, 1654.85180664, 1185.89025879, 807.024597168, 1881.39953613, 1069.4161377, 1164.21459961, 1817.46057129, 743.609313965, 892.493652344, 432.710205078, 451.759490967, 936.198913574, 447.917602539, 496.724609375, 418.418121338, 287.381195068, 157.70451355, 97.5346755981, 58.7685203552, 34.0907859802, 9.14889431, 0.731100440025, 0.0150834722444, 0.000847876712214, 0.000147240236402],
        "mean": [0.00457012839615, 0.0632335171103, 0.323563665152, 1.44518482685, 3.3326895237, 4.37192678452, 7.35033273697, 10.2509775162, 13.4932355881, 15.2471780777, 19.3859844208, 28.9498748779, 45.45520401, 54.6593170166, 71.9017562866, 44.7859687805, 27.5458202362, 30.0468349457, 47.7144241333, 51.5613250732, 65.9901504517, 47.1751251221, 35.4496116638, 37.3204727173, 23.8664875031, 27.4821891785, 39.6489562988, 11.1041927338, 6.52611684799, 5.72196149826, 5.42332649231, 3.78922080994, 2.55997991562, 1.6615473032, 1.00108647346, 0.356222480536, 0.0318883769214, 0.000713202462066, 5.33230086148e-05, 3.07260015688e-05],
        "median": [0.00218055350706, 0.0253087580204, 0.100880898535, 0.406685858965, 1.41524362564, 2.28782439232, 3.00508141518, 4.81726741791, 6.3795747757, 6.73621416092, 7.83628606796, 9.87145996094, 13.805147171, 16.1035900116, 17.3967514038, 14.0320358276, 11.5581979752, 12.5678462982, 16.0966930389, 25.618724823, 36.2009773254, 22.1217460632, 21.126285553, 21.5381355286, 16.4432754517, 14.8468790054, 15.834482193, 7.39015483856, 3.04944515228, 2.6922416687, 2.82479977608, 2.18319201469, 1.55836319923, 0.961345613003, 0.520618736744, 0.155054003, 0.0126325348392, 0.000308557908284, 3.46208726114e-05, 3.00453757518e-05],
        "min": [1.62656164059e-22, 1.16483721282e-21, 7.23599586065e-21, 1.00303008271e-20, 2.86313705634e-20, 9.5354059368e-20, 1.6254532014e-19, 2.80762884284e-19, 1.66765505153e-19, 1.07658022013e-18, 8.03510012144e-19, 8.6326274786e-19, 1.23084340731e-18, 8.59904704766e-19, 1.52591217349e-18, 3.28806258044e-18, 2.14142005903e-18, 2.07439733631e-18, 2.60726832768e-18, 5.81429512544e-18, 8.08240161759e-18, 8.34599760903e-18, 9.51856335045e-18, 9.9055143051e-18, 1.24008783308e-17, 1.20748566729e-17, 1.09384370699e-17, 9.68931658994e-18, 1.36276756875e-17, 1.72721780453e-17, 1.43687294275e-17, 1.56543666228e-17, 1.28329950013e-17, 1.00458719658e-17, 7.18747491287e-18, 4.97503684876e-18, 2.43999793216e-18, 1.38192412048e-18, 3.03059511846e-19, 3.34947660502e-20],
        "var": [5.20610446983e-05, 0.0225815847516, 0.799018800259, 16.3194599152, 63.7226486206, 47.0376853943, 234.767883301, 325.59463501, 454.476776123, 638.624206543, 1608.18945312, 3565.68041992, 10744.5488281, 14717.8388672, 32248.7519531, 10993.8066406, 2136.17089844, 2451.48461914, 8795.28710938, 5914.76757812, 6694.98095703, 6907.83154297, 2431.81933594, 2688.75195312, 715.803039551, 1393.9173584, 5379.49023438, 250.697631836, 193.01322937, 153.442687988, 107.502700806, 51.7440757751, 21.3839683533, 6.84447002411, 2.54371142387, 0.385803669691, 0.00333148380741, 1.4999538962e-06, 4.16816092752e-09, 2.43144310241e-10]
    },
    "gfcc": {
        "mean": [12.3201408386, 55.3222007751, -156.458877563, 28.6251392365, -77.0205841064, 12.7075519562, -51.8901557922, 15.2030296326, -34.0414428711, 2.04583835602, -18.4910182953, -2.12103557587, -2.77035498619],
        "cov": [[2573.41113281, -208.63621521, -59.7269363403, 105.79813385, -145.981292725, -10.7384529114, -106.700332642, 61.8403282166, -52.0140266418, 31.4950294495, -75.4642791748, -55.2812957764, -40.4466590881], [-208.63621521, 772.076171875, 181.029266357, 147.182632446, 96.9571456909, -110.54359436, 85.7714004517, -82.1308822632, -23.8066368103, -57.0417404175, 33.3441390991, -67.1270065308, 49.3873634338], [-59.7269363403, 181.029266357, 937.652893066, 260.569671631, -32.2278785706, -3.96922326088, -160.226806641, 0.814632475376, -55.1486587524, 43.9026756287, -42.6585655212, 53.4842834473, -120.002586365], [105.79813385, 147.182632446, 260.569671631, 353.086303711, 6.7883644104, -82.2005310059, -31.7817840576, -39.3547058105, 5.18274497986, -26.3683795929, 9.0554227829, -21.4082775116, 5.55619812012], [-145.981292725, 96.9571456909, -32.2278785706, 6.7883644104, 158.378265381, 21.7992572784, 44.6341133118, 10.3584899902, -23.3321495056, 6.66313934326, -4.97593975067, -4.05907821655, 22.5078773499], [-10.7384529114, -110.54359436, -3.96922326088, -82.2005310059, 21.7992572784, 233.134857178, 49.5905647278, -31.8938522339, -3.2249341011, -3.58401417732, -11.3881578445, 25.6029987335, -52.9986724854], [-106.700332642, 85.7714004517, -160.226806641, -31.7817840576, 44.6341133118, 49.5905647278, 191.101593018, 4.93661737442, -29.9763431549, -21.8050441742, 9.6525888443, -24.6052341461, 52.6227302551], [61.8403282166, -82.1308822632, 0.814632475376, -39.3547058105, 10.3584899902, -31.8938522339, 4.93661737442, 146.150894165, 41.7131652832, 14.0559520721, -34.0895843506, 0.476442247629, 9.4716501236], [-52.0140266418, -23.8066368103, -55.1486587524, 5.18274497986, -23.3321495056, -3.2249341011, -29.9763431549, 41.7131652832, 121.163963318, -1.10718560219, -12.8620405197, -9.56351566315, -10.1616611481], [31.4950294495, -57.0417404175, 43.9026756287, -26.3683795929, 6.66313934326, -3.58401417732, -21.8050441742, 14.0559520721, -1.10718560219, 99.540435791, 21.7178497314, -5.20467233658, -26.067653656], [-75.4642791748, 33.3441390991, -42.6585655212, 9.0554227829, -4.97593975067, -11.3881578445, 9.6525888443, -34.0895843506, -12.8620405197, 21.7178497314, 95.5721893311, 18.4603404999, 1.56867241859], [-55.2812957764, -67.1270065308, 53.4842834473, -21.4082775116, -4.05907821655, 25.6029987335, -24.6052341461, 0.476442247629, -9.56351566315, -5.20467233658, 18.4603404999, 104.10307312, -3.88339591026], [-40.4466590881, 49.3873634338, -120.002586365, 5.55619812012, 22.5078773499, -52.9986724854, 52.6227302551, 9.4716501236, -10.1616611481, -26.067653656, 1.56867241859, -3.88339591026, 117.368682861]],
        "icov": [[0.00066394591704, -0.000580015999731, 0.0010059379274, -0.00119827932213, 0.00143587088678, -0.00113854918163, 0.00130459771026, -0.00151320325676, 0.00187710754108, -0.0011190607911, 0.00109990767669, -0.000204542666324, 0.00019832754333], [-0.000580015999731, 0.00414168881252, -0.00333623541519, 0.00280072749592, -0.00440188031644, 0.00430874107406, -0.00433707563207, 0.00493446411565, -0.00471462868154, 0.00425627827644, -0.00329425558448, 0.00271958182566, -0.000479069363791], [0.0010059379274, -0.00333623541519, 0.00565246026963, -0.00525870546699, 0.00486696651205, -0.00458307703957, 0.0053852298297, -0.00579819642007, 0.00709363957867, -0.00520688807592, 0.00482938811183, -0.00337253254838, 0.00211089570075], [-0.00119827932213, 0.00280072749592, -0.00525870546699, 0.00855130795389, -0.00535410409793, 0.00574215315282, -0.00479570496827, 0.00671902671456, -0.00740296533331, 0.00591608695686, -0.00474191829562, 0.00325269810855, -0.00130134390201], [0.00143587088678, -0.00440188031644, 0.00486696651205, -0.00535410409793, 0.0133310109377, -0.00668200338259, 0.00486360723153, -0.00764605542645, 0.00865544378757, -0.00687224697322, 0.00531166885048, -0.00283882720396, -0.000502530427184], [-0.00113854918163, 0.00430874107406, -0.00458307703957, 0.00574215315282, -0.00668200338259, 0.0126744834706, -0.00895461812615, 0.00909439660609, -0.00812092330307, 0.00536067970097, -0.00209130602889, 0.00020219470025, 0.00364455464296], [0.00130459771026, -0.00433707563207, 0.0053852298297, -0.00479570496827, 0.00486360723153, -0.00895461812615, 0.0148882884532, -0.00886016245931, 0.00976151414216, -0.00377765204757, 0.00208141026087, 0.000323749351082, -0.00293973484077], [-0.00151320325676, 0.00493446411565, -0.00579819642007, 0.00671902671456, -0.00764605542645, 0.00909439660609, -0.00886016245931, 0.0178634487092, -0.0122192315757, 0.00392737239599, -0.000950655899942, 0.0012380577391, -0.000872371543664], [0.00187710754108, -0.00471462868154, 0.00709363957867, -0.00740296533331, 0.00865544378757, -0.00812092330307, 0.00976151414216, -0.0122192315757, 0.020289639011, -0.00600616214797, 0.00555982021615, -0.00186725798994, 0.00180316600017], [-0.0011190607911, 0.00425627827644, -0.00520688807592, 0.00591608695686, -0.00687224697322, 0.00536067970097, -0.00377765204757, 0.00392737239599, -0.00600616214797, 0.0185618177056, -0.00932232383639, 0.00562068400905, 0.00124805106316], [0.00109990767669, -0.00329425558448, 0.00482938811183, -0.00474191829562, 0.00531166885048, -0.00209130602889, 0.00208141026087, -0.000950655899942, 0.00555982021615, -0.00932232383639, 0.0187459047884, -0.00698215141892, 0.00203731958754], [-0.000204542666324, 0.00271958182566, -0.00337253254838, 0.00325269810855, -0.00283882720396, 0.00020219470025, 0.000323749351082, 0.0012380577391, -0.00186725798994, 0.00562068400905, -0.00698215141892, 0.0148076619953, -0.00275645917282], [0.00019832754333, -0.000479069363791, 0.00211089570075, -0.00130134390201, -0.000502530427184, 0.00364455464296, -0.00293973484077, -0.000872371543664, 0.00180316600017, 0.00124805106316, 0.00203731958754, -0.00275645917282, 0.0144553799182]]
    },
    "melbands": {
        "dmean": [4.62276402686e-05, 0.000138661285746, 0.000307320529828, 0.000190698847291, 0.000145475496538, 0.000136109534651, 0.000128097148263, 0.000103737453173, 8.67080161697e-05, 0.000104385828308, 0.00012472520757, 0.000121839882922, 0.000113580390462, 9.17633733479e-05, 4.10905813624e-05, 3.80884994229e-05, 3.33773605234e-05, 4.67151548946e-05, 4.07834631915e-05, 4.41426454927e-05, 4.06174076488e-05, 2.79221058008e-05, 1.72030286194e-05, 1.65028777701e-05, 1.62824744621e-05, 1.04473774627e-05, 7.09995265424e-06, 9.84847883956e-06, 1.47143491631e-05, 7.50433264329e-06, 2.5769493277e-06, 2.37749031839e-06, 1.90200819361e-06, 1.92465154214e-06, 1.85817975762e-06, 1.55297936999e-06, 1.22238282074e-06, 1.00100407963e-06, 9.4887599289e-07, 7.78055948558e-07],
        "dmean2": [7.79421170591e-05, 0.000239635381149, 0.000511280493811, 0.000324594962876, 0.00023582704307, 0.00022018137679, 0.000208402532735, 0.000168434649822, 0.000135675276397, 0.000162194788572, 0.000190452963579, 0.000188191013876, 0.000179726281203, 0.000147687329445, 6.66639389237e-05, 6.22515144642e-05, 5.39831453352e-05, 7.41537587601e-05, 6.52369781164e-05, 6.9109359174e-05, 6.48180066491e-05, 4.40820913354e-05, 2.82305354631e-05, 2.61245186266e-05, 2.54501865129e-05, 1.66048303072e-05, 1.14540862342e-05, 1.55688030645e-05, 2.28761982726e-05, 1.18360867418e-05, 4.18937997892e-06, 3.89649494537e-06, 3.06071660816e-06, 3.02174203171e-06, 2.90844673145e-06, 2.38651136897e-06, 1.89348088497e-06, 1.53902806233e-06, 1.46214733832e-06, 1.17377726383e-06],
        "dvar": [1.06439026482e-08, 1.8460248441e-07, 9.09105438041e-07, 2.07106552352e-07, 8.61061622004e-08, 7.25898630094e-08, 5.25103622806e-08, 4.24525623544e-08, 3.96219235199e-08, 5.8188433627e-08, 8.55935340383e-08, 8.66868177241e-08, 7.81838025432e-08, 5.8449327156e-08, 9.43914368889e-09, 6.82067469171e-09, 5.67644109495e-09, 1.39584166448e-08, 8.55897486218e-09, 5.91404969441e-09, 4.69805927494e-09, 4.06100619799e-09, 1.1089594798e-09, 1.20978072005e-09, 7.84491138717e-10, 3.4619895839e-10, 1.16976400788e-10, 3.2348809742e-10, 9.91605353384e-10, 2.47736359205e-10, 3.87514430267e-11, 4.3815465145e-11, 3.85690299143e-11, 2.59742713449e-11, 2.39455521384e-11, 1.8214136796e-11, 1.20348123828e-11, 8.14713747854e-12, 3.86569378938e-12, 3.09670301554e-12],
        "dvar2": [2.7035719441e-08, 5.00175644902e-07, 2.29152169595e-06, 5.53944232706e-07, 2.12856576809e-07, 1.82275940119e-07, 1.30802177978e-07, 1.09814394023e-07, 8.58218456301e-08, 1.31806203285e-07, 1.84014979254e-07, 2.00179172793e-07, 1.84822042115e-07, 1.48443575654e-07, 2.20281552998e-08, 1.70221348128e-08, 1.40215563604e-08, 3.13768921956e-08, 1.97493008613e-08, 1.25220758207e-08, 1.09698312656e-08, 9.14500208893e-09, 2.83468670759e-09, 2.8368059013e-09, 1.69849778686e-09, 7.89207754703e-10, 2.78587097835e-10, 7.38644312381e-10, 2.16870232883e-09, 5.47493217429e-10, 8.2351486741e-11, 9.65167459843e-11, 8.35261859677e-11, 5.25325512257e-11, 4.75830416735e-11, 3.79894310454e-11, 2.66664346854e-11, 1.82030154838e-11, 8.20329221218e-12, 6.52381274002e-12],
        "max": [0.0014307484962, 0.0136108053848, 0.0137888295576, 0.00648674461991, 0.00769148999825, 0.00552231259644, 0.00455776415765, 0.00549839856103, 0.00473783910275, 0.00494786398485, 0.00665089208633, 0.00636341329664, 0.00620919000357, 0.00547255435959, 0.00324192503467, 0.00219989521429, 0.00167133938521, 0.0033406119328, 0.00267304829322, 0.00162063271273, 0.00147905631457, 0.00247123255394, 0.000860343454406, 0.00114840269089, 0.000799379311502, 0.000421107921284, 0.000254884100286, 0.000405325758038, 0.000783222028986, 0.000469911465188, 0.000247502379352, 0.000258142856183, 0.000305624300381, 0.000203461619094, 0.000185846263776, 0.000120688215247, 0.000106242216134, 7.85988231655e-05, 5.38858039363e-05, 5.24896240677e-05],
        "mean": [5.33932470717e-05, 0.000137935159728, 0.000320548948366, 0.000267432740657, 0.000256281811744, 0.000227247641305, 0.000206281110877, 0.000171954568941, 0.000153314540512, 0.000198344889213, 0.000227498952881, 0.000214075305848, 0.000227881522733, 0.00018219287449, 6.59012512187e-05, 6.08321970503e-05, 5.3959320212e-05, 7.61041956139e-05, 7.00534365023e-05, 7.65633958508e-05, 7.58800451877e-05, 5.19342829648e-05, 3.26464796672e-05, 3.02593489323e-05, 3.11480180244e-05, 1.98355337488e-05, 1.3769121324e-05, 1.93985124497e-05, 2.95402078336e-05, 1.31975393742e-05, 4.3079076022e-06, 3.74973751605e-06, 3.05941262013e-06, 3.27036059389e-06, 3.22257346852e-06, 2.73437012765e-06, 2.15027375816e-06, 1.77305969373e-06, 1.6788225139e-06, 1.34501783577e-06],
        "median": [2.51800229307e-05, 4.99226589454e-05, 0.000104748629383, 0.000143432582263, 0.000113646601676, 0.000108062871732, 9.62339472608e-05, 7.35014182283e-05, 5.83221844863e-05, 5.79286315769e-05, 6.42501981929e-05, 5.5323507695e-05, 5.08872180944e-05, 4.16133043473e-05, 2.13279108721e-05, 2.13373095903e-05, 1.97694698727e-05, 2.34832532442e-05, 2.14071133087e-05, 3.62163737009e-05, 3.52315510099e-05, 1.99773712666e-05, 1.82479743671e-05, 1.69077375176e-05, 1.63680088008e-05, 1.17618865261e-05, 9.26024040382e-06, 9.13982057682e-06, 9.76355750026e-06, 6.32771480014e-06, 2.10041480386e-06, 1.6311323634e-06, 1.18496905088e-06, 1.58151988217e-06, 1.5821000261e-06, 1.45933813656e-06, 1.21892833249e-06, 1.03032664356e-06, 1.0006864386e-06, 7.29295948076e-07],
        "min": [2.32297270989e-24, 4.24903439404e-24, 2.55603318408e-24, 4.50283382422e-24, 6.16964130226e-24, 6.13573527169e-24, 3.1329910618e-24, 1.15656546034e-23, 5.4864652758e-24, 5.28078557198e-24, 5.77505781063e-24, 3.61760843183e-24, 3.87615838238e-24, 8.51454414809e-24, 6.47169298742e-24, 4.12997792851e-24, 3.18061242528e-24, 1.81889177474e-24, 6.93517204064e-24, 5.84785113395e-24, 8.30003077986e-24, 7.85100010855e-24, 8.61970640651e-24, 6.64271605952e-24, 8.37267619176e-24, 7.21908623587e-24, 7.26077043496e-24, 6.93533849029e-24, 5.30845013507e-24, 6.45391166819e-24, 5.18084241732e-24, 6.66403660321e-24, 9.17676053473e-24, 8.62340695301e-24, 6.79168613059e-24, 8.45037268004e-24, 9.46794171662e-24, 8.49875825252e-24, 7.76228086685e-24, 8.43364251796e-24],
        "var": [9.85125225839e-09, 1.32968594357e-07, 7.84790756825e-07, 2.01973790581e-07, 2.31136809248e-07, 1.53937847358e-07, 1.00695856986e-07, 8.32779818438e-08, 1.04266632661e-07, 1.85844726275e-07, 2.74561415381e-07, 2.44189720888e-07, 3.0681249541e-07, 2.33149947348e-07, 1.77926331446e-08, 1.29101804802e-08, 1.02241219935e-08, 2.81750125453e-08, 2.08231920595e-08, 1.24442127714e-08, 1.16219291968e-08, 1.14931015816e-08, 2.40362663106e-09, 2.57740473408e-09, 2.3150616979e-09, 7.60362661723e-10, 2.59139459891e-10, 9.16302145271e-10, 3.54498563837e-09, 4.97956731405e-10, 6.45745817929e-11, 6.72019800918e-11, 5.94550311761e-11, 4.61652348294e-11, 4.03886785127e-11, 2.80075927728e-11, 1.7861130977e-11, 1.22484921511e-11, 6.83295217282e-12, 5.28124202356e-12]
    },
    "mfcc": {
        "mean": [-616.294128418, 81.4718475342, -24.2449321747, 8.80853748322, -5.33707761765, -10.4746932983, -4.12187194824, -3.67583847046, -2.49627065659, -2.15072989464, -12.2854204178, -1.34229552746, -1.36993074417],
        "cov": [[1871.0123291, -318.509521484, -102.705612183, -22.9978694916, -52.4666099548, -55.8984642029, -51.7719497681, -27.095331192, 16.0384635925, 68.2754516602, -24.0734577179, -0.784264266491, -26.7457542419], [-318.509521484, 637.039367676, 78.9421157837, 160.710449219, 24.123298645, 3.19709563255, 86.8193740845, -27.1840076447, -8.68228149414, 18.8016777039, -35.4591140747, -25.5455169678, -7.6108880043], [-102.705612183, 78.9421157837, 810.689147949, 228.924224854, 135.850448608, 56.7337532043, -68.7243270874, -4.7104845047, -80.0826263428, -47.2084617615, 38.3496856689, -9.1799621582, 24.9483585358], [-22.9978694916, 160.710449219, 228.924224854, 433.817443848, 77.736907959, -59.8401260376, 15.00685215, -43.3498344421, -4.53169488907, -9.71945858002, -65.9976119995, 12.6605815887, 13.0773334503], [-52.4666099548, 24.123298645, 135.850448608, 77.736907959, 156.870620728, 3.63799834251, -38.7525215149, -1.1448264122, -7.21558141708, -2.5685801506, 15.067481041, -5.7015247345, 12.0206756592], [-55.8984642029, 3.19709563255, 56.7337532043, -59.8401260376, 3.63799834251, 218.413574219, 42.5839805603, 23.2009525299, -33.7399482727, -27.5014152527, 37.3864135742, -20.1502990723, -15.1181621552], [-51.7719497681, 86.8193740845, -68.7243270874, 15.00685215, -38.7525215149, 42.5839805603, 188.384658813, -4.6532087326, 7.03759002686, 5.14321231842, -33.8177642822, -4.28635692596, -1.52986896038], [-27.095331192, -27.1840076447, -4.7104845047, -43.3498344421, -1.1448264122, 23.2009525299, -4.6532087326, 122.345283508, 40.9539604187, -26.155544281, 10.3547029495, -3.68043279648, 8.38749504089], [16.0384635925, -8.68228149414, -80.0826263428, -4.53169488907, -7.21558141708, -33.7399482727, 7.03759002686, 40.9539604187, 133.816390991, 25.3818130493, -18.7137088776, -8.58509731293, -9.34665203094], [68.2754516602, 18.8016777039, -47.2084617615, -9.71945858002, -2.5685801506, -27.5014152527, 5.14321231842, -26.155544281, 25.3818130493, 134.85949707, 11.3848104477, -22.0502929688, -28.5078468323], [-24.0734577179, -35.4591140747, 38.3496856689, -65.9976119995, 15.067481041, 37.3864135742, -33.8177642822, 10.3547029495, -18.7137088776, 11.3848104477, 118.288818359, 19.1686534882, -8.65875053406], [-0.784264266491, -25.5455169678, -9.1799621582, 12.6605815887, -5.7015247345, -20.1502990723, -4.28635692596, -3.68043279648, -8.58509731293, -22.0502929688, 19.1686534882, 89.0072174072, 31.4754600525], [-26.7457542419, -7.6108880043, 24.9483585358, 13.0773334503, 12.0206756592, -15.1181621552, -1.52986896038, 8.38749504089, -9.34665203094, -28.5078468323, -8.65875053406, 31.4754600525, 90.7091369629]],
