{
"lowlevel": {
    "average_loudness": 0.938470780849,
    "barkbands_crest": {
        "dmean": 2.54302930832,
        "dmean2": 4.09708118439,
        "dvar": 6.10242795944,
        "dvar2": 15.1947450638,
        "max": 26.4871711731,
        "mean": 9.80844688416,
        "median": 8.63188457489,
        "min": 2.52929353714,
        "var": 21.9893951416
    },
    "barkbands_flatness_db": {
        "dmean": 0.0156307239085,
        "dmean2": 0.0242306850851,
        "dvar": 0.000257334904745,
        "dvar2": 0.000559196516406,
        "max": 0.404278635979,
        "mean": 0.205163255334,
        "median": 0.198744609952,
        "min": 0.0300412792712,
        "var": 0.00173527689185
    },
    "barkbands_kurtosis": {
        "dmean": 1.31581580639,
        "dmean2": 2.12473106384,
        "dvar": 11.1746606827,
        "dvar2": 29.3926753998,
        "max": 116.103927612,
        "mean": 1.12591004372,
        "median": 0.103963851929,
        "min": -1.84161639214,
        "var": 15.6010990143
    },
    "barkbands_skewness": {
        "dmean": 0.409432023764,
        "dmean2": 0.641072511673,
        "dvar": 0.219478085637,
        "dvar2": 0.516830086708,
        "max": 10.759144783,
        "mean": 0.421098321676,
        "median": 0.32535380125,
        "min": -2.52965092659,
        "var": 0.805554747581
    },
    "barkbands_spread": {
        "dmean": 2.52610516548,
        "dmean2": 3.92734694481,
        "dvar": 6.6309762001,
        "dvar2": 15.7534885406,
        "max": 59.1707077026,
        "mean": 12.2661352158,
        "median": 11.3233480453,
        "min": 0.831158459187,
        "var": 32.3829040527
    },
    "dissonance": {
        "dmean": 0.0234957113862,
        "dmean2": 0.0396526344121,
        "dvar": 0.00051103963051,
        "dvar2": 0.00141053157859,
        "max": 0.500000119209,
        "mean": 0.454714536667,
        "median": 0.461612790823,
        "min": 0.216456547379,
        "var": 0.00120048597455
    },
    "dynamic_complexity": 2.47330117226,
    "erbbands_crest": {
        "dmean": 2.94276571274,
        "dmean2": 4.78262996674,
        "dvar": 7.84648036957,
        "dvar2": 19.6102848053,
        "max": 32.2535247803,
        "mean": 11.0039510727,
        "median": 9.94411849976,
        "min": 2.8709795475,
        "var": 22.6256446838
    },
    "erbbands_flatness_db": {
        "dmean": 0.0143290478736,
        "dmean2": 0.0216372404248,
        "dvar": 0.000189753307495,
        "dvar2": 0.000381918129278,
        "max": 0.440941691399,
        "mean": 0.284292817116,
        "median": 0.286082357168,
        "min": 0.0273067653179,
        "var": 0.00164429168217
    },
    "erbbands_kurtosis": {
        "dmean": 0.919253587723,
        "dmean2": 1.47991371155,
        "dvar": 1.7005443573,
        "dvar2": 4.15378952026,
        "max": 31.3329200745,
        "mean": 0.604351937771,
        "median": 0.0699498653412,
        "min": -1.89083242416,
        "var": 4.31258916855
    },
    "erbbands_skewness": {
        "dmean": 0.378030180931,
        "dmean2": 0.596652090549,
        "dvar": 0.127714306116,
        "dvar2": 0.315366864204,
        "max": 3.98930001259,
        "mean": 0.179289579391,
        "median": 0.0928403139114,
        "min": -3.13868284225,
        "var": 0.528810083866
    },
    "erbbands_spread": {
        "dmean": 3.46697068214,
        "dmean2": 5.37427091599,
        "dvar": 13.2632312775,
        "dvar2": 30.1729488373,
        "max": 84.0965194702,
        "mean": 16.8751678467,
        "median": 15.5328359604,
        "min": 1.34263026714,
        "var": 63.6612510681
    },
    "hfc": {
        "dmean": 4.98126220703,
        "dmean2": 7.46705818176,
        "dvar": 34.0815505981,
        "dvar2": 67.4934082031,
        "max": 102.30556488,
        "mean": 25.6610546112,
        "median": 25.2154693604,
        "min": 1.19717691236e-16,
        "var": 227.770095825
    },
    "melbands_crest": {
        "dmean": 3.00604510307,
        "dmean2": 4.83155059814,
        "dvar": 9.32613945007,
        "dvar2": 23.0180339813,
        "max": 39.1267051697,
        "mean": 11.6411495209,
        "median": 10.493727684,
        "min": 2.09956383705,
        "var": 30.0922660828
    },
    "melbands_flatness_db": {
        "dmean": 0.0161451436579,
        "dmean2": 0.0249297171831,
        "dvar": 0.000315191602567,
        "dvar2": 0.000670096545946,
        "max": 0.47098249197,
        "mean": 0.245267286897,
        "median": 0.240763261914,
        "min": 0.00741872191429,
        "var": 0.00203944789246
    },
    "melbands_kurtosis": {
        "dmean": 2.03882098198,
        "dmean2": 3.28214931488,
        "dvar": 38.2030677795,
        "dvar2": 97.0621109009,
        "max": 267.215759277,
        "mean": 2.43507242203,
        "median": 0.726112127304,
        "min": -1.78375768661,
        "var": 50.5025939941
    },
    "melbands_skewness": {
        "dmean": 0.439662367105,
        "dmean2": 0.684309005737,
        "dvar": 0.301479130983,
        "dvar2": 0.682505488396,
        "max": 15.6444349289,
        "mean": 0.798345148563,
        "median": 0.651468157768,
        "min": -2.47782945633,
        "var": 1.18903505802
    },
    "melbands_spread": {
        "dmean": 4.72550630569,
        "dmean2": 7.42960357666,
        "dvar": 25.9716949463,
        "dvar2": 56.3979911804,
        "max": 182.943817139,
        "mean": 21.3035697937,
        "median": 20.9971256256,
        "min": 1.02268838882,
        "var": 91.7075042725
    },
    "pitch_salience": {
        "dmean": 0.0638575851917,
        "dmean2": 0.103290013969,
        "dvar": 0.00360754574649,
        "dvar2": 0.00902426149696,
        "max": 0.923072814941,
        "mean": 0.583234190941,
        "median": 0.581436872482,
        "min": 0.0395049117506,
        "var": 0.0159231945872
    },
    "silence_rate_20dB": {
        "dmean": 0,
        "dmean2": 0,
        "dvar": 0,
        "dvar2": 0,
        "max": 1,
        "mean": 1,
        "median": 1,
        "min": 1,
        "var": 0
    },
    "silence_rate_30dB": {
        "dmean": 0,
        "dmean2": 0,
        "dvar": 0,
        "dvar2": 0,
        "max": 1,
        "mean": 1,
        "median": 1,
        "min": 1,
        "var": 0
    },
    "silence_rate_60dB": {
        "dmean": 0.0102552417666,
        "dmean2": 0.0205128211528,
        "dvar": 0.0101515408605,
        "dvar2": 0.022602327168,
        "max": 1,
        "mean": 0.0395351499319,
        "median": 0,
        "min": 0,
        "var": 0.0379660874605
    },
    "spectral_centroid": {
        "dmean": 157.194122314,
        "dmean2": 243.995101929,
        "dvar": 36718.8398438,
        "dvar2": 70216.875,
        "max": 11305.2705078,
        "mean": 1353.60473633,
        "median": 1332.98022461,
        "min": 302.83013916,
        "var": 176124.21875
    },
    "spectral_complexity": {
        "dmean": 2.64152240753,
        "dmean2": 4.35943031311,
        "dvar": 5.38592863083,
        "dvar2": 13.24563694,
        "max": 44,
        "mean": 20.6146755219,
        "median": 21,
        "min": 0,
        "var": 52.5427131653
    },
    "spectral_decrease": {
        "dmean": 1.24991172967e-09,
        "dmean2": 1.90183113702e-09,
        "dvar": 2.78666725893e-18,
        "dvar2": 5.90700635567e-18,
        "max": 2.61812609352e-30,
        "mean": -6.16748430105e-09,
        "median": -5.95464522135e-09,
        "min": -2.46581031149e-08,
        "var": 1.2675355056e-17
    },
    "spectral_energy": {
        "dmean": 0.00508775701746,
        "dmean2": 0.00773440906778,
        "dvar": 4.45462428615e-05,
        "dvar2": 9.35172938625e-05,
        "max": 0.099146053195,
        "mean": 0.0256049819291,
        "median": 0.0249593406916,
        "min": 1.08488727837e-20,
        "var": 0.00021099379228
    },
    "spectral_energyband_high": {
        "dmean": 2.46925392275e-05,
        "dmean2": 4.00274075218e-05,
        "dvar": 2.75179679043e-09,
        "dvar2": 6.81231515642e-09,
        "max": 0.00148698082194,
        "mean": 5.26317926415e-05,
        "median": 3.47221575794e-05,
        "min": 7.81098412939e-21,
        "var": 4.54831683427e-09
    },
    "spectral_energyband_low": {
        "dmean": 0.00044258631533,
        "dmean2": 0.000716530019417,
        "dvar": 1.74442448042e-06,
        "dvar2": 4.18104355049e-06,
        "max": 0.0320418737829,
        "mean": 0.000917765020858,
        "median": 0.000321939296555,
        "min": 1.26732902561e-22,
        "var": 3.08199810206e-06
    },
    "spectral_energyband_middle_high": {
        "dmean": 0.0033083120361,
        "dmean2": 0.00505067361519,
        "dvar": 1.61253647093e-05,
        "dvar2": 3.53052200808e-05,
        "max": 0.073739156127,
        "mean": 0.0131728574634,
        "median": 0.0106273386627,
        "min": 1.61131350203e-21,
        "var": 0.000100381250377
    },
    "spectral_energyband_middle_low": {
        "dmean": 0.00408765440807,
        "dmean2": 0.00630193157122,
        "dvar": 4.36485279351e-05,
        "dvar2": 9.78494790616e-05,
        "max": 0.0901746824384,
        "mean": 0.0118970898911,
        "median": 0.00789364892989,
        "min": 2.80808986274e-22,
        "var": 0.000147635946632
    },
    "spectral_entropy": {
        "dmean": 0.106705665588,
        "dmean2": 0.163730308414,
        "dvar": 0.0125408163294,
        "dvar2": 0.0253426246345,
        "max": 9.79502296448,
        "mean": 7.03388881683,
        "median": 7.05753993988,
        "min": 5.1071395874,
        "var": 0.112158887088
    },
    "spectral_flux": {
        "dmean": 0.0208077225834,
        "dmean2": 0.0331849232316,
        "dvar": 0.00055756769143,
        "dvar2": 0.00127835257445,
        "max": 0.272548675537,
        "mean": 0.0837003961205,
        "median": 0.0780738294125,
        "min": 1.0415792534e-10,
        "var": 0.00173118070234
    },
    "spectral_kurtosis": {
        "dmean": 5.72484922409,
        "dmean2": 10.1112623215,
        "dvar": 21.0153007507,
        "dvar2": 63.8579559326,
        "max": 74.5058135986,
        "mean": 13.0261678696,
        "median": 11.9315767288,
        "min": -1.19549167156,
        "var": 43.5763511658
    },
    "spectral_rms": {
        "dmean": 0.000490881851874,
        "dmean2": 0.000736299203709,
        "dvar": 3.37143404749e-07,
        "dvar2": 6.53735355627e-07,
        "max": 0.00983503181487,
        "mean": 0.00475077843294,
        "median": 0.00493463035673,
        "min": 3.2533468107e-12,
        "var": 2.4105634111e-06
    },
    "spectral_rolloff": {
        "dmean": 236.181747437,
        "dmean2": 398.602905273,
        "dvar": 156268.8125,
        "dvar2": 276398,
        "max": 18690.8203125,
        "mean": 1602.32006836,
        "median": 1614.99023438,
        "min": 21.533203125,
        "var": 347313.90625
    },
    "spectral_skewness": {
        "dmean": 0.473304331303,
        "dmean2": 0.821554422379,
        "dvar": 0.142790392041,
        "dvar2": 0.420601993799,
        "max": 6.64335870743,
        "mean": 2.01620197296,
        "median": 1.93249726295,
        "min": -0.0178805738688,
        "var": 0.432114034891
    },
    "spectral_spread": {
        "dmean": 154897.265625,
        "dmean2": 256369.171875,
        "dvar": 172811124736,
        "dvar2": 182055108608,
        "max": 40883748,
        "mean": 1945432.625,
        "median": 1868252.625,
        "min": 1034538.6875,
        "var": 392786837504
    },
    "spectral_strongpeak": {
        "dmean": 0.938497364521,
        "dmean2": 1.54263532162,
        "dvar": 1.16449725628,
        "dvar2": 2.79219293594,
        "max": 14.367931366,
        "mean": 2.31398582458,
        "median": 1.87263166904,
        "min": 0,
        "var": 3.36899900436
    },
    "zerocrossingrate": {
        "dmean": 0.00450697634369,
        "dmean2": 0.00561810005456,
        "dvar": 3.77032629331e-05,
        "dvar2": 4.77512476209e-05,
        "max": 0.54443359375,
        "mean": 0.0554326884449,
        "median": 0.0546875,
        "min": 0.01171875,
        "var": 0.000299165636534
    },
    "barkbands": {
        "dmean": [5.85559916999e-07, 0.000178855058039, 0.000261262670392, 0.000225415293244, 0.00062534440076, 0.00141157454345, 0.0011463490082, 0.000820413406473, 0.00187514803838, 0.00137922842987, 0.00114101998042, 0.000932583934627, 0.000920194550417, 0.00116648885887, 0.00069180392893, 0.000419866584707, 0.000224180825171, 0.000316712161293, 0.000133589521283, 5.66514099773e-05, 8.11748668639e-06, 1.18825744266e-06, 1.13057964768e-07, 9.73175957597e-08, 1.03339999669e-07, 7.11168155476e-08, 5.89993609523e-09],
        "dmean2": [1.0286800034e-06, 0.000302359141642, 0.000427900755312, 0.000366648542695, 0.000987599953078, 0.00213360739872, 0.00179481692612, 0.00132255780045, 0.00290575157851, 0.00212642853148, 0.00176574836951, 0.00141908624209, 0.00145430047996, 0.00187113031279, 0.00111286574975, 0.000672787718941, 0.000363044004189, 0.00050099787768, 0.000210146201425, 8.92195894266e-05, 1.32146651595e-05, 1.89309844245e-06, 1.8659815737e-07, 1.63889851024e-07, 1.78312802745e-07, 1.26205961237e-07, 1.00818011717e-08],
        "dvar": [7.89017289005e-13, 5.3767701047e-07, 6.44635917979e-07, 4.54692838048e-07, 5.43635314898e-06, 1.54891804414e-05, 1.31541901283e-05, 6.99614383848e-06, 1.3765256881e-05, 8.93521155376e-06, 4.32206343248e-06, 3.24323195855e-06, 3.61967909157e-06, 5.53439986106e-06, 2.00934232453e-06, 7.77850402756e-07, 1.93150597738e-07, 2.92720017114e-07, 8.68841780743e-08, 1.04622888131e-08, 2.48887993548e-10, 1.30864399178e-11, 4.6037416365e-14, 2.40504519105e-14, 6.70738751744e-15, 3.10474357574e-15, 1.55937336221e-16],
        "dvar2": [2.25370742034e-12, 1.39947815114e-06, 1.68076553564e-06, 1.09224447442e-06, 1.16502069432e-05, 3.37041274179e-05, 3.13372365781e-05, 1.75308086909e-05, 3.17146623274e-05, 2.02371666091e-05, 9.72668749455e-06, 6.99593329045e-06, 8.06898788142e-06, 1.26609420477e-05, 4.76944887851e-06, 1.84098814771e-06, 4.64876706019e-07, 6.76877164096e-07, 1.95411899995e-07, 2.40448496669e-08, 5.81855730264e-10, 2.853303184e-11, 1.05559041597e-13, 6.11925535742e-14, 1.95204807451e-14, 9.45941323318e-15, 4.58738697612e-16],
        "max": [1.36203034344e-05, 0.0129749663174, 0.0218357481062, 0.0346709825099, 0.0724204927683, 0.0870789214969, 0.0886465534568, 0.0573810599744, 0.0610521137714, 0.062449362129, 0.0517913624644, 0.0543470010161, 0.0391162708402, 0.0478308908641, 0.0440262928605, 0.0212507210672, 0.0140979848802, 0.0105170384049, 0.00795091409236, 0.00222745677456, 0.000470105616841, 0.000143211538671, 9.40978407016e-06, 6.42683426122e-06, 1.55971849836e-06, 1.27006217099e-06, 7.39838924346e-07],
        "mean": [6.45645002351e-07, 0.000268641539151, 0.000471726350952, 0.000405400642194, 0.00115884002298, 0.00280145416036, 0.00184524990618, 0.00120585225523, 0.0038260158617, 0.00257572927512, 0.00219492428005, 0.00181453826372, 0.00154919095803, 0.00197499268688, 0.00119005818851, 0.000807191303466, 0.000457320420537, 0.000642684812192, 0.000278848136077, 0.000115256465506, 1.6470274204e-05, 2.30673481383e-06, 3.50472276978e-07, 3.9795637008e-07, 5.76318882395e-07, 3.44403787267e-07, 1.02094057652e-08],
        "median": [3.34642862754e-07, 5.22365662619e-05, 0.000100220757304, 0.000102443162177, 0.000358797144145, 0.00075411668513, 0.000620214035735, 0.000362385122571, 0.00118354347069, 0.000695850234479, 0.000853886886034, 0.00070892268559, 0.000686659361236, 0.000870211806614, 0.000491896993481, 0.000334707001457, 0.000222365022637, 0.000346287473803, 0.00013836940343, 6.8624933192e-05, 1.02739895738e-05, 1.22643814393e-06, 2.85087764951e-07, 3.687454182e-07, 5.69285077745e-07, 3.39191359444e-07, 7.7623534267e-09],
        "min": [2.47338627808e-23, 8.71794735711e-23, 2.31012756944e-23, 6.87151964306e-24, 2.34476156085e-23, 5.43006913637e-23, 9.4611792854e-23, 3.05527059215e-23, 5.46737910174e-23, 1.16924622584e-22, 1.3525703058e-22, 8.24408176679e-23, 1.39502212966e-22, 1.11538722085e-22, 1.02642434734e-22, 1.85176476829e-22, 2.67792352198e-22, 1.90402863341e-22, 1.78665837384e-22, 3.58232869466e-22, 4.5829188571e-22, 4.49107020418e-22, 6.9359538649e-22, 7.73007754521e-22, 1.14916046404e-21, 1.70741993386e-21, 2.58879662851e-21],
        "var": [8.76628251326e-13, 5.31578962182e-07, 9.95689561023e-07, 1.27271766814e-06, 1.13396472443e-05, 5.03198316437e-05, 2.06458025787e-05, 1.10369055619e-05, 4.32652668678e-05, 2.88115388685e-05, 1.4265655409e-05, 1.09379025162e-05, 8.00638918008e-06, 1.13442329166e-05, 3.64063498637e-06, 1.9656472432e-06, 5.00853388985e-07, 7.88747229308e-07, 2.08652735978e-07, 2.57079353361e-08, 4.95994301186e-10, 2.36842923745e-11, 8.49555817947e-14, 3.52106005756e-14, 9.63031822392e-15, 3.85875896462e-15, 1.28151968869e-16]
    },
    "erbbands": {
        "dmean": [0.00163189659361, 0.0523204393685, 0.265290379524, 0.495332330465, 1.25288844109, 2.18136811256, 5.76365470886, 14.1913671494, 15.2491903305, 16.9001312256, 19.5168952942, 39.6979751587, 45.9636383057, 40.8877296448, 39.6089553833, 30.0820102692, 37.4889755249, 47.8710517883, 43.074180603, 27.8863544464, 19.9083385468, 12.1496973038, 16.1985664368, 10.370970726, 4.73348712921, 2.1956615448, 0.592405974865, 0.170741394162, 0.049701359123, 0.0107788108289, 0.00272018136457, 0.00226033804938, 0.00171002920251, 0.00125244748779, 0.000886189460289, 0.000423343735747, 0.000100371369626, 8.6374775492e-06, 3.06917172566e-06, 5.97531288804e-06],
        "dmean2": [0.00260801822878, 0.0882630869746, 0.436608999968, 0.816648304462, 2.01293611526, 3.3766644001, 8.87911605835, 21.3524742126, 23.6662216187, 26.5022602081, 31.2566165924, 60.4375495911, 69.362487793, 63.4785881042, 59.3348770142, 45.8463478088, 58.67029953, 76.409072876, 69.640625, 44.3989257812, 31.9152679443, 19.5093402863, 25.7499294281, 16.1221027374, 7.37398195267, 3.48839187622, 0.960863947868, 0.274619668722, 0.0787379741669, 0.0170050505549, 0.00447947485372, 0.00378997065127, 0.00292315240949, 0.00214231410064, 0.00152842700481, 0.00074067292735, 0.000178785237949, 1.47635801113e-05, 4.73470572615e-06, 9.07254070626e-06],
        "dvar": [2.72383003903e-05, 0.0462501980364, 0.836412131786, 1.61645245552, 26.3612327576, 80.2663650513, 435.020477295, 1727.22070312, 2602.51318359, 2635.69897461, 2831.50415039, 7283.83642578, 8951.2890625, 6782.65576172, 4071.87475586, 3532.63647461, 6101.46728516, 9898.39550781, 8501.15429688, 2764.3659668, 1614.7244873, 501.974365234, 849.499328613, 440.93548584, 88.6770248413, 15.7495250702, 1.23379909992, 0.188291236758, 0.0202958546579, 0.00115636689588, 1.84141408681e-05, 1.1261086911e-05, 7.458420896e-06, 1.17591002891e-06, 4.80500091271e-07, 1.12360311277e-07, 6.37355945798e-09, 1.5147895438e-10, 1.59339642175e-11, 5.89587129118e-11],
        "dvar2": [6.62037637085e-05, 0.118376418948, 2.09221148491, 4.15102577209, 57.9379501343, 156.817596436, 911.076538086, 3900.1340332, 6095.49267578, 6419.76708984, 7203.26953125, 16176.7167969, 18883.1875, 15493.7089844, 8722.71386719, 8079.3515625, 13602.3046875, 22848.9472656, 19931.0898438, 6425.22167969, 3892.66381836, 1157.90344238, 1941.36254883, 991.059143066, 196.079940796, 36.2330818176, 3.01063656807, 0.408307254314, 0.0437496416271, 0.00262041529641, 4.02947589464e-05, 2.70245072898e-05, 1.99547866941e-05, 3.37286519425e-06, 1.40806707805e-06, 3.40901522122e-07, 1.93247018387e-08, 4.46456399628e-10, 3.7111268919e-11, 1.21949741971e-10],
        "max": [0.106069847941, 3.76139807701, 24.5015983582, 41.2442245483, 266.699432373, 339.373535156, 682.00970459, 1015.9944458, 1384.29846191, 936.171264648, 1103.12976074, 1703.67883301, 2161.92163086, 2079.32763672, 1348.62365723, 1674.53063965, 2155.47949219, 2840.20629883, 2777.10986328, 1308.53442383, 1257.00512695, 755.623596191, 582.871398926, 547.890380859, 273.118713379, 122.915908813, 24.9746646881, 15.0691051483, 5.58723926544, 1.71739006042, 0.189943253994, 0.104331046343, 0.133559539914, 0.0350527875125, 0.00920741911978, 0.00622907932848, 0.00209955405444, 0.000684628321324, 0.0001448407711, 0.000114285969175],
        "mean": [0.00298735918477, 0.0809012502432, 0.456906586885, 1.02701413631, 2.2159101963, 3.96550726891, 10.9550228119, 27.0916805267, 25.7127037048, 28.0790348053, 32.6995811462, 78.2263031006, 96.2054519653, 85.7070159912, 86.8180007935, 62.671913147, 70.4304733276, 89.5522613525, 81.8918838501, 56.4441871643, 40.4897155762, 27.4964847565, 34.2825050354, 22.8856964111, 11.1784658432, 4.92998456955, 1.30087411404, 0.364270061255, 0.10331517458, 0.0259084384888, 0.00938435830176, 0.00805796124041, 0.00696727959439, 0.00589865772054, 0.00438183313236, 0.00214634649456, 0.000460978917545, 3.91386311094e-05, 1.62661654031e-05, 3.09107490466e-05],
        "median": [0.000718297145795, 0.0190098788589, 0.114075534046, 0.346284151077, 0.595453441143, 1.1828584671, 3.25555419922, 7.30111551285, 8.68696308136, 10.1999692917, 12.306429863, 25.4065990448, 31.6961307526, 36.2799224854, 44.2080802917, 29.368024826, 34.8461532593, 43.790184021, 37.5521430969, 26.5037078857, 18.28307724, 14.8283090591, 18.8618373871, 12.5560045242, 6.34016370773, 3.17954778671, 0.883205652237, 0.221035346389, 0.0576114803553, 0.0162184294313, 0.00799384154379, 0.00724779581651, 0.00655877916142, 0.00575977051631, 0.00431673415005, 0.00211588409729, 0.000453341315733, 3.77376309189e-05, 1.60374183906e-05, 3.03610431729e-05],
        "min": [2.24746042757e-21, 2.00169581835e-20, 3.77507298552e-20, 1.77886531667e-20, 4.63558509935e-20, 8.01694337775e-20, 8.4901475568e-20, 6.22355803634e-19, 1.45400949875e-18, 7.88234622869e-19, 8.90644080497e-19, 1.47897019072e-18, 2.94560587773e-18, 4.86624067792e-18, 5.08683775317e-18, 2.54869918403e-18, 5.66451132807e-18, 7.08626522902e-18, 4.78651122022e-18, 7.14223723235e-18, 9.96055159434e-18, 1.49980418201e-17, 1.30740958159e-17, 1.00616132129e-17, 8.69901182469e-18, 1.95173149727e-17, 1.56310996865e-17, 2.08849208035e-17, 1.47522715709e-17, 1.74112883177e-17, 2.12951643371e-17, 1.56326481686e-17, 1.43007136745e-17, 1.35044911235e-17, 7.83682741015e-18, 5.4002126467e-18, 3.37583223369e-18, 1.51466334434e-18, 3.60549856888e-19, 3.5908504927e-20],
        "var": [4.13768175349e-05, 0.0465943031013, 1.04321551323, 4.45196485519, 52.7212867737, 182.206039429, 1108.12805176, 4975.93798828, 4089.875, 4376.81103516, 4765.49169922, 20643.0019531, 29535.3515625, 20739.8632812, 14982.2109375, 10749.8007812, 15984.7490234, 21938.0625, 17160.640625, 6986.05175781, 4285.765625, 1547.65490723, 2368.59594727, 1070.13354492, 234.206573486, 40.0262565613, 2.36539149284, 0.357753455639, 0.0404040701687, 0.00205777678639, 3.92837864638e-05, 1.9405330022e-05, 8.71600423125e-06, 1.62413164162e-06, 6.80321818436e-07, 1.4487613953e-07, 7.79355691094e-09, 1.50143703026e-10, 6.2795380007e-11, 2.94638702325e-10]
    },
    "gfcc": {
        "mean": [-56.2318649292, 139.112030029, -188.655029297, -16.7715969086, -35.7846298218, -19.142496109, -33.5339889526, 8.89555263519, -32.758266449, 1.60575175285, -9.59612178802, -9.26434993744, -2.97294044495],
        "cov": [[1844.8996582, 527.27911377, -399.185394287, 130.197021484, 203.706100464, -156.572067261, 230.343856812, -16.9889659882, -16.8003845215, -112.656959534, -73.97215271, -146.837936401, 4.09663057327], [527.27911377, 550.977050781, 325.070800781, 109.076332092, 118.445877075, 36.1111526489, 59.0756340027, 13.1554098129, -18.556520462, -76.8161239624, -57.8452415466, -74.4216079712, -3.26089119911], [-399.185394287, 325.070800781, 710.853637695, 154.968978882, -13.6170606613, 116.670669556, -90.4474639893, 5.24377679825, -7.82911491394, -10.7199478149, -25.6154975891, 19.4429798126, -8.22016239166], [130.197021484, 109.076332092, 154.968978882, 313.743682861, 119.656936646, 33.6187973022, 16.9725189209, 1.12561666965, 11.5654964447, -10.2799530029, -64.7812423706, -16.9417953491, -26.5383033752], [203.706100464, 118.445877075, -13.6170606613, 119.656936646, 208.217315674, 104.304214478, 79.8893356323, 42.6336784363, 3.67186403275, -32.1993331909, -43.228931427, -46.979675293, -25.0036296844], [-156.572067261, 36.1111526489, 116.670669556, 33.6187973022, 104.304214478, 239.422058105, 91.1988983154, 30.298658371, -23.8064556122, -8.43115139008, -36.299823761, -17.7301940918, -30.0754356384], [230.343856812, 59.0756340027, -90.4474639893, 16.9725189209, 79.8893356323, 91.1988983154, 216.02772522, 66.5859985352, -26.7800140381, -32.7572822571, -10.4646854401, -51.0565071106, -15.9361963272], [-16.9889659882, 13.1554098129, 5.24377679825, 1.12561666965, 42.6336784363, 30.298658371, 66.5859985352, 129.589904785, 47.5964012146, -9.90250205994, -6.39309501648, -19.6758117676, -10.9355697632], [-16.8003845215, -18.556520462, -7.82911491394, 11.5654964447, 3.67186403275, -23.8064556122, -26.7800140381, 47.5964012146, 105.513397217, 38.7119483948, -11.699461937, -0.10960303992, 1.56069648266], [-112.656959534, -76.8161239624, -10.7199478149, -10.2799530029, -32.1993331909, -8.43115139008, -32.7572822571, -9.90250205994, 38.7119483948, 97.1836090088, 63.656463623, 20.6290569305, -9.43377780914], [-73.97215271, -57.8452415466, -25.6154975891, -64.7812423706, -43.228931427, -36.299823761, -10.4646854401, -6.39309501648, -11.699461937, 63.656463623, 141.593154907, 56.2852172852, -3.53524827957], [-146.837936401, -74.4216079712, 19.4429798126, -16.9417953491, -46.979675293, -17.7301940918, -51.0565071106, -19.6758117676, -0.10960303992, 20.6290569305, 56.2852172852, 95.7547836304, 39.5293884277], [4.09663057327, -3.26089119911, -8.22016239166, -26.5383033752, -25.0036296844, -30.0754356384, -15.9361963272, -10.9355697632, 1.56069648266, -9.43377780914, -3.53524827957, 39.5293884277, 80.760635376]],
        "icov": [[0.00448066787794, -0.008414959535, 0.00728127034381, -0.00400388706475, 0.00337799452245, -0.000591512711253, -0.000297901307931, 0.000877954415046, -0.00120094919112, 0.00139451841824, -0.00167898449581, 0.000573498138692, -0.000424082536483], [-0.008414959535, 0.0218340810388, -0.0184271913022, 0.00980577524751, -0.0120587218553, 0.00571508193389, -0.00352324428968, 0.00198333407752, 0.000424738158472, -0.000358364311978, 0.00280815758742, 0.00169508007821, -0.000133510271553], [0.00728127034381, -0.0184271913022, 0.0187608692795, -0.0117316041142, 0.0136722624302, -0.00914143305272, 0.00634609721601, -0.00262819090858, -0.00157693447545, 0.00463207671419, -0.00696362368762, 0.00294744060375, -0.00250977859832], [-0.00400388706475, 0.00980577524751, -0.0117316041142, 0.0138625688851, -0.0135332960635, 0.00973362475634, -0.0062114582397, 0.00189517822582, 0.0036077091936, -0.00925049744546, 0.0125029943883, -0.00946042593569, 0.00645362772048], [0.00337799452245, -0.0120587218553, 0.0136722624302, -0.0135332960635, 0.0231416039169, -0.0152478348464, 0.00790165644139, -0.00390960089862, -0.00471767224371, 0.0105272838846, -0.0124541074038, 0.00977399293333, -0.00520586641505], [-0.000591512711253, 0.00571508193389, -0.00914143305272, 0.00973362475634, -0.0152478348464, 0.0193940456957, -0.0114358440042, 0.00232323771343, 0.00628950865939, -0.0124612981454, 0.0156012466177, -0.012258511968, 0.00819430314004], [-0.000297901307931, -0.00352324428968, 0.00634609721601, -0.0062114582397, 0.00790165644139, -0.0114358440042, 0.0159295387566, -0.00778652029112, 0.00208489783108, 0.00584912346676, -0.00946978013963, 0.0097737358883, -0.0058011948131], [0.000877954415046, 0.00198333407752, -0.00262819090858, 0.00189517822582, -0.00390960089862, 0.00232323771343, -0.00778652029112, 0.0179842710495, -0.0128050362691, 0.00812091305852, -0.00425644172356, 0.00218505761586, 0.000884520588443], [-0.00120094919112, 0.000424738158472, -0.00157693447545, 0.0036077091936, -0.00471767224371, 0.00628950865939, 0.00208489783108, -0.0128050362691, 0.0262783952057, -0.0212625525892, 0.0161749441177, -0.00933678075671, 0.00294873048551], [0.00139451841824, -0.000358364311978, 0.00463207671419, -0.00925049744546, 0.0105272838846, -0.0124612981454, 0.00584912346676, 0.00812091305852, -0.0212625525892, 0.0391222834587, -0.0287844240665, 0.0182894952595, -0.00701225176454], [-0.00167898449581, 0.00280815758742, -0.00696362368762, 0.0125029943883, -0.0124541074038, 0.0156012466177, -0.00946978013963, -0.00425644172356, 0.0161749441177, -0.0287844240665, 0.0364684909582, -0.0270106811076, 0.014249637723], [0.000573498138692, 0.00169508007821, 0.00294744060375, -0.00946042593569, 0.00977399293333, -0.012258511968, 0.0097737358883, 0.00218505761586, -0.00933678075671, 0.0182894952595, -0.0270106811076, 0.0386894978583, -0.019886566326], [-0.000424082536483, -0.000133510271553, -0.00250977859832, 0.00645362772048, -0.00520586641505, 0.00819430314004, -0.0058011948131, 0.000884520588443, 0.00294873048551, -0.00701225176454, 0.014249637723, -0.019886566326, 0.0241599213332]]
    },
    "melbands": {
        "dmean": [3.1531239074e-05, 0.000113824680739, 0.000103281934571, 0.000112347734103, 0.000180204951903, 0.000301923108054, 0.000237340427702, 0.000185500117368, 0.000175936278538, 0.000270475517027, 0.000236778985709, 0.00017356153694, 0.00014795055904, 0.000116549490485, 7.69581019995e-05, 9.51737529249e-05, 9.47448497755e-05, 8.15164239611e-05, 5.219499144e-05, 3.17809062835e-05, 2.3864196919e-05, 1.35960635816e-05, 1.38812838486e-05, 1.81372306542e-05, 8.5658093667e-06, 4.58286285721e-06, 3.08566154672e-06, 1.29414684125e-06, 4.99068335102e-07, 1.71695646145e-07, 8.32516917626e-08, 3.4628961032e-08, 1.21023226995e-08, 4.10721190391e-09, 1.73083514188e-09, 1.55560175852e-09, 1.59813418055e-09, 1.42575529161e-09, 1.40385014724e-09, 1.25373145199e-09],
        "dmean2": [5.21958827449e-05, 0.000186571414815, 0.000166809069924, 0.00017857052444, 0.000276663951809, 0.000454586814158, 0.000367181550246, 0.000292306940537, 0.000280125532299, 0.000411203451222, 0.000358639663318, 0.000270780466963, 0.000225544907153, 0.00017550883058, 0.000121702832985, 0.000149466271978, 0.000151327287313, 0.000131633030833, 8.34426973597e-05, 5.09959900228e-05, 3.86234023608e-05, 2.18404329644e-05, 2.23333754548e-05, 2.86832910206e-05, 1.341276311e-05, 7.21183096175e-06, 4.89397325509e-06, 2.09386348615e-06, 8.21216417535e-07, 2.77407423255e-07, 1.35308070526e-07, 5.55029444627e-08, 1.93331537446e-08, 6.66580790565e-09, 2.9032083404e-09, 2.61537680402e-09, 2.70769517918e-09, 2.43443198933e-09, 2.41047692917e-09, 2.15274242876e-09],
        "dvar": [1.45159901876e-08, 1.61542104138e-07, 8.62650111344e-08, 2.12421028323e-07, 3.83110602797e-07, 7.2579098287e-07, 5.79087895858e-07, 3.12312778306e-07, 1.97750878783e-07, 3.11415732313e-07, 2.30782660537e-07, 1.26892629737e-07, 6.63280488311e-08, 5.37042836868e-08, 3.46874315937e-08, 3.12785992662e-08, 4.00295512293e-08, 3.59231364655e-08, 1.13394573731e-08, 5.29777111069e-09, 2.45091902329e-09, 7.38954841761e-10, 6.60418442155e-10, 1.16615095358e-09, 3.76485620457e-10, 1.03319144906e-10, 3.63749343146e-11, 6.82436399058e-12, 9.96168859208e-13, 1.35562310617e-13, 5.62605314441e-14, 9.70025858141e-15, 1.19017933496e-15, 1.45584740721e-16, 5.63686901995e-18, 5.29391538849e-18, 4.70094972561e-18, 4.61163820769e-18, 3.57651927839e-18, 1.02544753358e-18],
        "dvar2": [3.71875437111e-08, 3.95291010591e-07, 1.93274985349e-07, 4.2737499939e-07, 8.00286159119e-07, 1.62012804594e-06, 1.36817413932e-06, 7.65489460264e-07, 4.97545386224e-07, 6.87382907927e-07, 4.90212016757e-07, 2.93233938464e-07, 1.46267097989e-07, 1.13208265873e-07, 8.05882436339e-08, 6.78224765238e-08, 9.10751865035e-08, 8.34656859183e-08, 2.67868305315e-08, 1.21395737906e-08, 5.91620707979e-09, 1.62998603503e-09, 1.55242885214e-09, 2.69479794035e-09, 8.55190140925e-10, 2.26234864176e-10, 8.54942852624e-11, 1.65207396374e-11, 2.56002922853e-12, 2.98385258559e-13, 1.2819395068e-13, 2.13484642426e-14, 2.68747079373e-15, 3.43302479992e-16, 1.33900093268e-17, 1.29261644895e-17, 1.16943420106e-17, 1.18849194606e-17, 1.04765625769e-17, 2.95564268049e-18],
        "max": [0.00212342524901, 0.00996893271804, 0.0138102695346, 0.0184063613415, 0.0177737046033, 0.0206143278629, 0.0206262413412, 0.0114514874294, 0.00758844614029, 0.0111952479929, 0.010462670587, 0.00934922415763, 0.00656726816669, 0.00807741563767, 0.00498036853969, 0.00387223018333, 0.00561529677361, 0.00438157143071, 0.00288166082464, 0.00175973458681, 0.00137025373988, 0.000999540439807, 0.000519548135344, 0.000832133402582, 0.000573153898586, 0.000274863705272, 0.000133669644129, 8.65695328685e-05, 2.53494381468e-05, 1.55941106641e-05, 7.80758728069e-06, 3.84583654522e-06, 1.36202925205e-06, 6.58015835597e-07, 9.98786404693e-08, 8.46081107397e-08, 5.40766258439e-08, 7.94315084818e-08, 1.07915639092e-07, 1.54284265363e-08],
        "mean": [5.06245924043e-05, 0.000200980255613, 0.00021776977519, 0.000205294621992, 0.000351567083271, 0.000589035102166, 0.000400313059799, 0.0003023519821, 0.000292089040158, 0.000532389967702, 0.000484372576466, 0.000349330017343, 0.000307047768729, 0.000229724144447, 0.000133688838105, 0.000166780475411, 0.000164607467013, 0.000143001685501, 9.12442556e-05, 5.99649611104e-05, 4.3553118303e-05, 2.70082746283e-05, 2.67535451712e-05, 3.446730625e-05, 1.69059640029e-05, 9.57855718298e-06, 6.3290513026e-06, 2.4708433557e-06, 9.17754675811e-07, 3.33973275701e-07, 1.54171175382e-07, 6.34991010884e-08, 2.37297950179e-08, 9.47336697976e-09, 5.01659824792e-09, 4.63891058899e-09, 4.9624655496e-09, 4.74246286686e-09, 4.98717156461e-09, 4.96291585605e-09],
        "median": [1.06318002508e-05, 5.60763219255e-05, 7.32283806428e-05, 6.39903591946e-05, 0.000102794721897, 0.000161865842529, 0.000136107846629, 0.000106099803816, 9.75792863755e-05, 0.00016515981406, 0.00014577517868, 0.000131535751279, 0.000140716583701, 8.03658840596e-05, 4.94548621646e-05, 7.98826731625e-05, 6.94819318596e-05, 5.10621684953e-05, 3.61644306395e-05, 2.20037927647e-05, 1.82564726856e-05, 1.27884932226e-05, 1.38202094604e-05, 1.62398046086e-05, 8.58331259224e-06, 4.9852446864e-06, 3.42113139595e-06, 1.43441582168e-06, 5.5492790807e-07, 2.00018135388e-07, 8.24178911785e-08, 3.26667723982e-08, 1.31456907582e-08, 6.34016750212e-09, 4.30714131028e-09, 4.1225600711e-09, 4.4723731385e-09, 4.39284830733e-09, 4.80388129276e-09, 4.82807127611e-09],
        "min": [2.36286402536e-23, 2.30509242805e-23, 3.7437488683e-24, 5.25594868081e-24, 2.97489110905e-24, 1.45405713504e-23, 2.14819462043e-23, 7.52213030805e-24, 7.17406673287e-24, 8.99850163598e-24, 1.50354553507e-23, 1.98328955908e-23, 1.686071698e-23, 1.12232479497e-23, 5.12234207031e-24, 1.89476185281e-23, 1.11058709691e-23, 6.84638811234e-24, 7.57487433704e-24, 1.10910585279e-23, 1.15158593365e-23, 1.41429617883e-23, 1.49305968037e-23, 9.94516864326e-24, 8.20974722698e-24, 5.47043641107e-24, 6.50600409807e-24, 1.50354032859e-23, 9.40055800696e-24, 8.95236510593e-24, 1.26695597329e-23, 6.69896263093e-24, 1.14111546174e-23, 8.18884793502e-24, 1.23313222091e-23, 1.15431783785e-23, 9.1511146667e-24, 1.10953175879e-23, 9.09811346906e-24, 1.1854392683e-23],
        "var": [1.58950239637e-08, 2.02309692554e-07, 2.62988550048e-07, 4.11668509059e-07, 1.02886610875e-06, 2.21733284889e-06, 9.11557435757e-07, 5.18619515333e-07, 3.56403518254e-07, 9.20827801565e-07, 7.92821651885e-07, 3.94195126319e-07, 2.23892726581e-07, 1.9656336292e-07, 8.03979034458e-08, 7.61552882977e-08, 8.50919192885e-08, 7.44625978655e-08, 2.27257164198e-08, 1.2899127988e-08, 5.75551073467e-09, 1.96856042578e-09, 1.63030056122e-09, 2.89608848014e-09, 7.99831478826e-10, 2.58530419295e-10, 8.90161694356e-11, 1.34906660496e-11, 1.5638484431e-12, 2.60877338612e-13, 9.14225699268e-14, 1.8079116966e-14, 2.16522225395e-15, 2.2915872877e-16, 1.06982064492e-17, 7.79118771986e-18, 7.9676303076e-18, 6.01338633194e-18, 3.21550870775e-18, 1.45217863786e-18]
    },
    "mfcc": {
        "mean": [-690.396850586, 187.197128296, -87.5643539429, 8.12039661407, -6.76121902466, -21.924747467, 6.24695158005, -11.1256361008, -4.51585483551, -2.30534744263, -2.49719762802, -5.44087457657, -4.92967176437],
        "cov": [[1719.74768066, 333.468322754, -581.485046387, 290.450469971, -103.271827698, 32.1693878174, 114.105300903, 61.5876235962, 112.975479126, 22.2114181519, 21.2104053497, -70.9574584961, -72.3324127197], [333.468322754, 514.499816895, 212.375747681, 50.8567352295, 85.3370895386, 27.2321395874, 88.5157546997, 55.2182426453, 46.0639533997, 31.0671367645, -20.7792758942, -19.418466568, -39.5522346497], [-581.485046387, 212.375747681, 667.44732666, 62.4975128174, 128.66583252, 61.1303138733, -18.631023407, 0.801707267761, -12.633805275, -13.1553449631, -25.7657680511, 26.0400772095, -2.57892942429], [290.450469971, 50.8567352295, 62.4975128174, 283.836029053, 76.6046142578, 28.7024803162, 2.25617218018, 20.0846576691, 36.0419616699, 3.23780655861, 10.3945407867, -8.29035663605, -12.3319883347], [-103.271827698, 85.3370895386, 128.66583252, 76.6046142578, 196.528823853, 68.0780258179, -7.34594869614, 36.9922828674, 38.9141578674, 16.4482631683, -1.42032599449, 7.87966823578, 1.2883259058], [32.1693878174, 27.2321395874, 61.1303138733, 28.7024803162, 68.0780258179, 190.383956909, 85.7283859253, 33.188949585, 50.2161598206, -2.32868695259, 2.21466684341, -0.695771098137, -16.9924468994], [114.105300903, 88.5157546997, -18.631023407, 2.25617218018, -7.34594869614, 85.7283859253, 222.941253662, 99.5801391602, 13.9605998993, 45.3620033264, 21.7267055511, -21.6407833099, -14.6487560272], [61.5876235962, 55.2182426453, 0.801707267761, 20.0846576691, 36.9922828674, 33.188949585, 99.5801391602, 141.623199463, 73.6694259644, 32.6955184937, 11.8378143311, -20.8654136658, -9.37257480621], [112.975479126, 46.0639533997, -12.633805275, 36.0419616699, 38.9141578674, 50.2161598206, 13.9605998993, 73.6694259644, 156.189559937, 44.7196426392, -19.3561210632, -8.73088741302, -25.1488075256], [22.2114181519, 31.0671367645, -13.1553449631, 3.23780655861, 16.4482631683, -2.32868695259, 45.3620033264, 32.6955184937, 44.7196426392, 111.195480347, 50.0726585388, -10.3217201233, -11.3120040894], [21.2104053497, -20.7792758942, -25.7657680511, 10.3945407867, -1.42032599449, 2.21466684341, 21.7267055511, 11.8378143311, -19.3561210632, 50.0726585388, 105.673934937, 29.4323539734, 1.425958395], [-70.9574584961, -19.418466568, 26.0400772095, -8.29035663605, 7.87966823578, -0.695771098137, -21.6407833099, -20.8654136658, -8.73088741302, -10.3217201233, 29.4323539734, 90.2966156006, 45.4478340149], [-72.3324127197, -39.5522346497, -2.57892942429, -12.3319883347, 1.2883259058, -16.9924468994, -14.6487560272, -9.37257480621, -25.1488075256, -11.3120040894, 1.425958395, 45.4478340149, 94.8615722656]],
