{
"lowlevel": {
    "average_loudness": 0.310391783714,
    "barkbands_crest": {
        "dmean": 2.41768670082,
        "dmean2": 3.89741539955,
        "dvar": 4.5868973732,
        "dvar2": 11.3112039566,
        "max": 26.0722122192,
        "mean": 9.0504732132,
        "median": 8.42218399048,
        "min": 2.38396525383,
        "var": 11.8923854828
    },
    "barkbands_flatness_db": {
        "dmean": 0.0198676511645,
        "dmean2": 0.0287651643157,
        "dvar": 0.000346044049365,
        "dvar2": 0.000673754955642,
        "max": 0.45226457715,
        "mean": 0.171026036143,
        "median": 0.168317437172,
        "min": 0.0343591235578,
        "var": 0.00260634813458
    },
    "barkbands_kurtosis": {
        "dmean": 1.80029523373,
        "dmean2": 2.93389678001,
        "dvar": 115.844772339,
        "dvar2": 256.586700439,
        "max": 692.580566406,
        "mean": 2.2447578907,
        "median": 0.588146209717,
        "min": -1.84361934662,
        "var": 185.408966064
    },
    "barkbands_skewness": {
        "dmean": 0.420270472765,
        "dmean2": 0.653824448586,
        "dvar": 0.253636091948,
        "dvar2": 0.546576023102,
        "max": 22.1247959137,
        "mean": 0.825074493885,
        "median": 0.706930398941,
        "min": -4.11265134811,
        "var": 0.895892500877
    },
    "barkbands_spread": {
        "dmean": 4.01456642151,
        "dmean2": 5.91269397736,
        "dvar": 26.9950199127,
        "dvar2": 50.502155304,
        "max": 131.203094482,
        "mean": 16.449262619,
        "median": 14.3944301605,
        "min": 0.254506438971,
        "var": 105.43183136
    },
    "dissonance": {
        "dmean": 0.0275331642479,
        "dmean2": 0.0465753898025,
        "dvar": 0.000653354800306,
        "dvar2": 0.00178457715083,
        "max": 0.500000059605,
        "mean": 0.445909380913,
        "median": 0.45469379425,
        "min": 0.236932173371,
        "var": 0.00146853667684
    },
    "dynamic_complexity": 4.60420799255,
    "erbbands_crest": {
        "dmean": 2.85947275162,
        "dmean2": 4.53647518158,
        "dvar": 6.39539241791,
        "dvar2": 15.5303611755,
        "max": 33.9167785645,
        "mean": 11.1010475159,
        "median": 10.3218860626,
        "min": 2.58961987495,
        "var": 19.0154304504
    },
    "erbbands_flatness_db": {
        "dmean": 0.0207055639476,
        "dmean2": 0.0282670073211,
        "dvar": 0.000377942691557,
        "dvar2": 0.000632475304883,
        "max": 0.44769987464,
        "mean": 0.227767527103,
        "median": 0.229213327169,
        "min": 0.042294960469,
        "var": 0.00300455628894
    },
    "erbbands_kurtosis": {
        "dmean": 1.20969700813,
        "dmean2": 1.90305554867,
        "dvar": 16.0159168243,
        "dvar2": 41.7662506104,
        "max": 249.261428833,
        "mean": 1.35883009434,
        "median": 0.235874414444,
        "min": -1.80237400532,
        "var": 30.2049446106
    },
    "erbbands_skewness": {
        "dmean": 0.360413014889,
        "dmean2": 0.545891523361,
        "dvar": 0.123961001635,
        "dvar2": 0.265457719564,
        "max": 6.40850114822,
        "mean": 0.432409971952,
        "median": 0.427868455648,
        "min": -11.8073091507,
        "var": 0.869355380535
    },
    "erbbands_spread": {
        "dmean": 5.38285017014,
        "dmean2": 7.96294307709,
        "dvar": 41.8391189575,
        "dvar2": 80.8850860596,
        "max": 129.88633728,
        "mean": 24.1700630188,
        "median": 20.8894767761,
        "min": 0.726603269577,
        "var": 219.348815918
    },
    "hfc": {
        "dmean": 3.85341334343,
        "dmean2": 5.3011469841,
        "dvar": 28.3559646606,
        "dvar2": 55.0118789673,
        "max": 112.03352356,
        "mean": 15.5357522964,
        "median": 8.48257350922,
        "min": 1.22215578163e-16,
        "var": 286.246459961
    },
    "melbands_crest": {
        "dmean": 3.14411282539,
        "dmean2": 5.03110408783,
        "dvar": 7.89575529099,
        "dvar2": 18.5812702179,
        "max": 38.9180717468,
        "mean": 11.7974357605,
        "median": 10.8616495132,
        "min": 2.08734607697,
        "var": 20.439289093
    },
    "melbands_flatness_db": {
        "dmean": 0.0224857106805,
        "dmean2": 0.0314830392599,
        "dvar": 0.000506375858095,
        "dvar2": 0.000881703919731,
        "max": 0.548514544964,
        "mean": 0.21400359273,
        "median": 0.210078179836,
        "min": 0.0069731073454,
        "var": 0.00438311649486
    },
    "melbands_kurtosis": {
        "dmean": 2.77811121941,
        "dmean2": 4.3465924263,
        "dvar": 53.9247627258,
        "dvar2": 109.97869873,
        "max": 378.24420166,
        "mean": 4.85087108612,
        "median": 2.17650556564,
        "min": -1.87386357784,
        "var": 134.130233765
    },
    "melbands_skewness": {
        "dmean": 0.466928392649,
        "dmean2": 0.710252046585,
        "dvar": 0.248306050897,
        "dvar2": 0.511193394661,
        "max": 14.6546077728,
        "mean": 1.34138381481,
        "median": 1.17435348034,
        "min": -2.81115269661,
        "var": 1.1863360405
    },
    "melbands_spread": {
        "dmean": 5.63765287399,
        "dmean2": 8.33338832855,
        "dvar": 61.2183952332,
        "dvar2": 114.294303894,
        "max": 200.607543945,
        "mean": 22.8150806427,
        "median": 20.5784950256,
        "min": 0.44334924221,
        "var": 205.68309021
    },
    "pitch_salience": {
        "dmean": 0.0662550702691,
        "dmean2": 0.105909906328,
        "dvar": 0.0033379397355,
        "dvar2": 0.00800033006817,
        "max": 0.917846858501,
        "mean": 0.592036068439,
        "median": 0.594836235046,
        "min": 0.0489544570446,
        "var": 0.00973102170974
    },
    "silence_rate_20dB": {
        "dmean": 0,
        "dmean2": 0,
        "dvar": 0,
        "dvar2": 0,
        "max": 1,
        "mean": 1,
        "median": 1,
        "min": 1,
        "var": 0
    },
    "silence_rate_30dB": {
        "dmean": 0,
        "dmean2": 0,
        "dvar": 0,
        "dvar2": 0,
        "max": 1,
        "mean": 1,
        "median": 1,
        "min": 1,
        "var": 0
    },
    "silence_rate_60dB": {
        "dmean": 0.0488135591149,
        "dmean2": 0.0976403579116,
        "dvar": 0.0464288927615,
        "dvar2": 0.0978641137481,
        "max": 1,
        "mean": 0.173806935549,
        "median": 0,
        "min": 0,
        "var": 0.143602669239
    },
    "spectral_centroid": {
        "dmean": 177.998168945,
        "dmean2": 266.013671875,
        "dvar": 59324.3320312,
        "dvar2": 99686.734375,
        "max": 11225.0458984,
        "mean": 1219.2097168,
        "median": 1190.02929688,
        "min": 222.36857605,
        "var": 265776.0625
    },
    "spectral_complexity": {
        "dmean": 2.31593227386,
        "dmean2": 3.59967446327,
        "dvar": 5.12334489822,
        "dvar2": 11.2390451431,
        "max": 44,
        "mean": 14.5300979614,
        "median": 13,
        "min": 0,
        "var": 52.7520332336
    },
    "spectral_decrease": {
        "dmean": 9.57408152757e-10,
        "dmean2": 1.41652911623e-09,
        "dvar": 1.55112122644e-18,
        "dvar2": 3.40919428895e-18,
        "max": 2.2401843848e-29,
        "mean": -3.71529207399e-09,
        "median": -2.48801379499e-09,
        "min": -2.48205669351e-08,
        "var": 1.2633646128e-17
    },
    "spectral_energy": {
        "dmean": 0.00390948401764,
        "dmean2": 0.00574003253132,
        "dvar": 2.610694537e-05,
        "dvar2": 5.66496964893e-05,
        "max": 0.103840373456,
        "mean": 0.0154315046966,
        "median": 0.0102042034268,
        "min": 1.10007654392e-20,
        "var": 0.000221416499699
    },
    "spectral_energyband_high": {
        "dmean": 0.000102775455161,
        "dmean2": 0.000140315853059,
        "dvar": 6.14597510662e-08,
        "dvar2": 1.12304348932e-07,
        "max": 0.00421467330307,
        "mean": 0.000183087773621,
        "median": 4.46419689979e-05,
        "min": 8.08089380951e-21,
        "var": 1.29735227006e-07
    },
    "spectral_energyband_low": {
        "dmean": 0.000682754558511,
        "dmean2": 0.00105353537947,
        "dvar": 1.68634846887e-06,
        "dvar2": 3.47725654137e-06,
        "max": 0.0144775109366,
        "mean": 0.00108030205593,
        "median": 0.000408118328778,
        "min": 6.77328153235e-23,
        "var": 2.88179921881e-06
    },
    "spectral_energyband_middle_high": {
        "dmean": 0.00212625274435,
        "dmean2": 0.00303297536448,
        "dvar": 1.2708698705e-05,
        "dvar2": 2.80781605397e-05,
        "max": 0.0739756375551,
        "mean": 0.00696007907391,
        "median": 0.00301705533639,
        "min": 1.69369481434e-21,
        "var": 7.97789834905e-05
    },
    "spectral_energyband_middle_low": {
        "dmean": 0.00254643335938,
        "dmean2": 0.00402658013627,
        "dvar": 1.2122046428e-05,
        "dvar2": 3.01339423459e-05,
        "max": 0.0609296076,
        "mean": 0.00754183577374,
        "median": 0.00525591801852,
        "min": 2.60270102772e-22,
        "var": 5.21106376254e-05
    },
    "spectral_entropy": {
        "dmean": 0.168556183577,
        "dmean2": 0.229971021414,
        "dvar": 0.0313001908362,
        "dvar2": 0.0501962713897,
        "max": 9.81154441833,
        "mean": 7.12414884567,
        "median": 7.10750102997,
        "min": 5.05816888809,
        "var": 0.234828025103
    },
    "spectral_flux": {
        "dmean": 0.0169619731605,
        "dmean2": 0.0267359055579,
        "dvar": 0.000312055781251,
        "dvar2": 0.000739294860978,
        "max": 0.224153086543,
        "mean": 0.0647774189711,
        "median": 0.0579456314445,
        "min": 1.04884531615e-10,
        "var": 0.0014918645611
    },
    "spectral_kurtosis": {
        "dmean": 3.82070970535,
        "dmean2": 6.31394529343,
        "dvar": 25.8480224609,
        "dvar2": 69.7288818359,
        "max": 126.881484985,
        "mean": 9.37928104401,
        "median": 7.29882383347,
        "min": -1.21725463867,
        "var": 72.1817626953
    },
    "spectral_rms": {
        "dmean": 0.000478066707728,
        "dmean2": 0.00068811228266,
        "dvar": 2.43961835622e-07,
        "dvar2": 4.69897315725e-07,
        "max": 0.0100651718676,
        "mean": 0.0034526202362,
        "median": 0.0031552053988,
        "min": 3.27604241478e-12,
        "var": 3.13460645884e-06
    },
    "spectral_rolloff": {
        "dmean": 362.559967041,
        "dmean2": 602.806884766,
        "dvar": 636936.6875,
        "dvar2": 1223241.625,
        "max": 18583.1542969,
        "mean": 1560.9083252,
        "median": 1313.52539062,
        "min": 21.533203125,
        "var": 1289459.375
    },
    "spectral_skewness": {
        "dmean": 0.351880550385,
        "dmean2": 0.561948060989,
        "dvar": 0.137301117182,
        "dvar2": 0.348948031664,
        "max": 8.74874401093,
        "mean": 2.06268763542,
        "median": 1.92651510239,
        "min": -0.00980119593441,
        "var": 0.622216165066
    },
    "spectral_spread": {
        "dmean": 503456.875,
        "dmean2": 679582.125,
        "dvar": 703337267200,
        "dvar2": 1.13919039898e+12,
        "max": 40329464,
        "mean": 3332292.75,
        "median": 2881651.5,
        "min": 638504.1875,
        "var": 2.82810253312e+12
    },
    "spectral_strongpeak": {
        "dmean": 0.671883821487,
        "dmean2": 1.09386432171,
        "dvar": 0.851363301277,
        "dvar2": 2.08915042877,
        "max": 11.0909147263,
        "mean": 1.44803321362,
        "median": 0.916469633579,
        "min": 0,
        "var": 2.33004188538
    },
    "zerocrossingrate": {
        "dmean": 0.00805263500661,
        "dmean2": 0.00926277600229,
        "dvar": 0.00016707420582,
        "dvar2": 0.000167192090885,
        "max": 0.60791015625,
        "mean": 0.0563812591136,
        "median": 0.052734375,
        "min": 0.00244140625,
        "var": 0.000898535712622
    },
    "barkbands": {
        "dmean": [8.37968837004e-05, 0.00043664421537, 0.000292359822197, 0.000312720483635, 0.000443169730715, 0.00041692511877, 0.000824674556497, 0.00112287385855, 0.000778616173193, 0.00054204731714, 0.000474444008432, 0.00105687801261, 0.000437152484665, 0.000332990573952, 0.000210552723729, 0.000153991670231, 0.000237010841374, 0.000213405292016, 8.80303923623e-05, 2.26077208936e-05, 2.09447625821e-05, 2.55869017565e-05, 2.74500598607e-05, 2.46343115577e-05, 7.95832238509e-06, 1.59016462931e-06, 4.61790738981e-09],
        "dmean2": [0.000151904256199, 0.000608666276094, 0.000523536698893, 0.000541854533367, 0.000743541284464, 0.000673519854899, 0.00129730370827, 0.0017665126361, 0.00119151896797, 0.000844095600769, 0.000707061612047, 0.00159164366778, 0.000682953977957, 0.000504204363097, 0.00031520696939, 0.000233260288951, 0.000362765043974, 0.000314418924972, 0.000138835195685, 3.41175255016e-05, 3.11126823362e-05, 3.70084962924e-05, 3.95708229917e-05, 3.54439907824e-05, 1.10669907372e-05, 2.2341021122e-06, 8.1267277352e-09],
        "dvar": [1.55842467819e-08, 9.85014253274e-07, 4.94790242556e-07, 5.09005189997e-07, 5.117941555e-07, 7.0672331276e-07, 2.75856586995e-06, 5.30095576323e-06, 3.27450356963e-06, 1.38175960274e-06, 1.71214253442e-06, 8.69341602083e-06, 1.31532010528e-06, 1.06995992155e-06, 3.46224823033e-07, 1.76589608714e-07, 2.85064288619e-07, 1.97343752006e-07, 3.94021313355e-08, 2.47103515427e-09, 2.20059881428e-09, 5.18504883473e-09, 5.67142288688e-09, 3.61801455462e-09, 3.92549465156e-10, 1.7313050299e-11, 3.31966982166e-16],
        "dvar2": [4.91450400375e-08, 1.74780007001e-06, 1.40342990562e-06, 1.65392805229e-06, 1.42885448895e-06, 1.67273174156e-06, 6.24687118034e-06, 1.30405869641e-05, 7.37022764952e-06, 3.28744317812e-06, 3.76473417418e-06, 2.02234423341e-05, 3.03992169393e-06, 2.28545559366e-06, 7.39505253478e-07, 3.68762982816e-07, 6.48688569527e-07, 4.19436190668e-07, 9.80891030622e-08, 5.4431534835e-09, 4.57409532473e-09, 1.06375601661e-08, 1.1663701116e-08, 7.18569381775e-09, 7.70240038417e-10, 3.30382249336e-11, 9.09471239807e-16],
        "max": [0.00155903107952, 0.0106249423698, 0.00788293406367, 0.0146080385894, 0.0113219199702, 0.0379082784057, 0.0461211279035, 0.0345153436065, 0.0375680923462, 0.0236201565713, 0.0432900562882, 0.0581074617803, 0.0243843458593, 0.0231161024421, 0.0189148131758, 0.0121984742582, 0.0125052370131, 0.00981827452779, 0.00495310500264, 0.00141397630796, 0.00139408814721, 0.00130562204868, 0.00117137504276, 0.00107711250894, 0.000479822308989, 0.000192352716113, 3.92676071215e-07],
        "mean": [8.08638360468e-05, 0.000528822711203, 0.000311723357299, 0.000440968346084, 0.000793604762293, 0.000731481297407, 0.00149182917085, 0.00218345667236, 0.00154732353985, 0.00101423042361, 0.000852707598824, 0.00207572989166, 0.000707741710357, 0.000567595823668, 0.000408241845435, 0.000287221424514, 0.000507834774908, 0.000521253270563, 0.000172637417563, 4.04404272558e-05, 3.91670000681e-05, 3.83634505852e-05, 3.77766846213e-05, 3.5526114516e-05, 1.26124350572e-05, 2.3498698738e-06, 3.55015328246e-09],
        "median": [3.30439943355e-05, 7.03043770045e-05, 0.000129306019517, 0.000201344955713, 0.000490033300593, 0.000395380688133, 0.00060297671007, 0.000437808048446, 0.000363796250895, 0.000279717438389, 0.000150255713379, 0.00018232583534, 0.000136781760375, 9.77408999461e-05, 7.94809166109e-05, 6.11275463598e-05, 8.28868505778e-05, 9.11566676223e-05, 3.85393941542e-05, 1.13473779493e-05, 9.91961132968e-06, 8.43346879265e-06, 6.31974126009e-06, 5.50522963749e-06, 1.8461576019e-06, 3.08842857066e-07, 3.54044626949e-10],
        "min": [9.70995083171e-24, 2.82961093487e-23, 1.87154567637e-23, 1.95427036405e-23, 6.95141768435e-23, 6.53916276181e-23, 2.93092591865e-23, 1.73090266325e-23, 4.8525948703e-23, 3.07387067012e-23, 1.37096818294e-22, 5.85026315506e-23, 2.65024523271e-22, 8.67235182788e-23, 2.20881861255e-22, 1.12542014317e-22, 1.84214975292e-22, 1.16052243397e-22, 3.1762013912e-22, 3.67007930984e-22, 3.249150199e-22, 4.65016615694e-22, 4.23336234688e-22, 1.28165325028e-21, 1.16343942703e-21, 1.78026170902e-21, 2.67942359463e-21],
        "var": [1.60498281332e-08, 1.51196718434e-06, 3.8779430156e-07, 6.0430954818e-07, 8.60136367464e-07, 1.40131646731e-06, 7.36861920814e-06, 1.7513973944e-05, 1.00964625744e-05, 3.8033074361e-06, 5.68835002923e-06, 2.66259539785e-05, 2.78655284092e-06, 2.44627426582e-06, 9.68473500507e-07, 5.04408092183e-07, 1.05626054392e-06, 9.95372488433e-07, 1.16026178887e-07, 6.37867092479e-09, 6.61004539992e-09, 8.01787880533e-09, 8.42333580664e-09, 6.49240572415e-09, 8.66267502175e-10, 3.37292277441e-11, 2.46275702917e-16]
    },
    "erbbands": {
        "dmean": [0.0186721887439, 0.0877049043775, 0.297860532999, 0.669151604176, 1.42526137829, 1.40151977539, 1.85531425476, 4.05787277222, 8.38736724854, 17.0761547089, 25.0579814911, 17.5996055603, 16.6732387543, 14.7282114029, 25.8369007111, 40.3280143738, 18.228931427, 16.9333324432, 12.2572441101, 7.29188776016, 8.93911552429, 10.9827508926, 9.91931629181, 6.64300727844, 2.33279085159, 1.07156145573, 0.93686658144, 0.776717305183, 0.889847099781, 0.849101543427, 0.793137490749, 0.626004695892, 0.345652490854, 0.127342283726, 0.0401193872094, 0.0117167420685, 0.00223921472207, 8.73114768183e-05, 4.39478799308e-06, 4.77555113321e-06],
        "dmean2": [0.0276147015393, 0.132328823209, 0.532191038132, 1.16309225559, 2.43350076675, 2.29536104202, 3.02169013023, 6.59418153763, 13.3753080368, 26.7487735748, 39.2116355896, 26.6766319275, 25.5392799377, 22.0326213837, 38.5229644775, 59.3615188599, 27.3185024261, 24.9475822449, 17.8294506073, 10.7686309814, 13.1895370483, 16.2056102753, 14.8693828583, 10.1921348572, 3.64849281311, 1.61391150951, 1.40841400623, 1.13812363148, 1.29540586472, 1.22970640659, 1.14581811428, 0.905235946178, 0.503873348236, 0.179257839918, 0.0569866374135, 0.0162908956409, 0.00321311084554, 0.000125140621094, 5.944591976e-06, 6.86460407451e-06],
        "dvar": [0.00212402897887, 0.0408520437777, 0.5394359231, 1.8199236393, 8.06931114197, 5.04961967468, 9.53903579712, 73.6723022461, 263.042205811, 1456.35876465, 3167.4375, 1869.30834961, 1506.64819336, 1000.96655273, 4160.13232422, 12917.0039062, 1988.97155762, 2671.97265625, 1153.44897461, 373.747375488, 613.276794434, 530.768615723, 426.407836914, 183.783172607, 28.2877502441, 5.71761322021, 4.9962182045, 3.35073256493, 6.34964370728, 5.83317661285, 4.62509441376, 2.50952792168, 0.711146056652, 0.11004114151, 0.0124804545194, 0.000992470537312, 3.22459090967e-05, 5.01510619699e-08, 5.28784759035e-11, 3.76348049946e-11],
        "dvar2": [0.00438725063577, 0.0810219198465, 1.52509212494, 5.62540721893, 24.3508815765, 13.0758934021, 23.2975196838, 174.453277588, 624.955505371, 3435.99707031, 8083.87011719, 4196.17089844, 3497.89501953, 2084.13842773, 9771.31640625, 28589.1464844, 4283.18945312, 5416.07470703, 2246.98266602, 727.268127441, 1210.48388672, 1130.66259766, 990.065856934, 425.686126709, 69.6649932861, 12.6035232544, 10.9805545807, 7.01008892059, 12.9801311493, 12.2568054199, 9.6064119339, 5.01322507858, 1.44348430634, 0.217660173774, 0.0265775807202, 0.0019489065744, 6.58809221932e-05, 1.05485355562e-07, 9.61416501966e-11, 7.88018192366e-11],
        "max": [0.482688009739, 1.78200566769, 7.27936315536, 26.5212631226, 47.117816925, 38.0344047546, 54.6305007935, 351.216705322, 395.233612061, 977.304138184, 932.475585938, 1044.39941406, 1141.77416992, 726.721923828, 1403.35314941, 2184.58569336, 1023.73760986, 1267.1060791, 1254.66271973, 792.903259277, 764.965576172, 632.758605957, 504.141723633, 367.376159668, 178.992401123, 86.4216995239, 76.0888366699, 32.0071525574, 45.8371276855, 46.1941452026, 35.3411598206, 29.6151313782, 13.9069242477, 9.3232793808, 6.01258802414, 1.4893424511, 0.11864387244, 0.00398363545537, 0.000116968345537, 0.000128446670715],
        "mean": [0.0184372682124, 0.109018854797, 0.325785577297, 0.966775000095, 2.1942179203, 2.58533143997, 3.28695726395, 7.01110124588, 15.7466096878, 32.2838363647, 51.64087677, 36.9161758423, 33.6604652405, 30.8234767914, 52.2825927734, 79.7677078247, 35.4189949036, 32.948425293, 25.9642906189, 15.8984413147, 18.5527133942, 28.1521492004, 29.0301456451, 17.8040904999, 4.90763807297, 2.05855846405, 1.74430096149, 1.34569621086, 1.31808543205, 1.22756671906, 1.08183503151, 0.866645872593, 0.504911124706, 0.195810571313, 0.0638768225908, 0.0178401041776, 0.00318794487976, 0.000123326448374, 1.30934831759e-05, 1.92546212929e-05],
        "median": [0.00158855132759, 0.0198105145246, 0.13515868783, 0.501768827438, 1.13936257362, 1.55315470695, 1.92424082756, 3.55711054802, 8.03785133362, 10.8242893219, 11.1498746872, 9.61856365204, 9.73784255981, 10.8224201202, 9.40972614288, 9.55840301514, 8.77095603943, 7.43124961853, 5.05447673798, 3.92330741882, 4.73202133179, 4.69971179962, 5.02992343903, 3.63715076447, 1.60006952286, 0.648222327232, 0.419965922832, 0.363858520985, 0.304389357567, 0.217312633991, 0.181320488453, 0.13300563395, 0.0755543783307, 0.0290883611888, 0.00932720396668, 0.00249913660809, 0.000418228068156, 1.83970587386e-05, 7.84217263572e-06, 1.27802195493e-05],
        "min": [1.52892895854e-21, 3.83956964729e-21, 1.55144396259e-20, 5.43605520982e-20, 1.16494702024e-19, 2.75739752466e-19, 4.92036134764e-19, 4.68381819474e-19, 3.78517434714e-19, 4.53710737334e-19, 3.90403554827e-19, 1.21651850026e-18, 1.11923306463e-18, 1.66229347359e-18, 5.78491491085e-18, 4.69454031663e-18, 1.07257019328e-17, 5.24510221977e-18, 8.03020238504e-18, 1.33227090849e-17, 4.97440116046e-18, 1.03294857281e-17, 5.79652356357e-18, 1.67275656388e-17, 1.18084937623e-17, 1.8529902858e-17, 1.13158613854e-17, 1.62350705739e-17, 1.60578107317e-17, 1.57214360812e-17, 1.22146601226e-17, 1.73026000939e-17, 2.43782650034e-17, 1.33432297816e-17, 9.03104294975e-18, 6.93130534897e-18, 3.24163334625e-18, 1.32821259497e-18, 3.77309389128e-19, 3.84653105069e-20],
        "var": [0.00251460121945, 0.0568997226655, 0.427038699389, 2.24424505234, 10.7916612625, 10.243347168, 20.6176834106, 145.201126099, 557.160522461, 4419.94580078, 10749.9140625, 5741.70898438, 4346.20947266, 3245.4453125, 12816.53125, 38335.3828125, 5186.09179688, 7507.19775391, 3776.31640625, 1268.2322998, 2018.34838867, 2684.72485352, 2797.56445312, 1089.43676758, 76.5602874756, 15.5962028503, 14.6400985718, 7.33230066299, 9.4778137207, 9.30884361267, 6.78247642517, 4.0671210289, 1.34512650967, 0.220770716667, 0.0262952316552, 0.00192349101417, 5.77658647671e-05, 8.52186090583e-08, 2.03059236092e-10, 3.40065642312e-10]
    },
    "gfcc": {
        "mean": [-71.3465042114, 120.593948364, -147.982849121, 11.0094890594, -71.3962097168, 7.58187007904, -44.2167930603, 8.73254299164, -18.8004665375, -9.91187763214, -6.52258968353, -6.09929847717, -11.6768445969],
        "cov": [[8103.53320312, -1344.38891602, -1544.24511719, 61.0908432007, -136.011962891, 508.331512451, 96.8751296997, 452.487701416, -192.205581665, -140.200454712, -110.891212463, 106.32094574, -346.953155518], [-1344.38891602, 1421.14196777, -30.4247932434, -293.866394043, 369.10824585, -286.737243652, 143.379165649, -135.046691895, 145.920013428, -184.656799316, 162.496292114, -78.4929733276, 89.6236877441], [-1544.24511719, -30.4247932434, 1234.61120605, 372.10925293, -254.87612915, 161.331481934, -110.17766571, -61.326965332, -16.7219429016, 195.841659546, -73.7319793701, 18.511095047, 106.505004883], [61.0908432007, -293.866394043, 372.10925293, 499.772003174, -29.5495891571, 92.385093689, -64.2776794434, 25.2934341431, -18.8155708313, 116.487480164, -38.0161628723, 3.50498223305, 49.1769981384], [-136.011962891, 369.10824585, -254.87612915, -29.5495891571, 451.440826416, -68.7810211182, -26.6229476929, -13.4737205505, 105.480003357, -1.09141182899, 49.8365325928, -37.9791221619, 15.6038627625], [508.331512451, -286.737243652, 161.331481934, 92.385093689, -68.7810211182, 315.740478516, 10.1890497208, 22.4945240021, -22.0680885315, 90.6964950562, -42.3794898987, 0.697917878628, 3.85189318657], [96.8751296997, 143.379165649, -110.17766571, -64.2776794434, -26.6229476929, 10.1890497208, 291.414733887, 112.240364075, -12.8902673721, -91.0220031738, 85.6693191528, 38.4843902588, -12.2583465576], [452.487701416, -135.046691895, -61.326965332, 25.2934341431, -13.4737205505, 22.4945240021, 112.240364075, 223.07510376, 7.25626134872, -39.718624115, 46.4005775452, 60.8721466064, -26.9424743652], [-192.205581665, 145.920013428, -16.7219429016, -18.8155708313, 105.480003357, -22.0680885315, -12.8902673721, 7.25626134872, 138.590866089, 41.0417709351, 10.8346862793, -11.6463136673, 23.8021144867], [-140.200454712, -184.656799316, 195.841659546, 116.487480164, -1.09141182899, 90.6964950562, -91.0220031738, -39.718624115, 41.0417709351, 215.948303223, -38.5784721375, -33.8238372803, 28.1200084686], [-110.891212463, 162.496292114, -73.7319793701, -38.0161628723, 49.8365325928, -42.3794898987, 85.6693191528, 46.4005775452, 10.8346862793, -38.5784721375, 136.601577759, 34.7953338623, -7.36979675293], [106.32094574, -78.4929733276, 18.511095047, 3.50498223305, -37.9791221619, 0.697917878628, 38.4843902588, 60.8721466064, -11.6463136673, -33.8238372803, 34.7953338623, 130.195037842, -4.55778360367], [-346.953155518, 89.6236877441, 106.505004883, 49.1769981384, 15.6038627625, 3.85189318657, -12.2583465576, -26.9424743652, 23.8021144867, 28.1200084686, -7.36979675293, -4.55778360367, 119.534507751]],
        "icov": [[0.000436719419667, -0.000579521933105, 0.00112504418939, -0.000743521202821, 0.000751699495595, -0.0011251096148, 0.000677827221807, -0.00101809296757, 0.000486859906232, -0.000406662322348, 0.000781494018156, -0.000587672460824, 0.000808242533822], [-0.000579521933105, 0.0045674177818, -0.00344390026294, 0.00283610844053, -0.00379333645105, 0.00319867930375, -0.00310950307176, 0.00404519261792, -0.00290505378507, 0.0039436314255, -0.00363251427189, 0.00318627012894, -0.00267162756063], [0.00112504418939, -0.00344390026294, 0.00533057050779, -0.00366036919877, 0.00420776149258, -0.00400578742847, 0.00304198265076, -0.00358345056884, 0.00207286700606, -0.00333263608627, 0.00319677800871, -0.00308908522129, 0.00213860231452], [-0.000743521202821, 0.00283610844053, -0.00366036919877, 0.00523024983704, -0.003220241284, 0.0026323357597, -0.00184964307118, 0.00188499107026, -0.000693120993674, 0.00132552708965, -0.00226978491992, 0.00219835271128, -0.00283409957774], [0.000751699495595, -0.00379333645105, 0.00420776149258, -0.003220241284, 0.00686836801469, -0.00317857414484, 0.00346947368234, -0.00340656447224, 7.00273303664e-05, -0.00290775252506, 0.00177658570465, -0.00197503622621, 0.00209982180968], [-0.0011251096148, 0.00319867930375, -0.00400578742847, 0.0026323357597, -0.00317857414484, 0.0078985048458, -0.00374232162721, 0.00326734269038, -0.00127676152624, 0.000534546677954, -0.00178969535045, 0.00236839847639, -0.00255624228157], [0.000677827221807, -0.00310950307176, 0.00304198265076, -0.00184964307118, 0.00346947368234, -0.00374232162721, 0.0081466184929, -0.00526270689443, 0.00200756406412, -0.000787997792941, -0.000263660156634, -0.0016328827478, 0.00137343839742], [-0.00101809296757, 0.00404519261792, -0.00358345056884, 0.00188499107026, -0.00340656447224, 0.00326734269038, -0.00526270689443, 0.0112264817581, -0.00431829923764, 0.00387881277129, -0.00412570126355, 0.000695192196872, -0.00152103241999], [0.000486859906232, -0.00290505378507, 0.00207286700606, -0.000693120993674, 7.00273303664e-05, -0.00127676152624, 0.00200756406412, -0.00431829923764, 0.0124460868537, -0.00531174521893, 0.00257329340093, -0.00192127737682, 0.000150702413521], [-0.000406662322348, 0.0039436314255, -0.00333263608627, 0.00132552708965, -0.00290775252506, 0.000534546677954, -0.000787997792941, 0.00387881277129, -0.00531174521893, 0.0115016195923, -0.00354428519495, 0.00409686611965, -0.00226765545085], [0.000781494018156, -0.00363251427189, 0.00319677800871, -0.00226978491992, 0.00177658570465, -0.00178969535045, -0.000263660156634, -0.00412570126355, 0.00257329340093, -0.00354428519495, 0.0139618031681, -0.00500599946827, 0.00293746031821], [-0.000587672460824, 0.00318627012894, -0.00308908522129, 0.00219835271128, -0.00197503622621, 0.00236839847639, -0.0016328827478, 0.000695192196872, -0.00192127737682, 0.00409686611965, -0.00500599946827, 0.0121732559055, -0.00250170333311], [0.000808242533822, -0.00267162756063, 0.00213860231452, -0.00283409957774, 0.00209982180968, -0.00255624228157, 0.00137343839742, -0.00152103241999, 0.000150702413521, -0.00226765545085, 0.00293746031821, -0.00250170333311, 0.0121707664803]]
    },
    "melbands": {
        "dmean": [0.00014054265921, 0.000135699869134, 0.0001365144999, 0.000103911464976, 6.07553847658e-05, 8.9979985205e-05, 0.000140197676956, 0.000195444968995, 0.000200561436941, 0.00010871370614, 8.53017772897e-05, 6.23395389994e-05, 7.7269403846e-05, 0.000135880647576, 6.18400445092e-05, 4.23657584179e-05, 3.14227581839e-05, 2.15248019231e-05, 1.20618797155e-05, 8.93270407687e-06, 1.19573633128e-05, 1.20478725876e-05, 1.26696004372e-05, 8.85867029865e-06, 5.79554580327e-06, 2.48164155892e-06, 1.01689340681e-06, 6.92705498295e-07, 6.72884766573e-07, 4.80011692616e-07, 4.86100361741e-07, 5.27346060153e-07, 5.28828081769e-07, 4.78078789001e-07, 4.77860567116e-07, 4.55640474684e-07, 3.68421467556e-07, 2.82446450228e-07, 1.62283143368e-07, 9.54740215775e-08],
        "dmean2": [0.000195187196368, 0.000228758508456, 0.000235786559642, 0.000175355118699, 9.91160268313e-05, 0.000145730489749, 0.000220824993448, 0.000304910179693, 0.000310209055897, 0.000164209690411, 0.000131019114633, 9.38094672165e-05, 0.000114867609227, 0.000202142706257, 9.12619652809e-05, 6.39247373329e-05, 4.65160810563e-05, 3.17316735163e-05, 1.81668237929e-05, 1.3541064618e-05, 1.78256213985e-05, 1.7957891032e-05, 1.94950516743e-05, 1.37753677336e-05, 8.99045335245e-06, 3.93628897655e-06, 1.58627040037e-06, 1.06403751943e-06, 1.03868455881e-06, 7.21978665297e-07, 7.27728718175e-07, 7.84973053669e-07, 7.86295515809e-07, 7.05421541625e-07, 7.03803038959e-07, 6.70550491577e-07, 5.42283146387e-07, 4.19478084268e-07, 2.35880904143e-07, 1.37102972531e-07],
        "dvar": [1.04503570242e-07, 9.86071881925e-08, 7.16869124062e-08, 3.31551142096e-08, 8.80155948124e-09, 3.61960204032e-08, 6.92234536359e-08, 1.5984042534e-07, 2.06731058938e-07, 6.79622473854e-08, 3.85034759631e-08, 1.84358484034e-08, 4.16725249863e-08, 1.6214734444e-07, 2.37903279299e-08, 1.31169031192e-08, 9.14060738211e-09, 3.9762921844e-09, 1.4303136453e-09, 4.25446566865e-10, 1.17959342294e-09, 7.5414469114e-10, 8.26677726273e-10, 3.54116708179e-10, 1.55724114159e-10, 3.27597116101e-11, 5.98144494005e-12, 2.6611599209e-12, 2.99301360605e-12, 1.43306633921e-12, 1.40143821027e-12, 2.17444486895e-12, 2.50138494987e-12, 1.89884045987e-12, 1.67485372359e-12, 1.49701312544e-12, 8.85047081196e-13, 4.78597792907e-13, 1.90534775999e-13, 6.92596140487e-14],
        "dvar2": [1.95146981241e-07, 2.64764253188e-07, 2.26937757475e-07, 9.56747925329e-08, 2.19157936243e-08, 8.62424727188e-08, 1.59796726962e-07, 3.69727956695e-07, 5.09587550823e-07, 1.52376671281e-07, 8.99480028238e-08, 3.92134325011e-08, 9.46890565956e-08, 3.76782026024e-07, 4.86969007341e-08, 3.01850420215e-08, 1.81829236112e-08, 7.92774468295e-09, 3.06961811525e-09, 8.562468512e-10, 2.30130359213e-09, 1.61727953252e-09, 1.98779348537e-09, 8.2797707579e-10, 3.68158808994e-10, 8.15806172616e-11, 1.38909838493e-11, 6.03895405904e-12, 7.06007648177e-12, 3.14759720024e-12, 3.0790324717e-12, 4.56390567699e-12, 5.46731800458e-12, 4.19503711283e-12, 3.61209109498e-12, 3.10608136433e-12, 1.82656667569e-12, 1.01921943108e-12, 3.93904527052e-13, 1.47701051693e-13],
        "max": [0.00351545074955, 0.00305488682352, 0.00532091222703, 0.0030964887701, 0.00169533689041, 0.0084537640214, 0.00549568980932, 0.00981932226568, 0.00876888539642, 0.00582184875384, 0.00552825676277, 0.00270037073642, 0.00662187160924, 0.00857159588486, 0.00352157396264, 0.00248214229941, 0.00224637007341, 0.00212644436397, 0.00167956971563, 0.000526619318407, 0.00106661114842, 0.000922348583117, 0.000719115079846, 0.000496189983096, 0.000350120855728, 0.000152956068632, 6.96540810168e-05, 5.4425720009e-05, 5.87131980865e-05, 4.25249781983e-05, 1.85082717508e-05, 2.72214838333e-05, 3.47960922227e-05, 2.39506171056e-05, 2.06584954867e-05, 1.79313428816e-05, 1.89284692169e-05, 1.1154396816e-05, 1.07047198981e-05, 7.69089001551e-06],
        "mean": [0.000157334652613, 0.000159829753102, 0.000205429983907, 0.000180336210178, 0.000112868918222, 0.000155278656166, 0.000261819659499, 0.00037392473314, 0.000407357991207, 0.000218387314817, 0.00016508041881, 0.000121287041111, 0.00014562276192, 0.000257996522123, 0.000112092551717, 7.21780888853e-05, 5.75388476136e-05, 4.20424476033e-05, 2.46228064498e-05, 1.79613471119e-05, 2.27884211199e-05, 2.60624547082e-05, 3.44661602867e-05, 2.2725573217e-05, 1.3879155631e-05, 4.59425837107e-06, 1.78351444902e-06, 1.17178308301e-06, 1.15877389817e-06, 8.41146970743e-07, 7.63335037846e-07, 7.47866749862e-07, 7.36361528197e-07, 6.52603432627e-07, 6.2947879087e-07, 5.97809048486e-07, 4.94940536555e-07, 3.92804309968e-07, 2.35253068581e-07, 1.4001906834e-07],
        "median": [2.09750032809e-05, 5.89378760196e-05, 0.000110791421321, 0.000104787468445, 7.00372183928e-05, 7.91453931015e-05, 0.000128773710458, 0.000113808891911, 7.68384634284e-05, 5.30920333404e-05, 4.22402663389e-05, 3.92906804336e-05, 2.70499222097e-05, 2.30722307606e-05, 1.86655161087e-05, 1.37162378451e-05, 1.03362690425e-05, 7.3172386692e-06, 5.09373148816e-06, 3.91985349779e-06, 4.56812131233e-06, 4.33432251157e-06, 4.37349126514e-06, 4.09968788517e-06, 2.53300231634e-06, 1.26568511405e-06, 4.7370019729e-07, 3.31611602178e-07, 2.42993678512e-07, 2.10467405282e-07, 1.93670103954e-07, 1.61639718499e-07, 1.50465496063e-07, 1.0024941588e-07, 1.02252968759e-07, 8.87518041282e-08, 7.08832317287e-08, 5.52702275058e-08, 3.33145706577e-08, 2.01016874257e-08],
        "min": [1.09871221593e-23, 7.06036189971e-24, 1.11162515897e-23, 1.26385204228e-23, 1.69836073096e-23, 1.0544982188e-23, 6.30378749362e-24, 4.59676270334e-24, 3.36854690025e-24, 8.02406751369e-24, 5.37597110653e-24, 5.41667987911e-24, 1.90755354793e-23, 9.93316691345e-24, 2.20134996149e-23, 2.02087957008e-23, 8.62196333756e-24, 1.1121166982e-23, 1.83900043086e-23, 1.29696503098e-23, 5.19083728499e-24, 1.22252866817e-23, 5.76755456013e-24, 5.21227773553e-24, 1.51058122771e-23, 8.94873476805e-24, 9.55294226802e-24, 1.29008742607e-23, 6.37278205725e-24, 9.45433859917e-24, 8.84843268167e-24, 9.40521149744e-24, 8.3121145512e-24, 8.93743670216e-24, 7.45518204961e-24, 6.49804251938e-24, 1.28217183797e-23, 2.03424650257e-23, 1.33905557233e-23, 1.03535635116e-23],
        "var": [1.47311197907e-07, 9.27413665863e-08, 9.29614927259e-08, 5.39452535975e-08, 2.04272385673e-08, 7.06944121021e-08, 1.59930792165e-07, 4.93371885568e-07, 6.84200642809e-07, 2.08053421602e-07, 1.10704824863e-07, 5.59509061304e-08, 1.29404341465e-07, 4.61424775722e-07, 6.51749658687e-08, 2.89843704593e-08, 2.55552858874e-08, 1.17090959151e-08, 3.560550077e-09, 1.4780618951e-09, 3.78210307517e-09, 2.63310706572e-09, 5.00890662281e-09, 1.9073695956e-09, 7.69814212376e-10, 8.28226584537e-11, 1.35460150041e-11, 6.17118899385e-12, 7.91344247075e-12, 3.59739928818e-12, 2.50909145891e-12, 3.17516997937e-12, 3.40672000158e-12, 2.81024010486e-12, 2.35853415791e-12, 2.17022211833e-12, 1.39275125721e-12, 8.44602111773e-13, 3.5311291109e-13, 1.23085081623e-13]
    },
    "mfcc": {
        "mean": [-702.933654785, 146.096725464, -16.6052951813, 0.0946587100625, -4.43217515945, -11.138926506, -9.95153999329, 6.89822530746, -9.24006271362, -3.55194306374, 2.18796944618, 2.52869343758, -5.49100780487],
        "cov": [[7454.31933594, -1214.66711426, -1520.58129883, -341.995391846, -235.758041382, -56.7247695923, 186.069793701, 516.062438965, -28.5127563477, -54.2702293396, 200.201721191, 278.71307373, -164.7421875], [-1214.66711426, 1562.13208008, -382.123809814, -57.5349617004, 110.257911682, -113.129394531, -25.2090988159, 57.6777687073, -19.6569080353, -94.9574813843, 9.87478923798, 26.4497814178, 36.8676261902], [-1520.58129883, -382.123809814, 1491.97705078, 171.682617188, -50.2361297607, 177.570098877, 8.22030162811, -179.108657837, 61.4481697083, 82.9121017456, -113.27155304, -117.469734192, 62.8574752808], [-341.995391846, -57.5349617004, 171.682617188, 363.890716553, 92.8894882202, -3.53296232224, 1.92384529114, -28.1975860596, 8.31846046448, 33.9859924316, -1.44042539597, -58.7877159119, 20.0728092194], [-235.758041382, 110.257911682, -50.2361297607, 92.8894882202, 382.503845215, 100.61857605, -93.5070495605, -119.913322449, 23.8691520691, 78.1087799072, 2.63566422462, -51.6140441895, -3.7979414463], [-56.7247695923, -113.129394531, 177.570098877, -3.53296232224, 100.61857605, 268.700073242, -16.1700248718, -141.566192627, 39.0987243652, 83.9737548828, -15.0469398499, -54.2800979614, -7.03098917007], [186.069793701, -25.2090988159, 8.22030162811, 1.92384529114, -93.5070495605, -16.1700248718, 212.542007446, 114.878700256, -11.4411754608, 6.12200403214, 12.8350391388, 41.8031425476, 13.9772701263], [516.062438965, 57.6777687073, -179.108657837, -28.1975860596, -119.913322449, -141.566192627, 114.878700256, 325.871917725, -11.8195514679, -102.691749573, 46.5793037415, 108.141136169, 14.6771125793], [-28.5127563477, -19.6569080353, 61.4481697083, 8.31846046448, 23.8691520691, 39.0987243652, -11.4411754608, -11.8195514679, 127.353507996, 48.164352417, -16.8141517639, -1.39870929718, 3.03295278549], [-54.2702293396, -94.9574813843, 82.9121017456, 33.9859924316, 78.1087799072, 83.9737548828, 6.12200403214, -102.691749573, 48.164352417, 186.741317749, 6.61484336853, -58.6445999146, -10.194393158], [200.201721191, 9.87478923798, -113.27155304, -1.44042539597, 2.63566422462, -15.0469398499, 12.8350391388, 46.5793037415, -16.8141517639, 6.61484336853, 131.966262817, 55.3378944397, -18.985710144], [278.71307373, 26.4497814178, -117.469734192, -58.7877159119, -51.6140441895, -54.2800979614, 41.8031425476, 108.141136169, -1.39870929718, -58.6445999146, 55.3378944397, 198.083847046, 33.507106781], [-164.7421875, 36.8676261902, 62.8574752808, 20.0728092194, -3.7979414463, -7.03098917007, 13.9772701263, 14.6771125793, 3.03295278549, -10.194393158, -18.985710144, 33.507106781, 99.0458831787]],
