{
"lowlevel": {
    "average_loudness": 0.93719625473,
    "barkbands_crest": {
        "dmean": 2.05541682243,
        "dmean2": 3.40632557869,
        "dvar": 4.14303064346,
        "dvar2": 10.5398950577,
        "max": 24.5402584076,
        "mean": 6.81429004669,
        "median": 6.13983821869,
        "min": 2.0392203331,
        "var": 10.2111558914
    },
    "barkbands_flatness_db": {
        "dmean": 0.0158848799765,
        "dmean2": 0.024945391342,
        "dvar": 0.000273381127045,
        "dvar2": 0.000599249382503,
        "max": 0.34596735239,
        "mean": 0.105459675193,
        "median": 0.0984964072704,
        "min": 0.0242777988315,
        "var": 0.00134010810871
    },
    "barkbands_kurtosis": {
        "dmean": 1.1973054409,
        "dmean2": 1.9992827177,
        "dvar": 28.1815185547,
        "dvar2": 74.2442092896,
        "max": 248.052871704,
        "mean": 0.724001169205,
        "median": -0.540723323822,
        "min": -1.84074306488,
        "var": 39.0736351013
    },
    "barkbands_skewness": {
        "dmean": 0.406888008118,
        "dmean2": 0.639934360981,
        "dvar": 0.217567116022,
        "dvar2": 0.532632887363,
        "max": 11.4752845764,
        "mean": 0.236377567053,
        "median": 0.241722866893,
        "min": -2.94252252579,
        "var": 1.21262860298
    },
    "barkbands_spread": {
        "dmean": 6.00487565994,
        "dmean2": 9.46775627136,
        "dvar": 36.9484672546,
        "dvar2": 90.5643310547,
        "max": 83.6993408203,
        "mean": 31.7014884949,
        "median": 30.8497333527,
        "min": 0.488102465868,
        "var": 165.096694946
    },
    "dissonance": {
        "dmean": 0.0137204229832,
        "dmean2": 0.0228432882577,
        "dvar": 0.000287843315164,
        "dvar2": 0.000671805639286,
        "max": 0.500000119209,
        "mean": 0.475151211023,
        "median": 0.482963681221,
        "min": 0.117742471397,
        "var": 0.000860967673361
    },
    "dynamic_complexity": 2.5519926548,
    "erbbands_crest": {
        "dmean": 2.24794006348,
        "dmean2": 3.68834972382,
        "dvar": 5.67287397385,
        "dvar2": 13.7559232712,
        "max": 29.4362411499,
        "mean": 7.69434261322,
        "median": 6.66657781601,
        "min": 2.1583738327,
        "var": 16.3640155792
    },
    "erbbands_flatness_db": {
        "dmean": 0.0164567809552,
        "dmean2": 0.0239486508071,
        "dvar": 0.000256117898971,
        "dvar2": 0.000480710965348,
        "max": 0.403935104609,
        "mean": 0.164415791631,
        "median": 0.161580577493,
        "min": 0.0545126609504,
        "var": 0.00227136630565
    },
    "erbbands_kurtosis": {
        "dmean": 0.790351629257,
        "dmean2": 1.27343940735,
        "dvar": 3.04213047028,
        "dvar2": 7.48427438736,
        "max": 71.8263015747,
        "mean": 0.173974618316,
        "median": -0.289565324783,
        "min": -1.79229950905,
        "var": 5.52062749863
    },
    "erbbands_skewness": {
        "dmean": 0.335778415203,
        "dmean2": 0.523167312145,
        "dvar": 0.105124346912,
        "dvar2": 0.245942831039,
        "max": 7.66193723679,
        "mean": -0.208116039634,
        "median": -0.279468923807,
        "min": -4.51806974411,
        "var": 0.611845731735
    },
    "erbbands_spread": {
        "dmean": 7.19926357269,
        "dmean2": 11.2450857162,
        "dvar": 69.0914611816,
        "dvar2": 168.014938354,
        "max": 121.539680481,
        "mean": 36.5062294006,
        "median": 34.9223594666,
        "min": 3.52713108063,
        "var": 238.749481201
    },
    "hfc": {
        "dmean": 6.00285625458,
        "dmean2": 8.60719299316,
        "dvar": 68.3243331909,
        "dvar2": 138.334915161,
        "max": 184.187606812,
        "mean": 27.0115795135,
        "median": 27.2150382996,
        "min": 1.04222910915e-16,
        "var": 392.1328125
    },
    "melbands_crest": {
        "dmean": 3.08414721489,
        "dmean2": 5.07182455063,
        "dvar": 9.96864318848,
        "dvar2": 26.0480747223,
        "max": 33.5977363586,
        "mean": 9.19380187988,
        "median": 8.17018890381,
        "min": 1.00067746639,
        "var": 25.1346206665
    },
    "melbands_flatness_db": {
        "dmean": 0.0196582768112,
        "dmean2": 0.030664537102,
        "dvar": 0.000503850635141,
        "dvar2": 0.00116809550673,
        "max": 0.442745089531,
        "mean": 0.111644774675,
        "median": 0.104102887213,
        "min": -3.19259555681e-07,
        "var": 0.00426143920049
    },
    "melbands_kurtosis": {
        "dmean": 3.11978769302,
        "dmean2": 5.20794487,
        "dvar": 65.2512359619,
        "dvar2": 166.128677368,
        "max": 252.470611572,
        "mean": 3.69531011581,
        "median": 1.06254124641,
        "min": -1.90947782993,
        "var": 113.120193481
    },
    "melbands_skewness": {
        "dmean": 0.535199522972,
        "dmean2": 0.84115922451,
        "dvar": 0.465108126402,
        "dvar2": 1.15415966511,
        "max": 10.5743865967,
        "mean": 1.34445166588,
        "median": 1.12346065044,
        "min": -1.09917104244,
        "var": 1.39864349365
    },
    "melbands_spread": {
        "dmean": 11.7742195129,
        "dmean2": 18.7254257202,
        "dvar": 142.159194946,
        "dvar2": 338.345184326,
        "max": 231.390075684,
        "mean": 55.5831451416,
        "median": 48.6817169189,
        "min": 0.714014947414,
        "var": 1173.47363281
    },
    "pitch_salience": {
        "dmean": 0.0565214194357,
        "dmean2": 0.093158185482,
        "dvar": 0.00283826841041,
        "dvar2": 0.00752575090155,
        "max": 0.997740745544,
        "mean": 0.646668076515,
        "median": 0.648861944675,
        "min": 0.15152938664,
        "var": 0.0101854233071
    },
    "silence_rate_20dB": {
        "dmean": 0,
        "dmean2": 0,
        "dvar": 0,
        "dvar2": 0,
        "max": 1,
        "mean": 1,
        "median": 1,
        "min": 1,
        "var": 0
    },
    "silence_rate_30dB": {
        "dmean": 0.000399241427658,
        "dmean2": 0.000798562599812,
        "dvar": 0.000399146752898,
        "dvar2": 0.000997824012302,
        "max": 1,
        "mean": 0.999500989914,
        "median": 1,
        "min": 0,
        "var": 0.000498946930747
    },
    "silence_rate_60dB": {
        "dmean": 0.0151711748913,
        "dmean2": 0.0303453784436,
        "dvar": 0.0149398548529,
        "dvar2": 0.0322147719562,
        "max": 1,
        "mean": 0.170059874654,
        "median": 0,
        "min": 0,
        "var": 0.141149878502
    },
    "spectral_centroid": {
        "dmean": 286.772216797,
        "dmean2": 459.302703857,
        "dvar": 89175.3046875,
        "dvar2": 218677.515625,
        "max": 11913.5859375,
        "mean": 3076.97802734,
        "median": 2473.54370117,
        "min": 240.987823486,
        "var": 7167278
    },
    "spectral_complexity": {
        "dmean": 3.69497942924,
        "dmean2": 5.75204610825,
        "dvar": 16.1391181946,
        "dvar2": 34.6787147522,
        "max": 58,
        "mean": 23.6770458221,
        "median": 25,
        "min": 0,
        "var": 175.633178711
    },
    "spectral_decrease": {
        "dmean": 1.15827258895e-09,
        "dmean2": 1.75591940987e-09,
        "dvar": 3.91142775121e-18,
        "dvar2": 8.77071349455e-18,
        "max": 2.4305900344e-28,
        "mean": -3.85765375199e-09,
        "median": -3.90731180744e-09,
        "min": -8.12256502059e-08,
        "var": 8.30505465025e-18
    },
    "spectral_energy": {
        "dmean": 0.00469106528908,
        "dmean2": 0.00701181730255,
        "dvar": 5.9386526118e-05,
        "dvar2": 0.000129598483909,
        "max": 0.322584152222,
        "mean": 0.0170097127557,
        "median": 0.0175700373948,
        "min": 9.70745805018e-21,
        "var": 0.00014703522902
    },
    "spectral_energyband_high": {
        "dmean": 0.000690056884196,
        "dmean2": 0.00102772563696,
        "dvar": 1.24206565033e-06,
        "dvar2": 2.65325161308e-06,
        "max": 0.0294524468482,
        "mean": 0.00190370297059,
        "median": 0.00144418957643,
        "min": 6.64476447886e-21,
        "var": 4.23981464337e-06
    },
    "spectral_energyband_low": {
        "dmean": 0.00180587521754,
        "dmean2": 0.00295759318396,
        "dvar": 1.66731661011e-05,
        "dvar2": 4.17665760324e-05,
        "max": 0.0505413413048,
        "mean": 0.00220797862858,
        "median": 0.00105367810465,
        "min": 6.22486669322e-24,
        "var": 1.60549752763e-05
    },
    "spectral_energyband_middle_high": {
        "dmean": 0.00180922076106,
        "dmean2": 0.00273142941296,
        "dvar": 4.72362489745e-06,
        "dvar2": 1.07207561086e-05,
        "max": 0.044431630522,
        "mean": 0.00711227860302,
        "median": 0.00600169412792,
        "min": 1.00215152643e-21,
        "var": 3.26710251102e-05
    },
    "spectral_energyband_middle_low": {
        "dmean": 0.00310254562646,
        "dmean2": 0.00484656821936,
        "dvar": 3.98541451432e-05,
        "dvar2": 9.25229323911e-05,
        "max": 0.276583522558,
        "mean": 0.00671283947304,
        "median": 0.00533048436046,
        "min": 1.20263511075e-22,
        "var": 6.18996200501e-05
    },
    "spectral_entropy": {
        "dmean": 0.113733634353,
        "dmean2": 0.164940267801,
        "dvar": 0.0183932837099,
        "dvar2": 0.0338757000864,
        "max": 9.83045387268,
        "mean": 7.96086168289,
        "median": 7.86623477936,
        "min": 5.3344836235,
        "var": 0.48973441124
    },
    "spectral_flux": {
        "dmean": 0.0161315631121,
        "dmean2": 0.0247887969017,
        "dvar": 0.000443774915766,
        "dvar2": 0.000941049715038,
        "max": 0.524168133736,
        "mean": 0.0736883878708,
        "median": 0.0756488442421,
        "min": 6.11197897848e-11,
        "var": 0.00168773147743
    },
    "spectral_kurtosis": {
        "dmean": 1.24551820755,
        "dmean2": 2.05423259735,
        "dvar": 5.5239481926,
        "dvar2": 13.4245939255,
        "max": 91.0431365967,
        "mean": 3.554261446,
        "median": 2.20684838295,
        "min": -1.29153966904,
        "var": 37.6870346069
    },
    "spectral_rms": {
        "dmean": 0.00050326786004,
        "dmean2": 0.000735872425139,
        "dvar": 4.3438686248e-07,
        "dvar2": 8.60388581714e-07,
        "max": 0.0177402440459,
        "mean": 0.00367133389227,
        "median": 0.00414022943005,
        "min": 3.07744866916e-12,
        "var": 3.11609369419e-06
    },
    "spectral_rolloff": {
        "dmean": 616.494567871,
        "dmean2": 1023.24902344,
        "dvar": 594557.4375,
        "dvar2": 1455843.5,
        "max": 19638.28125,
        "mean": 4565.14794922,
        "median": 3402.24609375,
        "min": 150.732421875,
        "var": 22968192
    },
    "spectral_skewness": {
        "dmean": 0.175341486931,
        "dmean2": 0.280326545238,
        "dvar": 0.0369154587388,
        "dvar2": 0.0837965384126,
        "max": 7.25367879868,
        "mean": 1.07306742668,
        "median": 0.950485408306,
        "min": -0.421777904034,
        "var": 0.696148991585
    },
    "spectral_spread": {
        "dmean": 515668.9375,
        "dmean2": 772419.3125,
        "dvar": 477646487552,
        "dvar2": 1.02268849357e+12,
        "max": 43161492,
        "mean": 7639028.5,
        "median": 4149183,
        "min": 969207.8125,
        "var": 1.15755534254e+14
    },
    "spectral_strongpeak": {
        "dmean": 0.801115751266,
        "dmean2": 1.3527854681,
        "dvar": 1.45319414139,
        "dvar2": 3.74728894234,
        "max": 16.7934036255,
        "mean": 1.29531419277,
        "median": 0.654389262199,
        "min": 0,
        "var": 2.5679166317
    },
    "zerocrossingrate": {
        "dmean": 0.0109970746562,
        "dmean2": 0.0139862503856,
        "dvar": 0.000137815804919,
        "dvar2": 0.00019343191525,
        "max": 0.7958984375,
        "mean": 0.137048065662,
        "median": 0.1025390625,
        "min": 0.01025390625,
        "var": 0.0150292403996
    },
    "barkbands": {
        "dmean": [4.66684541607e-05, 0.000785962911323, 0.000812454672996, 0.00111927464604, 0.00108509324491, 0.0005930083571, 0.000605910725426, 0.000518444052432, 0.000388217857108, 0.000809785735328, 0.000459227507235, 0.000436545815319, 0.000229512806982, 0.000409504544223, 0.000293723744107, 0.000241233836277, 0.000251594086876, 0.00041452673031, 0.000369805493392, 0.000382732629078, 0.000276286998997, 0.000179827577085, 0.000145926955156, 6.43731473247e-05, 3.20405852108e-05, 5.13101531396e-06, 8.5146441009e-09],
        "dmean2": [7.92046776041e-05, 0.00133607082535, 0.00138856784906, 0.00190466130152, 0.00180469627958, 0.000951729831286, 0.000946451502386, 0.000795851403382, 0.000604228291195, 0.00127827737015, 0.000732755986974, 0.000719714036677, 0.000378031400032, 0.000668621389195, 0.000473529944429, 0.000380050129024, 0.000416004069848, 0.000674245995469, 0.000596650352236, 0.000611041439697, 0.000440758856712, 0.000273466837825, 0.000213462742977, 9.38632947509e-05, 4.58484137198e-05, 7.49909031583e-06, 1.46345930929e-08],
        "dvar": [4.13641387809e-09, 2.80476001535e-06, 4.06534081776e-06, 1.13012893053e-05, 5.04167792315e-06, 1.48962601543e-06, 7.5771677075e-06, 3.5049708913e-06, 1.36024164021e-06, 2.84496150016e-06, 9.83426730272e-07, 9.41358507589e-07, 3.51372023033e-07, 6.75786736792e-07, 4.11576991155e-07, 2.52394812605e-07, 2.2914632325e-07, 4.255386159e-07, 3.21593518038e-07, 3.57752952596e-07, 2.15691670746e-07, 1.7782090822e-07, 1.24905298549e-07, 1.39833646884e-08, 2.84895596003e-09, 9.14265468888e-11, 1.08057380098e-15],
        "dvar2": [1.10308500112e-08, 7.27753922547e-06, 1.07585474325e-05, 2.99146540783e-05, 1.30131847982e-05, 3.19398918691e-06, 1.7472264517e-05, 7.48159163777e-06, 2.93162838716e-06, 7.03599198459e-06, 2.42548435381e-06, 2.46221566158e-06, 9.11526342406e-07, 1.69930649463e-06, 9.54189090407e-07, 5.762182127e-07, 5.61387423659e-07, 1.07457924514e-06, 7.68765687553e-07, 8.48979652801e-07, 5.27210374912e-07, 4.1888688429e-07, 2.5489882205e-07, 2.80744441028e-08, 5.63994184688e-09, 1.95020041782e-10, 2.94141317714e-15],
        "max": [0.000754628155846, 0.0290206000209, 0.0284575726837, 0.041099883616, 0.0514177829027, 0.04796634987, 0.209237933159, 0.0797387808561, 0.0482966415584, 0.0261514689773, 0.0190622806549, 0.0207276456058, 0.0192255675793, 0.0212889928371, 0.0186243969947, 0.0118826627731, 0.0118940277025, 0.013426579535, 0.0103698680177, 0.0156285855919, 0.0132055291906, 0.0155407581478, 0.0155789218843, 0.00381656829268, 0.00185232143849, 0.000259975873632, 1.21741163639e-06],
        "mean": [5.45279835933e-05, 0.000869312963914, 0.000814453174826, 0.00105856312439, 0.00160887499806, 0.00106039771345, 0.000960541656241, 0.000753565516789, 0.000621822895482, 0.00135214743204, 0.000737451249734, 0.000704028178006, 0.000363253202522, 0.000699850497767, 0.000478754169308, 0.000415368034737, 0.000487657700432, 0.000879692146555, 0.000808700220659, 0.000868907605764, 0.0005654116394, 0.000361811224138, 0.000288285751594, 0.000130297310534, 5.79226471018e-05, 8.0492318375e-06, 2.11005861672e-08],
        "median": [2.78601528407e-05, 0.000389587396057, 0.000247272226261, 0.000305643188767, 0.000888003443833, 0.000691926688887, 0.000483566254843, 0.000270872435067, 0.000228357705055, 0.000419271731516, 0.00020429349388, 0.00022674354841, 0.000119041302241, 0.000243970032898, 0.00017898529768, 0.000172046187799, 0.000280671287328, 0.000556017097551, 0.000554256490432, 0.000550903030671, 0.00036261047353, 0.000185253331438, 0.000152691514813, 6.74272523611e-05, 2.25975963986e-05, 2.08603705687e-06, 5.48874168338e-10],
        "min": [1.61467501347e-26, 1.62510345882e-24, 1.76111742628e-25, 3.90380588635e-25, 3.78140159373e-24, 5.61464215669e-24, 5.81023942928e-24, 3.07465736166e-24, 7.35744612776e-24, 6.4762052718e-24, 7.80376232869e-24, 1.48245928307e-23, 1.76837418733e-23, 1.66583189376e-23, 2.48639270114e-23, 3.33257034647e-23, 4.81983158364e-23, 7.6740496145e-23, 9.20269733466e-23, 1.08761136527e-22, 1.96587204672e-22, 2.46926943389e-22, 3.15564228761e-22, 4.23295441112e-22, 8.15056640855e-22, 1.21283055104e-21, 1.80344780777e-21],
        "var": [5.18871212662e-09, 2.54492192653e-06, 3.37222581948e-06, 8.7455555331e-06, 7.04532703821e-06, 2.69958786703e-06, 8.14503800939e-06, 5.10947211296e-06, 2.48974220085e-06, 6.76302443026e-06, 1.97089843823e-06, 1.99242458621e-06, 6.44779277081e-07, 1.63961010458e-06, 8.36825108763e-07, 5.29905719304e-07, 5.44091676602e-07, 1.25567430587e-06, 9.31307397423e-07, 1.20655658975e-06, 4.71120529255e-07, 3.34630811949e-07, 3.01413336956e-07, 3.86706986433e-08, 7.74118280589e-09, 1.92826241086e-10, 6.84256084682e-15]
    },
    "erbbands": {
        "dmean": [0.01654391177, 0.21210719645, 0.877034604549, 2.28642010689, 4.05397701263, 3.56795716286, 4.0973944664, 5.22581005096, 7.97919893265, 10.4804983139, 10.4569892883, 9.28193187714, 22.909778595, 16.7417201996, 19.1647109985, 18.2763328552, 11.4205141068, 19.6340904236, 16.1535778046, 13.1103687286, 11.0988168716, 12.4464225769, 19.5186462402, 20.9037456512, 17.0966701508, 18.7301635742, 14.3812227249, 8.10311222076, 6.57045269012, 5.5856051445, 3.77675938606, 1.7926595211, 0.912039399147, 0.391946554184, 0.218774855137, 0.0480404570699, 0.00552836759016, 0.000245020200964, 1.14381891763e-05, 6.36592267256e-06],
        "dmean2": [0.0282875522971, 0.35988727212, 1.49212515354, 3.90793204308, 6.92136287689, 5.87621164322, 6.61899518967, 8.4931936264, 12.88585186, 16.1326122284, 16.1198883057, 14.3632335663, 36.244846344, 26.2330684662, 30.5623817444, 30.1737880707, 18.7225990295, 31.9756717682, 25.9753932953, 20.7968502045, 17.5403175354, 20.2582702637, 31.6757678986, 33.4124946594, 27.3681812286, 29.978597641, 23.2786254883, 12.6084127426, 10.0896263123, 8.28087329865, 5.52222728729, 2.63388872147, 1.32092857361, 0.56593978405, 0.317716866732, 0.0696538165212, 0.00802620407194, 0.000360835343599, 1.60764520842e-05, 9.09228947421e-06],
        "dvar": [0.000735405774321, 0.23469555378, 4.79288244247, 41.0406188965, 119.075996399, 58.1834259033, 80.3735427856, 136.339324951, 1485.5838623, 1881.81237793, 1297.02087402, 716.18347168, 2816.82421875, 1609.46032715, 1849.68835449, 1813.45703125, 831.731384277, 1685.29858398, 1228.70361328, 617.361206055, 614.989318848, 527.980529785, 931.234436035, 1069.43273926, 748.754211426, 838.789306641, 539.907653809, 250.05859375, 249.136444092, 186.042694092, 79.6505355835, 14.0862455368, 2.30295538902, 0.430706620216, 0.144929021597, 0.00834063068032, 0.000103356607724, 2.06969332339e-07, 2.62776050919e-10, 8.72230204729e-11],
        "dvar2": [0.00192427716684, 0.611933708191, 12.5934057236, 109.871871948, 323.07409668, 142.298400879, 186.129547119, 313.725189209, 4071.88623047, 3623.59985352, 2596.49682617, 1575.72485352, 6891.18212891, 3940.02587891, 4496.70166016, 4847.94726562, 2145.48925781, 4219.25341797, 2814.86035156, 1404.02307129, 1414.44824219, 1226.76367188, 2352.68066406, 2529.67773438, 1801.23156738, 2052.1496582, 1326.69311523, 596.83026123, 603.61730957, 407.055175781, 148.376098633, 28.0025520325, 4.71713829041, 0.827557742596, 0.299494445324, 0.0179718341678, 0.00021679243946, 4.37476472825e-07, 5.50004430888e-10, 1.7838233668e-10],
        "max": [0.39595746994, 8.21189498901, 30.74634552, 82.0282974243, 129.318557739, 257.545227051, 308.600128174, 467.084747314, 2696.76049805, 3072.59082031, 1470.2512207, 774.765930176, 855.457580566, 1028.04211426, 929.271606445, 936.446533203, 1079.2689209, 1234.28039551, 1099.03442383, 446.81628418, 794.702270508, 683.483459473, 774.921264648, 710.590759277, 662.292175293, 592.33190918, 562.032348633, 543.801025391, 594.339660645, 522.503234863, 436.61340332, 144.25213623, 44.6005897522, 33.6492996216, 8.87768554688, 3.22827601433, 0.245653241873, 0.0100437086076, 0.000377974763978, 0.000366627413314],
        "mean": [0.0199699234217, 0.218036293983, 0.88378983736, 2.33011603355, 4.56490087509, 5.35956716537, 6.57742071152, 8.96655082703, 12.9230270386, 16.2506256104, 16.1430988312, 15.7651481628, 38.6659355164, 30.3294467926, 33.2695808411, 30.9748477936, 19.9624118805, 34.8788146973, 28.267288208, 24.5287227631, 21.5051441193, 27.2701911926, 43.6494750977, 46.827796936, 39.4603385925, 42.691444397, 31.4631481171, 16.7822151184, 12.983133316, 11.1090955734, 7.45060253143, 3.59781217575, 1.77885210514, 0.735782682896, 0.370109826326, 0.0774307027459, 0.00881334580481, 0.000386593077565, 3.20461003867e-05, 2.56358653132e-05],
        "median": [0.00957372970879, 0.0867918878794, 0.287113666534, 0.81379878521, 1.96112918854, 2.75473737717, 3.80995559692, 5.58300113678, 7.20051670074, 6.83064174652, 6.32395935059, 6.6670589447, 12.1113052368, 11.2442111969, 11.6090908051, 11.0040082932, 8.53050804138, 13.39478302, 13.0465679169, 11.4614744186, 10.2669963837, 17.2346916199, 30.0096206665, 29.8253440857, 27.0368843079, 27.7185878754, 21.142036438, 10.155787468, 6.726313591, 5.83257865906, 3.94051837921, 1.94655036926, 0.86266040802, 0.313232421875, 0.13053932786, 0.0215776711702, 0.00218594120815, 0.000114321621368, 2.4006498279e-05, 2.67820632871e-05],
        "min": [1.22641783132e-23, 1.84109015495e-22, 8.60046905515e-22, 2.92425088059e-21, 5.83337986561e-21, 9.00064837262e-21, 3.10817024888e-20, 3.53908255729e-20, 8.49856799694e-20, 1.18238747722e-19, 9.6260235729e-20, 1.93236396278e-19, 3.38560630321e-19, 3.81534963739e-19, 6.96647841278e-19, 7.70546451144e-19, 1.17057978417e-18, 1.08958908283e-18, 1.87396568362e-18, 2.83584914341e-18, 2.51839604267e-18, 3.16889501229e-18, 4.3583439236e-18, 5.46921853494e-18, 5.5478490832e-18, 5.82343257607e-18, 6.71988005235e-18, 7.96487000589e-18, 9.1079500672e-18, 1.03684037487e-17, 8.561828056e-18, 8.62212042367e-18, 7.47989153121e-18, 7.63666128245e-18, 6.06165025273e-18, 3.42856499774e-18, 2.10749283261e-18, 8.62710966693e-19, 2.02737147225e-19, 2.4307668421e-20],
        "var": [0.000864755711518, 0.199233070016, 3.95138049126, 31.9677333832, 97.4921188354, 100.153198242, 144.47076416, 209.602020264, 1137.64099121, 2873.81567383, 2231.38354492, 1428.53308105, 6631.60595703, 4052.63305664, 3728.5925293, 3972.96166992, 1565.30273438, 4149.22314453, 2574.09204102, 1472.05358887, 1322.02111816, 1495.81604004, 2740.17114258, 3467.70849609, 2428.8359375, 2763.44433594, 1385.24401855, 495.528533936, 432.644317627, 381.729309082, 210.793243408, 36.1256599426, 6.68512964249, 1.26397132874, 0.331756383181, 0.017221743241, 0.000241249625105, 4.4982681402e-07, 8.88594864357e-10, 3.01847769002e-10]
    },
    "gfcc": {
        "mean": [-102.656387329, 69.00440979, -133.919189453, 42.821308136, -68.6716918945, 13.7982254028, -36.5669708252, 8.45082759857, -24.1312351227, -1.52337515354, -9.50133323669, -2.98244190216, -5.71880340576],
        "cov": [[118006.507812, 7062.44238281, -15135.6435547, 5870.31445312, -7900.75830078, 1466.03771973, -3778.31152344, 977.475708008, -2889.03588867, -175.561538696, -1024.22814941, -383.456329346, -690.11730957], [7062.44238281, 1212.27502441, -996.408508301, -16.5571460724, -380.35055542, -10.2147789001, -298.80178833, -5.34876489639, -75.8657455444, -74.3237686157, -10.3710622787, -63.5608100891, -1.22823727131], [-15135.6435547, -996.408508301, 2633.00097656, -604.920776367, 984.883728027, -196.176376343, 356.115997314, -85.9845962524, 335.306030273, 58.1233329773, 44.1688728333, 90.6586685181, 11.3383522034], [5870.31445312, -16.5571460724, -604.920776367, 1109.55114746, -447.575866699, -3.68208575249, -56.2907409668, 58.4331817627, -169.743087769, -32.8774490356, -43.6936912537, -37.8172836304, -41.2563552856], [-7900.75830078, -380.35055542, 984.883728027, -447.575866699, 677.040100098, -60.9938316345, 233.627182007, -55.8118209839, 203.79524231, 20.6479244232, 64.5269622803, 25.0686244965, 54.7372817993], [1466.03771973, -10.2147789001, -196.176376343, -3.68208575249, -60.9938316345, 214.140960693, 4.90572166443, 2.68570017815, -78.8748321533, 16.3296165466, -18.6714458466, 9.96349906921, -18.1932487488], [-3778.31152344, -298.80178833, 356.115997314, -56.2907409668, 233.627182007, 4.90572166443, 315.900512695, -24.6731338501, 55.3339576721, -12.1031866074, 75.4676132202, -10.0036373138, 37.9816398621], [977.475708008, -5.34876489639, -85.9845962524, 58.4331817627, -55.8118209839, 2.68570017815, -24.6731338501, 103.131958008, -4.84667396545, 8.41813564301, -29.5582332611, 9.48254680634, -10.5142526627], [-2889.03588867, -75.8657455444, 335.306030273, -169.743087769, 203.79524231, -78.8748321533, 55.3339576721, -4.84667396545, 175.530044556, 7.09061861038, 23.0220069885, 3.0280714035, 26.1283397675], [-175.561538696, -74.3237686157, 58.1233329773, -32.8774490356, 20.6479244232, 16.3296165466, -12.1031866074, 8.41813564301, 7.09061861038, 81.2398147583, 11.2985572815, 6.28705787659, -12.1044940948], [-1024.22814941, -10.3710622787, 44.1688728333, -43.6936912537, 64.5269622803, -18.6714458466, 75.4676132202, -29.5582332611, 23.0220069885, 11.2985572815, 89.1611862183, 8.8687953949, 15.220664978], [-383.456329346, -63.5608100891, 90.6586685181, -37.8172836304, 25.0686244965, 9.96349906921, -10.0036373138, 9.48254680634, 3.0280714035, 6.28705787659, 8.8687953949, 63.3209571838, 11.4722204208], [-690.11730957, -1.22823727131, 11.3383522034, -41.2563552856, 54.7372817993, -18.1932487488, 37.9816398621, -10.5142526627, 26.1283397675, -12.1044940948, 15.220664978, 11.4722204208, 65.9425354004]],
        "icov": [[0.000445127574494, -0.00103174324613, 0.000939244928304, -0.000911196286324, 0.00144981010817, -0.00113314727787, 0.00140548148192, -0.00134144595359, 0.00138706469443, -0.000951791414991, 0.000874764751643, -0.00038841861533, 0.000509514415171], [-0.00103174324613, 0.00432307552546, -0.00175585900433, 0.00257701100782, -0.00310736848041, 0.00259924260899, -0.00131098041311, 0.00292538059875, -0.00343255721964, 0.00415640650317, -0.00397758325562, 0.00294728018343, -0.00175654049963], [0.000939244928304, -0.00175585900433, 0.00336741982028, -0.00180958374403, 0.00168531073723, -0.00123140285723, 0.00229175458662, -0.00181525480002, 0.00248323520645, -0.00240771984681, 0.0034347793553, -0.00271905004047, 0.00299197551794], [-0.000911196286324, 0.00257701100782, -0.00180958374403, 0.0033672680147, -0.00199454417452, 0.00291521986946, -0.00311875273474, 0.0023881434463, -0.00224019680172, 0.0024604385253, -0.00185569876339, 0.00143997324631, -0.000916098186281], [0.00144981010817, -0.00310736848041, 0.00168531073723, -0.00199454417452, 0.0102491779253, -0.00452595483512, 0.00347207253799, -0.00408183131367, 0.00222114729695, -0.00300739263184, 0.00174911343493, -6.32663723081e-05, -0.00065443245694], [-0.00113314727787, 0.00259924260899, -0.00123140285723, 0.00291521986946, -0.00452595483512, 0.0104328673333, -0.00622479105368, 0.00492850039154, -0.000741002615541, -0.000147673126776, 0.00191330036614, -0.00281825428829, 0.00154677813407], [0.00140548148192, -0.00131098041311, 0.00229175458662, -0.00311875273474, 0.00347207253799, -0.00622479105368, 0.0137128764763, -0.0067782336846, 0.0048156878911, 0.00164510600735, -0.00594067247584, 0.00572378979996, -0.00247001647949], [-0.00134144595359, 0.00292538059875, -0.00181525480002, 0.0023881434463, -0.00408183131367, 0.00492850039154, -0.0067782336846, 0.0172458607703, -0.00615617493168, -0.000200417460292, 0.00426109740511, -0.00451607303694, 0.00142840913031], [0.00138706469443, -0.00343255721964, 0.00248323520645, -0.00224019680172, 0.00222114729695, -0.000741002615541, 0.0048156878911, -0.00615617493168, 0.0155036728829, -0.00359661853872, 0.00181837170385, 0.000428345083492, -0.000477147172205], [-0.000951791414991, 0.00415640650317, -0.00240771984681, 0.0024604385253, -0.00300739263184, -0.000147673126776, 0.00164510600735, -0.000200417460292, -0.00359661853872, 0.019068595022, -0.0092662256211, 0.00443453667685, -0.000161384305102], [0.000874764751643, -0.00397758325562, 0.0034347793553, -0.00185569876339, 0.00174911343493, 0.00191330036614, -0.00594067247584, 0.00426109740511, 0.00181837170385, -0.0092662256211, 0.024815293029, -0.010698239319, 0.00421822164208], [-0.00038841861533, 0.00294728018343, -0.00271905004047, 0.00143997324631, -6.32663723081e-05, -0.00281825428829, 0.00572378979996, -0.00451607303694, 0.000428345083492, 0.00443453667685, -0.010698239319, 0.02582610026, -0.00876295659691], [0.000509514415171, -0.00175654049963, 0.00299197551794, -0.000916098186281, -0.00065443245694, 0.00154677813407, -0.00247001647949, 0.00142840913031, -0.000477147172205, -0.000161384305102, 0.00421822164208, -0.00876295659691, 0.0227074231952]]
    },
    "melbands": {
        "dmean": [0.00017897564976, 0.000387244566809, 0.000462890835479, 0.000261835288256, 0.000144270612509, 0.00011797073239, 0.00012222857913, 0.000111888046376, 8.61227963469e-05, 5.6480497733e-05, 0.000116454306408, 7.00215969118e-05, 6.73465765431e-05, 5.23792587046e-05, 3.52616298187e-05, 2.29070374189e-05, 4.18013987655e-05, 2.79320956906e-05, 2.0145689632e-05, 1.82293897524e-05, 1.36283160828e-05, 1.30076296045e-05, 2.07138782571e-05, 1.99453988898e-05, 1.87490149983e-05, 1.36355429277e-05, 1.26025388454e-05, 1.3608012523e-05, 1.11483541332e-05, 7.2636898949e-06, 4.59856391899e-06, 4.16210059484e-06, 3.41005011251e-06, 3.4010483887e-06, 2.49305003308e-06, 1.62919855029e-06, 1.01144610198e-06, 7.34337447739e-07, 4.76340261457e-07, 3.25537882873e-07],
        "dmean2": [0.000304477463942, 0.000653433788102, 0.000788874516729, 0.000435514637502, 0.000232000224059, 0.000190531849512, 0.000195072789211, 0.000173149062903, 0.000132814107928, 8.79417420947e-05, 0.00018443967565, 0.000109806154796, 0.000107354804641, 8.54775498738e-05, 5.81207714276e-05, 3.74391202058e-05, 6.82254321873e-05, 4.5038494136e-05, 3.24465399899e-05, 2.88480714516e-05, 2.18416607822e-05, 2.12809918594e-05, 3.4388514905e-05, 3.25162836816e-05, 3.0073828384e-05, 2.22015678446e-05, 2.00199028768e-05, 2.20607525989e-05, 1.82359563041e-05, 1.17164445328e-05, 7.25537574908e-06, 6.53458027955e-06, 5.24937149748e-06, 5.15230794917e-06, 3.72617387256e-06, 2.44243733505e-06, 1.52376719598e-06, 1.09269149107e-06, 7.14599138973e-07, 4.85222585667e-07],
        "dvar": [1.15985287152e-07, 8.88221848072e-07, 1.7549363065e-06, 3.12483592779e-07, 9.7080707917e-08, 6.43572519721e-08, 3.56282100711e-07, 2.07794386142e-07, 9.03144865561e-08, 2.46323477171e-08, 7.32494669364e-08, 2.95933233474e-08, 2.22224265656e-08, 1.34279751762e-08, 5.72277913946e-09, 3.12229797572e-09, 8.12023781549e-09, 3.24763638204e-09, 1.69732428112e-09, 1.42369482869e-09, 1.04746433749e-09, 7.37832794862e-10, 1.3331156179e-09, 1.13666864809e-09, 9.13905395805e-10, 5.01379937567e-10, 5.09361941514e-10, 4.6404005638e-10, 3.45483114339e-10, 1.66715183325e-10, 1.04322814276e-10, 9.52097914397e-11, 7.59055804322e-11, 7.89640228205e-11, 3.8113751738e-11, 1.30200069476e-11, 4.17273680886e-12, 1.59763532698e-12, 6.38688863082e-13, 3.56909488942e-13],
        "dvar2": [2.95285815355e-07, 2.30673958868e-06, 4.69643691758e-06, 8.16259159819e-07, 2.25974019941e-07, 1.45752977687e-07, 9.46455145368e-07, 4.0493432607e-07, 1.81564459467e-07, 5.43151728039e-08, 1.79461125072e-07, 7.26581035337e-08, 5.47508172133e-08, 3.4274460603e-08, 1.49636001368e-08, 7.91930077071e-09, 2.05996997238e-08, 7.54605711251e-09, 4.04722744207e-09, 3.22577098366e-09, 2.37993891261e-09, 1.61777535812e-09, 3.52145046456e-09, 2.84686740848e-09, 2.16986761892e-09, 1.24295973514e-09, 1.19445697777e-09, 1.14478693192e-09, 8.48560666178e-10, 4.09119904621e-10, 2.54858439908e-10, 2.36999891934e-10, 1.83828244293e-10, 1.85143123055e-10, 7.28013482831e-11, 2.67270944959e-11, 8.90693942213e-12, 3.45331402363e-12, 1.40189682779e-12, 7.36053253937e-13],
        "max": [0.00600473303348, 0.0132511463016, 0.0158905442804, 0.00876608025283, 0.00845322292298, 0.0104757165536, 0.0432627238333, 0.0300144460052, 0.0132704097778, 0.0042904461734, 0.0042766914703, 0.00448444439098, 0.00295826932415, 0.00297783780843, 0.00212828745134, 0.00180511269718, 0.00262539833784, 0.00157522747759, 0.000995060079731, 0.000696346978657, 0.00115256162826, 0.000934332958423, 0.000798295659479, 0.000765307748225, 0.000682615325786, 0.000504853902385, 0.000689366657753, 0.000441031646915, 0.000413136411225, 0.000328684167471, 0.000338619604008, 0.000324586522765, 0.000352446048055, 0.00041896867333, 0.000318091711961, 0.00013693238725, 6.59550569253e-05, 3.20703329635e-05, 3.03200613416e-05, 3.64529660146e-05],
        "mean": [0.000212048791582, 0.000405781582231, 0.000481588969706, 0.000361435086234, 0.000235143423197, 0.000205931428354, 0.000199497502763, 0.000172347543412, 0.000130445885588, 9.26892171265e-05, 0.000193116648006, 0.000120457058074, 0.000111332781671, 8.57583218021e-05, 5.69146686757e-05, 3.77272081096e-05, 7.05153070157e-05, 4.56976194982e-05, 3.37389064953e-05, 3.16906298394e-05, 2.40752215177e-05, 2.48382093559e-05, 3.97615476686e-05, 4.08515916206e-05, 3.7972444261e-05, 2.78913685179e-05, 2.71924145636e-05, 2.85198402707e-05, 2.19743578782e-05, 1.3570860574e-05, 8.4908797362e-06, 7.55331075197e-06, 6.38118490315e-06, 6.15515591562e-06, 4.62035541204e-06, 2.97746623801e-06, 1.88220235486e-06, 1.35081404551e-06, 8.34176717035e-07, 5.6516745417e-07],
        "median": [0.000101560181065, 0.000152764347149, 0.000186505960301, 0.000184851509403, 0.000136583345011, 0.000130452244775, 0.000111573739559, 7.09913729224e-05, 4.91363171022e-05, 3.721970279e-05, 5.63619614695e-05, 3.87894469895e-05, 3.31063420163e-05, 2.83453809971e-05, 2.12614722841e-05, 1.53351538756e-05, 2.26429474424e-05, 1.86131983355e-05, 1.40830888995e-05, 1.24905200209e-05, 9.91621982394e-06, 1.38199075082e-05, 2.51150122494e-05, 2.4221073545e-05, 2.22155031224e-05, 1.77157126018e-05, 1.6667177988e-05, 1.75074383151e-05, 1.33534977067e-05, 8.07691321825e-06, 4.21024242314e-06, 3.61034972229e-06, 3.25157384395e-06, 3.1148429116e-06, 2.30558089243e-06, 1.55546013048e-06, 9.62072704169e-07, 6.30281647318e-07, 3.64861307389e-07, 2.27516835594e-07],
        "min": [3.42829162603e-25, 4.85017914155e-25, 4.43198129594e-25, 7.80206164318e-25, 8.45459900234e-25, 9.28904423497e-25, 1.37324600697e-24, 1.38330033503e-24, 7.55848555452e-25, 1.22885635815e-24, 1.55826978242e-24, 1.2703858419e-24, 1.60365975422e-24, 1.77811318797e-24, 2.31478354483e-24, 1.94491388207e-24, 1.2217099686e-24, 2.18914659883e-24, 2.43834499778e-24, 2.14075570154e-24, 2.47395516512e-24, 2.66675553137e-24, 3.13326854362e-24, 3.6083472048e-24, 3.13401362275e-24, 3.47447553703e-24, 3.20270999696e-24, 3.89083711167e-24, 3.73413107614e-24, 3.60715918028e-24, 3.82951855908e-24, 4.5279247286e-24, 4.08383035441e-24, 4.93903012303e-24, 3.91787453034e-24, 3.98967822765e-24, 4.90031992955e-24, 4.81221402719e-24, 4.97226325524e-24, 5.81954522695e-24],
        "var": [1.18416572548e-07, 7.56205167818e-07, 1.35994582706e-06, 3.77448401423e-07, 1.79300570835e-07, 1.03160893161e-07, 2.90779297529e-07, 3.14683347824e-07, 1.51318076291e-07, 4.90623648375e-08, 1.72371059648e-07, 7.37162721975e-08, 4.43257164306e-08, 2.71888218606e-08, 1.12089368898e-08, 6.23906393216e-09, 1.93249380942e-08, 6.69594113489e-09, 3.36923089428e-09, 3.24620552661e-09, 2.18469353719e-09, 1.80495118851e-09, 2.94681012925e-09, 3.09847458801e-09, 2.62643062854e-09, 1.26475396822e-09, 1.55785617739e-09, 1.39867306626e-09, 8.1340434388e-10, 3.20659165887e-10, 1.8326128115e-10, 1.60053303944e-10, 1.18949225469e-10, 1.38485972689e-10, 9.46776407273e-11, 2.93625158909e-11, 9.73374505997e-12, 4.16399987407e-12, 1.52648445099e-12, 8.75266927079e-13]
    },
    "mfcc": {
        "mean": [-667.99987793, 81.0534591675, -11.0868234634, 21.853975296, -7.20118379593, 0.894369363785, -1.87156248093, 3.4840092659, -6.51620578766, 0.987793922424, -3.43415665627, -1.46300947666, -2.91340065002],
        "cov": [[28538.5566406, 2711.93066406, -749.081542969, 2073.16235352, -826.916687012, 140.79486084, 142.57409668, 293.297149658, -464.062927246, 102.215621948, -226.973022461, -98.0219802856, -188.315551758], [2711.93066406, 1828.84375, -232.502288818, -301.754882812, 93.1181945801, -101.090324402, -136.409133911, -42.3060493469, -43.266872406, -14.374130249, -8.01737785339, -15.9836778641, 1.0300797224], [-749.081542969, -232.502288818, 601.475402832, 148.026107788, 91.1215744019, 4.99556398392, -40.9697799683, -9.62878036499, 7.74929046631, -38.1394538879, 28.7413597107, 2.17876195908, -20.8979492188], [2073.16235352, -301.754882812, 148.026107788, 711.701293945, -67.6128768921, -0.690594017506, 9.79530334473, 49.2817840576, -38.3102378845, 20.5011119843, -24.1605453491, -1.52702116966, -21.928194046], [-826.916687012, 93.1181945801, 91.1215744019, -67.6128768921, 217.252349854, -7.45733165741, -67.2097320557, -22.7969360352, 43.2499160767, -14.9203233719, 11.0261468887, 5.20775222778, 14.4397163391], [140.79486084, -101.090324402, 4.99556398392, -0.690594017506, -7.45733165741, 149.449401855, 76.0471343994, 12.969622612, -12.0884609222, 2.77770495415, -1.48413467407, -9.12580871582, -6.92378520966], [142.57409668, -136.409133911, -40.9697799683, 9.79530334473, -67.2097320557, 76.0471343994, 179.580413818, 33.0820350647, -19.375951767, 11.8517303467, -9.72068119049, -2.73433804512, -7.26186656952], [293.297149658, -42.3060493469, -9.62878036499, 49.2817840576, -22.7969360352, 12.969622612, 33.0820350647, 94.291519165, 14.9470911026, -2.63032221794, -5.59744882584, -2.99204206467, -5.0305519104], [-464.062927246, -43.266872406, 7.74929046631, -38.3102378845, 43.2499160767, -12.0884609222, -19.375951767, 14.9470911026, 88.8347930908, 15.3562917709, -3.40692448616, -0.673866510391, 5.09943914413], [102.215621948, -14.374130249, -38.1394538879, 20.5011119843, -14.9203233719, 2.77770495415, 11.8517303467, -2.63032221794, 15.3562917709, 73.8292160034, 13.823346138, -12.2949085236, -4.8694190979], [-226.973022461, -8.01737785339, 28.7413597107, -24.1605453491, 11.0261468887, -1.48413467407, -9.72068119049, -5.59744882584, -3.40692448616, 13.823346138, 67.8472595215, 16.6233558655, -5.79399204254], [-98.0219802856, -15.9836778641, 2.17876195908, -1.52702116966, 5.20775222778, -9.12580871582, -2.73433804512, -2.99204206467, -0.673866510391, -12.2949085236, 16.6233558655, 71.0922164917, 25.3325653076], [-188.315551758, 1.0300797224, -20.8979492188, -21.928194046, 14.4397163391, -6.92378520966, -7.26186656952, -5.0305519104, 5.09943914413, -4.8694190979, -5.79399204254, 25.3325653076, 62.6234588623]],
