{
"lowlevel": {
    "average_loudness": 0.786211550236,
    "barkbands_crest": {
        "dmean": 2.50066208839,
        "dmean2": 4.05910587311,
        "dvar": 5.1952047348,
        "dvar2": 13.0561494827,
        "max": 25.5827922821,
        "mean": 10.3176183701,
        "median": 9.54704284668,
        "min": 1.968927145,
        "var": 18.9197120667
    },
    "barkbands_flatness_db": {
        "dmean": 0.0190737117082,
        "dmean2": 0.028858255595,
        "dvar": 0.000294277037028,
        "dvar2": 0.000662302249111,
        "max": 0.345145136118,
        "mean": 0.149027630687,
        "median": 0.146880045533,
        "min": 0.0236462727189,
        "var": 0.00227512326092
    },
    "barkbands_kurtosis": {
        "dmean": 1.96541881561,
        "dmean2": 3.12101101875,
        "dvar": 10.846452713,
        "dvar2": 26.2141189575,
        "max": 107.567268372,
        "mean": 3.41769051552,
        "median": 1.47140908241,
        "min": -1.96416759491,
        "var": 36.9042854309
    },
    "barkbands_skewness": {
        "dmean": 0.439177900553,
        "dmean2": 0.673911631107,
        "dvar": 0.20304864645,
        "dvar2": 0.449679136276,
        "max": 7.77754211426,
        "mean": 1.08240377903,
        "median": 0.923789143562,
        "min": -2.6188018322,
        "var": 1.33769750595
    },
    "barkbands_spread": {
        "dmean": 4.79156255722,
        "dmean2": 7.08532762527,
        "dvar": 43.2469024658,
        "dvar2": 78.2563781738,
        "max": 122.860191345,
        "mean": 19.6406459808,
        "median": 16.2718048096,
        "min": 1.0720243454,
        "var": 198.960739136
    },
    "dissonance": {
        "dmean": 0.0245872698724,
        "dmean2": 0.041726604104,
        "dvar": 0.000526832649484,
        "dvar2": 0.00144431600347,
        "max": 0.499999970198,
        "mean": 0.453966230154,
        "median": 0.462169110775,
        "min": 0.270433455706,
        "var": 0.00122179056052
    },
    "dynamic_complexity": 3.99230504036,
    "erbbands_crest": {
        "dmean": 3.09286117554,
        "dmean2": 4.94822216034,
        "dvar": 7.90778493881,
        "dvar2": 18.7086486816,
        "max": 32.2464027405,
        "mean": 12.2369661331,
        "median": 11.0083360672,
        "min": 2.2800526619,
        "var": 34.8362236023
    },
    "erbbands_flatness_db": {
        "dmean": 0.0194502286613,
        "dmean2": 0.0280053857714,
        "dvar": 0.000338983227266,
        "dvar2": 0.00063476205105,
        "max": 0.366229057312,
        "mean": 0.184769749641,
        "median": 0.183074682951,
        "min": 0.0374019518495,
        "var": 0.00277373241261
    },
    "erbbands_kurtosis": {
        "dmean": 1.4206687212,
        "dmean2": 2.23654437065,
        "dvar": 3.50323319435,
        "dvar2": 8.40448093414,
        "max": 33.4444999695,
        "mean": 2.15133166313,
        "median": 1.22518324852,
        "min": -1.81189537048,
        "var": 10.9294891357
    },
    "erbbands_skewness": {
        "dmean": 0.38685593009,
        "dmean2": 0.590854585171,
        "dvar": 0.12581962347,
        "dvar2": 0.270018368959,
        "max": 5.21863508224,
        "mean": 0.752811074257,
        "median": 0.685980081558,
        "min": -2.81909036636,
        "var": 0.721519172192
    },
    "erbbands_spread": {
        "dmean": 6.43139219284,
        "dmean2": 9.59342670441,
        "dvar": 67.0699157715,
        "dvar2": 135.714355469,
        "max": 149.769348145,
        "mean": 27.1391582489,
        "median": 22.4149341583,
        "min": 3.00045466423,
        "var": 329.949768066
    },
    "hfc": {
        "dmean": 6.82091426849,
        "dmean2": 9.94703197479,
        "dvar": 94.8995895386,
        "dvar2": 183.048568726,
        "max": 198.556976318,
        "mean": 24.9050254822,
        "median": 18.5356369019,
        "min": 1.15686674675e-16,
        "var": 534.030944824
    },
    "melbands_crest": {
        "dmean": 3.11650061607,
        "dmean2": 5.08649158478,
        "dvar": 8.0974817276,
        "dvar2": 20.5816345215,
        "max": 33.6923561096,
        "mean": 13.5348272324,
        "median": 12.5898189545,
        "min": 1.95875954628,
        "var": 30.462677002
    },
    "melbands_flatness_db": {
        "dmean": 0.0214835721999,
        "dmean2": 0.0318398065865,
        "dvar": 0.000421650474891,
        "dvar2": 0.000919442449231,
        "max": 0.4251550138,
        "mean": 0.191133663058,
        "median": 0.186231657863,
        "min": 0.00800504069775,
        "var": 0.00372541463003
    },
    "melbands_kurtosis": {
        "dmean": 3.73804211617,
        "dmean2": 6.00903511047,
        "dvar": 48.703502655,
        "dvar2": 123.129402161,
        "max": 145.543823242,
        "mean": 7.26056575775,
        "median": 3.23218464851,
        "min": -1.74598038197,
        "var": 136.800125122
    },
    "melbands_skewness": {
        "dmean": 0.548955082893,
        "dmean2": 0.855965971947,
        "dvar": 0.371880531311,
        "dvar2": 0.871525466442,
        "max": 10.1631822586,
        "mean": 1.60049450397,
        "median": 1.36845779419,
        "min": -1.84633493423,
        "var": 2.07149004936
    },
    "melbands_spread": {
        "dmean": 5.73965120316,
        "dmean2": 8.76703262329,
        "dvar": 69.6392364502,
        "dvar2": 136.398620605,
        "max": 210.390869141,
        "mean": 24.5893611908,
        "median": 20.8996448517,
        "min": 1.215960145,
        "var": 314.175537109
    },
    "pitch_salience": {
        "dmean": 0.0638980567455,
        "dmean2": 0.103334896266,
        "dvar": 0.00331411184743,
        "dvar2": 0.00852550007403,
        "max": 0.866677641869,
        "mean": 0.547424316406,
        "median": 0.552366375923,
        "min": 0.0952130779624,
        "var": 0.0140732880682
    },
    "silence_rate_20dB": {
        "dmean": 0,
        "dmean2": 0,
        "dvar": 0,
        "dvar2": 0,
        "max": 1,
        "mean": 1,
        "median": 1,
        "min": 1,
        "var": 0
    },
    "silence_rate_30dB": {
        "dmean": 0.00810198951513,
        "dmean2": 0.0162059105933,
        "dvar": 0.00803615897894,
        "dvar2": 0.0214240290225,
        "max": 1,
        "mean": 0.99463903904,
        "median": 1,
        "min": 0,
        "var": 0.00533238612115
    },
    "silence_rate_60dB": {
        "dmean": 0.016680566594,
        "dmean2": 0.0333651080728,
        "dvar": 0.0163992252201,
        "dvar2": 0.0391562506557,
        "max": 1,
        "mean": 0.0956635698676,
        "median": 0,
        "min": 0,
        "var": 0.086514621973
    },
    "spectral_centroid": {
        "dmean": 183.999191284,
        "dmean2": 278.035583496,
        "dvar": 57379.5507812,
        "dvar2": 106691.859375,
        "max": 10936.9355469,
        "mean": 1253.5078125,
        "median": 1184.53540039,
        "min": 230.624420166,
        "var": 326829.5
    },
    "spectral_complexity": {
        "dmean": 2.96389842033,
        "dmean2": 4.57507133484,
        "dvar": 9.29032325745,
        "dvar2": 18.9031887054,
        "max": 56,
        "mean": 17.5831546783,
        "median": 17,
        "min": 0,
        "var": 98.0588912964
    },
    "spectral_decrease": {
        "dmean": 1.95713489859e-09,
        "dmean2": 3.16047010784e-09,
        "dvar": 1.15231611187e-17,
        "dvar2": 3.02364921047e-17,
        "max": 8.38915824476e-29,
        "mean": -6.29542196151e-09,
        "median": -5.40375433289e-09,
        "min": -5.28437169578e-08,
        "var": 2.69306498974e-17
    },
    "spectral_energy": {
        "dmean": 0.00783870369196,
        "dmean2": 0.0125928157941,
        "dvar": 0.000173644031747,
        "dvar2": 0.000453563319752,
        "max": 0.2057659477,
        "mean": 0.0260193161666,
        "median": 0.022464459762,
        "min": 1.01764920757e-20,
        "var": 0.000440654635895
    },
    "spectral_energyband_high": {
        "dmean": 0.000382227939554,
        "dmean2": 0.000498805951793,
        "dvar": 6.66224877932e-07,
        "dvar2": 1.12636143967e-06,
        "max": 0.0172458235174,
        "mean": 0.000786201911978,
        "median": 0.000275103608146,
        "min": 7.64753437126e-21,
        "var": 2.19628896048e-06
    },
    "spectral_energyband_low": {
        "dmean": 0.0032886757981,
        "dmean2": 0.00563454627991,
        "dvar": 0.000118065712741,
        "dvar2": 0.000326737615978,
        "max": 0.159634917974,
        "mean": 0.005415212363,
        "median": 0.00314422836527,
        "min": 3.6746747086e-23,
        "var": 0.000108966021799
    },
    "spectral_energyband_middle_high": {
        "dmean": 0.0028862808831,
        "dmean2": 0.00448922906071,
        "dvar": 1.99485893972e-05,
        "dvar2": 4.76640889246e-05,
        "max": 0.0782688632607,
        "mean": 0.0101190060377,
        "median": 0.00459707854316,
        "min": 1.40916285898e-21,
        "var": 0.000146873760968
    },
    "spectral_energyband_middle_low": {
        "dmean": 0.0041489424184,
        "dmean2": 0.00667397025973,
        "dvar": 4.00771168643e-05,
        "dvar2": 0.000101787096355,
        "max": 0.0833242237568,
        "mean": 0.0104823512957,
        "median": 0.00751552311704,
        "min": 2.01470165323e-22,
        "var": 0.000104404440208
    },
    "spectral_entropy": {
        "dmean": 0.160402804613,
        "dmean2": 0.22319470346,
        "dvar": 0.0246782824397,
        "dvar2": 0.0428212918341,
        "max": 9.81138324738,
        "mean": 7.51072645187,
        "median": 7.5314450264,
        "min": 5.61740207672,
        "var": 0.206352472305
    },
    "spectral_flux": {
        "dmean": 0.022831749171,
        "dmean2": 0.036130182445,
        "dvar": 0.000763990159612,
        "dvar2": 0.00173062016256,
        "max": 0.380682528019,
        "mean": 0.0824791416526,
        "median": 0.074865475297,
        "min": 6.77945477534e-11,
        "var": 0.00245098466985
    },
    "spectral_kurtosis": {
        "dmean": 1.76589131355,
        "dmean2": 2.82428741455,
        "dvar": 4.05503225327,
        "dvar2": 11.0342350006,
        "max": 46.3006248474,
        "mean": 5.66334295273,
        "median": 4.86243581772,
        "min": -1.57770979404,
        "var": 14.8258361816
    },
    "spectral_rms": {
        "dmean": 0.000675911898725,
        "dmean2": 0.00106243393384,
        "dvar": 6.95855135291e-07,
        "dvar2": 1.70342309502e-06,
        "max": 0.0141685307026,
        "mean": 0.00460232049227,
        "median": 0.00468151131645,
        "min": 3.1509181115e-12,
        "var": 4.20342394136e-06
    },
    "spectral_rolloff": {
        "dmean": 395.331573486,
        "dmean2": 644.699523926,
        "dvar": 946398.75,
        "dvar2": 1879070.125,
        "max": 18798.4863281,
        "mean": 1553.16040039,
        "median": 1205.859375,
        "min": 64.599609375,
        "var": 2616232
    },
    "spectral_skewness": {
        "dmean": 0.221019685268,
        "dmean2": 0.34245172143,
        "dvar": 0.0447245948017,
        "dvar2": 0.103504486382,
        "max": 5.03952074051,
        "mean": 1.83531546593,
        "median": 1.79549324512,
        "min": -0.129095360637,
        "var": 0.260741055012
    },
    "spectral_spread": {
        "dmean": 631790,
        "dmean2": 833999.75,
        "dvar": 744988278784,
        "dvar2": 1.23731351962e+12,
        "max": 41073948,
        "mean": 4633562,
        "median": 4249052,
        "min": 1464106.875,
        "var": 4.09385408922e+12
    },
    "spectral_strongpeak": {
        "dmean": 0.808770060539,
        "dmean2": 1.34309828281,
        "dvar": 1.31404316425,
        "dvar2": 3.30225157738,
        "max": 12.2437591553,
        "mean": 1.85981893539,
        "median": 1.05199980736,
        "min": 0,
        "var": 4.05568504333
    },
    "zerocrossingrate": {
        "dmean": 0.0104978429154,
        "dmean2": 0.0117837414145,
        "dvar": 0.000243234841037,
        "dvar2": 0.000240730834776,
        "max": 0.65869140625,
        "mean": 0.06503546983,
        "median": 0.0556640625,
        "min": 0.0029296875,
        "var": 0.00187081599142
    },
    "barkbands": {
        "dmean": [9.92840723484e-05, 0.00228022690862, 0.00109619332943, 0.00076442793943, 0.00103406072594, 0.00111775135156, 0.00122285808902, 0.000942158978432, 0.000769857666455, 0.00124246068299, 0.00113314425107, 0.000845111149829, 0.000522427202668, 0.000570504111238, 0.000479559850646, 0.000270243384875, 0.000213687992073, 0.000128830055473, 0.000115672046377, 7.76168017182e-05, 6.01227984589e-05, 4.8040132242e-05, 6.2832099502e-05, 6.62518650643e-05, 9.73810383584e-05, 7.07294020685e-05, 5.00962244132e-07],
        "dmean2": [0.000172072890564, 0.00392105802894, 0.00186449859757, 0.00133404775988, 0.0017256635474, 0.00179285276681, 0.0019697365351, 0.0014832217712, 0.00121324404608, 0.00192684854846, 0.00170341006014, 0.0013306181645, 0.000825373106636, 0.000917959259823, 0.000757195404731, 0.000436276983237, 0.000349445064785, 0.000207954697544, 0.000186456032679, 0.000122583354823, 9.19695012271e-05, 7.07939398126e-05, 9.04351254576e-05, 9.21496975934e-05, 0.000131988243083, 9.74495851551e-05, 8.85034808107e-07],
        "dvar": [5.64270230541e-08, 5.32003650733e-05, 1.90681530512e-05, 6.12728354099e-06, 6.35041533315e-06, 5.48052503291e-06, 8.3879531303e-06, 5.25690211362e-06, 3.89863271266e-06, 7.76031538408e-06, 9.10845119506e-06, 4.58352042187e-06, 1.82192866305e-06, 2.08811547964e-06, 1.72668376308e-06, 6.30580586858e-07, 3.07133007027e-07, 6.60776322547e-08, 6.04225860457e-08, 2.70284701287e-08, 1.37920865839e-08, 1.58305812903e-08, 3.71872772575e-08, 2.5762693312e-08, 1.53227404098e-07, 4.40555396608e-08, 2.74891671925e-11],
        "dvar2": [1.62840706253e-07, 0.000155737478053, 5.04734780407e-05, 1.72575455508e-05, 1.67240505107e-05, 1.3407608094e-05, 2.05038231798e-05, 1.2595741282e-05, 8.79385788721e-06, 1.67080706888e-05, 1.8657405235e-05, 1.06033567135e-05, 4.41757174485e-06, 5.04100171383e-06, 4.10166921938e-06, 1.4908363255e-06, 7.22160848454e-07, 1.69893809243e-07, 1.50058625081e-07, 6.66191155574e-08, 3.15897459302e-08, 3.45878703456e-08, 8.19285119746e-08, 4.86702376179e-08, 2.57189157082e-07, 8.38817868498e-08, 7.37974473197e-11],
        "max": [0.00727222440764, 0.103937238455, 0.0743673071265, 0.0461948625743, 0.0570671632886, 0.0530676655471, 0.0418228581548, 0.0545361116529, 0.0547686479986, 0.0511024668813, 0.0674940571189, 0.0584250986576, 0.0331849567592, 0.0268917903304, 0.0297813527286, 0.0254368670285, 0.0168878957629, 0.00568334246054, 0.00596829038113, 0.0036207290832, 0.00240645580925, 0.0044745686464, 0.00468056276441, 0.00519072357565, 0.0118136201054, 0.00486073456705, 0.000165828387253],
        "mean": [0.000146639198647, 0.00352412392385, 0.00135597155895, 0.000839246378746, 0.00160781550221, 0.00207747495733, 0.00211529433727, 0.00175143126398, 0.00130252470262, 0.00254160398617, 0.00222254032269, 0.00158793397713, 0.000996655668132, 0.000968337641098, 0.000848949130159, 0.00043881466263, 0.000372388021788, 0.000249269796768, 0.000221245572902, 0.000156067020725, 0.000114529269922, 9.13209296414e-05, 0.000106302810309, 0.000122774887132, 0.000168046710314, 9.1707057436e-05, 3.4148590089e-07],
        "median": [3.42952407664e-05, 0.00171493191738, 0.000448867300292, 0.000234771665419, 0.000783115101513, 0.000861895736307, 0.000606855726801, 0.000358550227247, 0.000318548001815, 0.000443147291662, 0.000234277409618, 0.000238365435507, 0.000208327212022, 0.000255573773757, 0.000238100474235, 0.00016878763563, 0.000143124256283, 0.000118341762573, 9.54490678851e-05, 6.42828963464e-05, 4.66293859063e-05, 3.16091463901e-05, 3.05315952573e-05, 3.59036130249e-05, 2.97061560559e-05, 7.71832674218e-06, 5.38570632536e-10],
        "min": [3.32296044292e-23, 1.13581628861e-23, 1.12914544413e-23, 5.61031407134e-24, 1.89194924814e-23, 1.82998169968e-23, 1.83850108191e-23, 1.948574315e-23, 3.74263696885e-23, 6.19124670362e-23, 5.82186290029e-23, 2.63375365373e-23, 5.424425941e-23, 3.12289017122e-23, 1.3801179597e-22, 1.57330885943e-22, 1.293857345e-22, 1.14315335767e-22, 3.81097542109e-22, 2.08604989381e-22, 4.18382162959e-22, 4.05938405983e-22, 4.82823415135e-22, 6.20325581717e-22, 1.27043511809e-21, 1.7986541588e-21, 2.40388803622e-21],
        "var": [9.07950337137e-08, 4.87865327159e-05, 1.49159895955e-05, 4.72512965644e-06, 8.91252784641e-06, 1.41451037052e-05, 2.02529117814e-05, 2.0480089006e-05, 1.01151126728e-05, 3.35123513651e-05, 3.72023205273e-05, 1.46076927194e-05, 6.36404911347e-06, 5.06893456986e-06, 3.81699010177e-06, 1.25881047097e-06, 5.8953531834e-07, 1.48943925637e-07, 1.35231672971e-07, 6.37401242898e-08, 3.26840456921e-08, 3.49963436008e-08, 6.53984031374e-08, 7.95057388814e-08, 4.6918330554e-07, 7.33694989208e-08, 2.00690332408e-11]
    },
    "erbbands": {
        "dmean": [0.0580252669752, 0.549412250519, 1.31538653374, 1.84959971905, 3.08874487877, 3.24301838875, 6.90469837189, 9.30724525452, 15.1253604889, 19.2379894257, 19.7708015442, 17.4606990814, 29.1551074982, 45.1852645874, 32.9219703674, 34.6420097351, 23.9274654388, 28.624382019, 27.8348045349, 14.4813137054, 14.2226495743, 8.06957626343, 6.60272836685, 7.62191772461, 3.93090128899, 3.55877637863, 3.148011446, 1.90510702133, 1.82486379147, 1.63733649254, 1.99117100239, 1.39607489109, 1.164686203, 1.03550565243, 0.768500030041, 0.366299152374, 0.120639324188, 0.0114599913359, 0.000227157070185, 1.77142301254e-05],
        "dmean2": [0.0958639010787, 0.952723503113, 2.22859978676, 3.28024888039, 5.29597234726, 5.47841787338, 11.130569458, 15.0180988312, 24.1346492767, 30.6474132538, 30.9927692413, 27.6162033081, 45.2983322144, 70.9373168945, 50.0834465027, 54.1039047241, 37.1891479492, 45.5341949463, 43.3294372559, 23.1017513275, 22.7961788177, 12.8816041946, 10.6047525406, 12.2229585648, 6.23075723648, 5.58296060562, 4.90079832077, 2.85398888588, 2.73225927353, 2.38060474396, 2.89770054817, 1.98809623718, 1.61898672581, 1.43297660351, 1.05050444603, 0.496293723583, 0.171624958515, 0.0176346655935, 0.000342117273249, 2.59979242401e-05],
        "dvar": [0.0263775680214, 3.48792290688, 26.7972316742, 44.7070007324, 90.9714126587, 61.984085083, 275.023162842, 404.03918457, 1134.94775391, 2393.51367188, 2540.37524414, 2155.33032227, 3810.19189453, 14218.4003906, 7606.54589844, 7758.5390625, 3801.32250977, 4551.17871094, 6084.28369141, 1265.7623291, 1367.68811035, 330.691497803, 192.458862305, 230.553451538, 70.8572692871, 57.0823287964, 41.7932624817, 14.4015083313, 24.6117916107, 21.9344425201, 53.7572746277, 10.7026348114, 10.0243244171, 16.2168197632, 10.855843544, 1.06340456009, 0.151072487235, 0.00324252410792, 1.12535542485e-06, 1.68093183817e-09],
        "dvar2": [0.0720304101706, 10.1752586365, 70.5675125122, 127.226707458, 241.349487305, 165.639282227, 641.804992676, 1032.91760254, 2727.29956055, 5654.77929688, 6197.91064453, 4968.80371094, 8641.90234375, 33526.34375, 16088.1445312, 18386.6269531, 8956.14648438, 10996.5009766, 14872.5087891, 3054.25, 2940.8449707, 764.852233887, 502.637329102, 561.109802246, 173.677307129, 140.276992798, 100.234657288, 30.8750896454, 57.1689186096, 48.7260856628, 120.844650269, 21.4234676361, 18.8672962189, 26.6689739227, 20.3139686584, 1.9620718956, 0.293135851622, 0.00747335981578, 2.51302981269e-06, 3.51507423169e-09],
        "max": [2.32545948029, 27.9124622345, 81.0786514282, 128.909942627, 254.268630981, 207.325393677, 403.888183594, 443.238433838, 730.756591797, 880.494628906, 1520.12683105, 1209.74914551, 1108.83569336, 2760.70776367, 1957.36206055, 2063.37133789, 1436.06933594, 1514.76660156, 1830.93786621, 1220.20227051, 1127.65600586, 497.558074951, 373.171569824, 353.184265137, 224.816085815, 180.195205688, 131.988265991, 79.0986709595, 170.343719482, 243.221252441, 197.390441895, 93.005279541, 112.825973511, 170.834381104, 107.471992493, 40.8402671814, 7.52010440826, 1.42439806461, 0.025084355846, 0.00105222768616],
        "mean": [0.0987255945802, 0.78148317337, 1.78972387314, 2.10158729553, 3.73998308182, 5.07665157318, 11.7634744644, 16.8670768738, 27.6233062744, 35.7842826843, 37.0711250305, 31.9254074097, 55.9929656982, 112.935043335, 67.5707321167, 68.5905380249, 47.9889793396, 56.1448669434, 51.9286346436, 27.6979560852, 26.6907405853, 16.5164070129, 13.6003570557, 14.5262880325, 8.42611122131, 7.28148174286, 6.03631544113, 3.76740908623, 3.37185359001, 3.00945973396, 3.20313382149, 2.50176930428, 2.08357167244, 1.82628130913, 1.2277264595, 0.543567478657, 0.140813320875, 0.0107530588284, 0.000246255105594, 4.4491069275e-05],
        "median": [0.0294409990311, 0.399239748716, 0.631376802921, 0.802335977554, 1.43026590347, 2.34059858322, 4.40203046799, 6.70067214966, 9.79856967926, 9.01584815979, 10.0688314438, 9.89098548889, 15.0096120834, 15.1607780457, 14.0722398758, 13.6284294128, 13.47153759, 18.2689247131, 15.0225687027, 11.6213064194, 11.0498151779, 7.3503370285, 6.4823102951, 6.72431945801, 3.78286886215, 3.09518480301, 2.44730806351, 1.5231846571, 1.14503240585, 0.979387998581, 0.872009634972, 0.783831596375, 0.532411754131, 0.329810857773, 0.209710717201, 0.06680957973, 0.00719159143046, 0.000182301300811, 2.61531549768e-05, 3.21038569382e-05],
        "min": [6.91268941018e-22, 1.67181057589e-21, 9.52462124644e-21, 1.71086590044e-20, 2.50463439392e-20, 4.81014961228e-20, 2.21232401658e-19, 1.20139893113e-19, 3.46042763305e-19, 5.7342512357e-19, 5.08132552497e-19, 9.38253701424e-19, 1.56244450185e-18, 1.71952237786e-18, 2.38099203714e-18, 1.23942923188e-18, 1.86578486736e-18, 2.0592851601e-18, 4.01299684504e-18, 8.64732296257e-18, 5.41273946989e-18, 8.36708657875e-18, 7.06035379633e-18, 1.37546164787e-17, 1.50419402952e-17, 1.07751234928e-17, 1.48488697228e-17, 1.60226191597e-17, 1.44878550163e-17, 1.07506712067e-17, 1.55206214439e-17, 1.21547846539e-17, 1.10997538329e-17, 1.14815944658e-17, 1.01287951678e-17, 6.48178190329e-18, 2.96595493439e-18, 1.34936225907e-18, 3.18851372016e-19, 3.57031088723e-20],
        "var": [0.0348745137453, 2.9562497139, 21.8781337738, 30.5008583069, 86.1854324341, 96.7561416626, 662.353942871, 1002.50390625, 2847.30493164, 7011.10791016, 9339.95898438, 5242.81591797, 10391.9560547, 78288.96875, 27907.7304688, 25862.3574219, 12080.1142578, 12777.1533203, 13582.9082031, 3085.3515625, 3521.49121094, 854.579956055, 450.057800293, 526.66394043, 193.186294556, 135.008071899, 92.7258377075, 37.2019958496, 48.335773468, 43.4866638184, 81.4130477905, 26.9147758484, 32.0703849792, 55.8906402588, 26.235830307, 2.15591812134, 0.227710604668, 0.00339972088113, 1.30649061703e-06, 3.21589888053e-09]
    },
    "gfcc": {
        "mean": [-12.5904827118, 89.4548187256, -132.031234741, 16.1197490692, -66.1637954712, 21.5655479431, -46.7889442444, 16.3087425232, -25.17146492, 6.78554058075, -12.6868753433, -0.47054541111, -5.35786581039],
        "cov": [[7599.47314453, -1002.18707275, 644.483764648, 578.60534668, 454.253448486, 713.415344238, 374.154266357, 301.578063965, -222.765899658, 466.001556396, 11.8268527985, 389.545074463, -262.263366699], [-1002.18707275, 1321.02734375, 27.3293952942, 28.9880657196, 142.284576416, -226.678894043, 75.670135498, -59.6381034851, 89.6134185791, -125.161308289, 168.307983398, -127.371482849, 143.310043335], [644.483764648, 27.3293952942, 1211.18371582, 418.99520874, 129.727416992, 146.57875061, -115.697380066, 93.3285598755, 43.4220046997, 131.013031006, 20.6214370728, 145.642532349, -79.2483978271], [578.60534668, 28.9880657196, 418.99520874, 553.03527832, 194.06022644, 151.242523193, 42.0782737732, 76.5520019531, 105.128044128, 90.5809631348, 46.3754348755, 67.340675354, -9.20543956757], [454.253448486, 142.284576416, 129.727416992, 194.06022644, 359.099121094, 148.455551147, 143.988449097, 54.42004776, 8.72537899017, 64.0517730713, 32.3397140503, 52.3231620789, -21.9117126465], [713.415344238, -226.678894043, 146.57875061, 151.242523193, 148.455551147, 339.049957275, 151.411209106, 77.5406036377, -5.24934434891, 83.8394165039, 12.7203845978, 74.2953796387, -43.6537780762], [374.154266357, 75.670135498, -115.697380066, 42.0782737732, 143.988449097, 151.411209106, 290.492126465, 64.0552978516, -0.366945326328, 37.9562225342, 33.4905776978, 27.3351268768, -6.80613422394], [301.578063965, -59.6381034851, 93.3285598755, 76.5520019531, 54.42004776, 77.5406036377, 64.0552978516, 158.689697266, 74.3065795898, 47.5506896973, 5.47998952866, 20.2661533356, -14.2091350555], [-222.765899658, 89.6134185791, 43.4220046997, 105.128044128, 8.72537899017, -5.24934434891, -0.366945326328, 74.3065795898, 188.215240479, 37.0516662598, 37.8624610901, -7.95211982727, 13.2628326416], [466.001556396, -125.161308289, 131.013031006, 90.5809631348, 64.0517730713, 83.8394165039, 37.9562225342, 47.5506896973, 37.0516662598, 149.073455811, 41.9575881958, 48.9793205261, -41.7375450134], [11.8268527985, 168.307983398, 20.6214370728, 46.3754348755, 32.3397140503, 12.7203845978, 33.4905776978, 5.47998952866, 37.8624610901, 41.9575881958, 144.354629517, 20.9144763947, 22.3173980713], [389.545074463, -127.371482849, 145.642532349, 67.340675354, 52.3231620789, 74.2953796387, 27.3351268768, 20.2661533356, -7.95211982727, 48.9793205261, 20.9144763947, 131.245330811, -6.13654279709], [-262.263366699, 143.310043335, -79.2483978271, -9.20543956757, -21.9117126465, -43.6537780762, -6.80613422394, -14.2091350555, 13.2628326416, -41.7375450134, 22.3173980713, -6.13654279709, 116.102416992]],
        "icov": [[0.000242521477048, -3.29448666889e-05, 9.27381115616e-05, -0.000235647094087, 6.35573305772e-05, -0.00015020648425, 9.53093876888e-06, -0.00043784987065, 0.000628830923233, -0.000523073074874, 0.000100019213278, -0.000380058423616, 0.000236417414271], [-3.29448666889e-05, 0.00269029196352, -0.00125936372206, 0.000596341793425, -0.00184552546125, 0.00214696768671, -0.00206540431827, 0.00142937072087, -0.00141273939516, 0.00244918465614, -0.00296141533181, 0.00291213602759, -0.00192967825569], [9.27381115616e-05, -0.00125936372206, 0.00217504845932, -0.00134113035165, 0.000780374393798, -0.00121820450295, 0.00219892710447, -0.00157671060879, 0.00133576628286, -0.00153669912834, 0.00126494944561, -0.00252733705565, 0.00168569898233], [-0.000235647094087, 0.000596341793425, -0.00134113035165, 0.0038493887987, -0.00172001414467, -0.000214046609472, -0.000410342297982, 0.00125351373572, -0.00268705445342, 0.000773619394749, -0.000735674868338, 0.00109176023398, -0.0013701650314], [6.35573305772e-05, -0.00184552546125, 0.000780374393798, -0.00172001414467, 0.00576986931264, -0.00184754200745, -0.000360652658856, -0.00117246666923, 0.00171117880382, -0.00209410651587, 0.00182625663001, -0.00229115830734, 0.00162707327399], [-0.00015020648425, 0.00214696768671, -0.00121820450295, -0.000214046609472, -0.00184754200745, 0.00717536406592, -0.00375348236412, 0.000213846826227, -0.000329374044668, 0.00109061785042, -0.00188814545982, 0.00124994257931, -0.000823833455797], [9.53093876888e-06, -0.00206540431827, 0.00219892710447, -0.000410342297982, -0.000360652658856, -0.00375348236412, 0.00810423772782, -0.00309493020177, 0.00178610114381, -0.00174506264739, 0.00105081032962, -0.00254217977636, 0.0014885822311], [-0.00043784987065, 0.00142937072087, -0.00157671060879, 0.00125351373572, -0.00117246666923, 0.000213846826227, -0.00309493020177, 0.01166987326, -0.00609001237899, 0.00108060531784, -0.00010161982209, 0.00216039689258, -0.00140644062776], [0.000628830923233, -0.00141273939516, 0.00133576628286, -0.00268705445342, 0.00171117880382, -0.000329374044668, 0.00178610114381, -0.00609001237899, 0.0109042301774, -0.00392056349665, 6.52955059195e-05, -0.00112253706902, 0.000694546790328], [-0.000523073074874, 0.00244918465614, -0.00153669912834, 0.000773619394749, -0.00209410651587, 0.00109061785042, -0.00174506264739, 0.00108060531784, -0.00392056349665, 0.0143317403272, -0.00563867762685, 0.00103876437061, 0.00159127439838], [0.000100019213278, -0.00296141533181, 0.00126494944561, -0.000735674868338, 0.00182625663001, -0.00188814545982, 0.00105081032962, -0.00010161982209, 6.52955059195e-05, -0.00563867762685, 0.0121639296412, -0.00389937427826, -0.000208452227525], [-0.000380058423616, 0.00291213602759, -0.00252733705565, 0.00109176023398, -0.00229115830734, 0.00124994257931, -0.00254217977636, 0.00216039689258, -0.00112253706902, 0.00103876437061, -0.00389937427826, 0.01420130115, -0.00393687142059], [0.000236417414271, -0.00192967825569, 0.00168569898233, -0.0013701650314, 0.00162707327399, -0.000823833455797, 0.0014885822311, -0.00140644062776, 0.000694546790328, 0.00159127439838, -0.000208452227525, -0.00393687142059, 0.0128081319854]]
    },
    "melbands": {
        "dmean": [0.00056924589444, 0.000688191328663, 0.000359976984328, 0.000216521177208, 0.000214361105463, 0.000214319166844, 0.000240045977989, 0.000204715906875, 0.000156840556883, 0.000115274102427, 0.000148951628944, 0.000182234594831, 0.000125001373817, 0.000106312494609, 6.02177278779e-05, 6.04628367e-05, 5.90379058849e-05, 4.86367753183e-05, 3.07380469167e-05, 1.90431092051e-05, 1.93289215531e-05, 1.07409632619e-05, 6.95983726473e-06, 6.07470929026e-06, 6.99540532878e-06, 3.74714977625e-06, 2.42889655055e-06, 2.61888249042e-06, 2.39643441091e-06, 1.53130088165e-06, 1.11006249881e-06, 1.15147668112e-06, 9.28898316488e-07, 9.65890876614e-07, 1.26206055029e-06, 9.21077173643e-07, 9.05368551685e-07, 8.52243374538e-07, 8.06938430742e-07, 9.62707417784e-07],
        "dmean2": [0.000965531624388, 0.00118168059271, 0.000626474560704, 0.000367318134522, 0.00034669143497, 0.000345024716808, 0.000385895313229, 0.000325459550368, 0.000246734212851, 0.000181654977496, 0.000230831632507, 0.000288096896838, 0.00018574052956, 0.000166003330378, 9.13176336326e-05, 9.60349134402e-05, 9.42556143855e-05, 7.51159532228e-05, 4.81959759782e-05, 3.07060145133e-05, 3.1137104088e-05, 1.71397368831e-05, 1.13746991701e-05, 9.84884536592e-06, 1.13279656944e-05, 6.06289313509e-06, 3.84080021831e-06, 4.18926583734e-06, 3.80730352845e-06, 2.38972347688e-06, 1.69895884028e-06, 1.77656738742e-06, 1.39711573865e-06, 1.44028820159e-06, 1.88669105228e-06, 1.35179107019e-06, 1.31277863602e-06, 1.23471181723e-06, 1.1298956224e-06, 1.37426115998e-06],
        "dvar": [2.89743570647e-06, 6.77123534842e-06, 1.41169698509e-06, 3.48985565779e-07, 2.41818185032e-07, 2.07916357908e-07, 2.83885015051e-07, 2.44073220301e-07, 1.72329336579e-07, 8.8075587712e-08, 9.86478099207e-08, 2.30560289083e-07, 1.05880687329e-07, 7.43229762179e-08, 2.14449293878e-08, 2.6057467295e-08, 2.17929798652e-08, 1.88651370081e-08, 6.3970468922e-09, 3.41207551102e-09, 2.92884760889e-09, 7.25823623426e-10, 2.08406084057e-10, 1.77133849255e-10, 2.09637543436e-10, 8.27894419686e-11, 3.0573359816e-11, 3.20783538621e-11, 2.64233444153e-11, 8.57422119416e-12, 5.53794423513e-12, 9.47892979386e-12, 6.8406647534e-12, 7.53420069388e-12, 2.49960763893e-11, 5.33179273302e-12, 4.84585418667e-12, 5.24782777997e-12, 7.79865408362e-12, 1.67412698288e-11],
        "dvar2": [8.28263273434e-06, 1.84455493581e-05, 3.94149901695e-06, 9.29077202727e-07, 5.74843852519e-07, 5.22739014741e-07, 6.92995342888e-07, 5.76071386149e-07, 4.14319544007e-07, 2.03675881494e-07, 2.2219914797e-07, 5.42424743344e-07, 2.1748554957e-07, 1.7071144498e-07, 4.36272777904e-08, 6.40941024699e-08, 5.32152348853e-08, 4.48260415453e-08, 1.40833948947e-08, 8.6514742037e-09, 6.21184881311e-09, 1.63793401065e-09, 5.42059064301e-10, 4.42205022599e-10, 5.17784648491e-10, 2.1093916891e-10, 7.31069649262e-11, 7.95024671096e-11, 6.56568133195e-11, 2.02080054079e-11, 1.24373150667e-11, 2.31985663318e-11, 1.48590358767e-11, 1.72923012715e-11, 5.83288001232e-11, 1.13970933385e-11, 9.99576983685e-12, 1.09584988653e-11, 1.46190316797e-11, 2.92628803134e-11],
        "max": [0.0215886626393, 0.0375896841288, 0.0218407027423, 0.0150961950421, 0.0128005342558, 0.0116034522653, 0.00984985381365, 0.0110179232433, 0.0121598942205, 0.00750112114474, 0.00526332203299, 0.010296064429, 0.00724121043459, 0.00864038523287, 0.00494002643973, 0.00459495186806, 0.0033938169945, 0.00286338268779, 0.00200411793776, 0.00253666844219, 0.00171935732942, 0.00074574718019, 0.000376218493329, 0.000306724949041, 0.000320677587297, 0.000226950651268, 0.000158285969519, 0.000152944281581, 0.000115158014523, 6.73671311233e-05, 5.57682615181e-05, 8.82942040334e-05, 0.000103377758933, 0.000134820409585, 0.000143405326526, 6.35073593003e-05, 5.63859684917e-05, 6.92119647283e-05, 0.000122310011648, 0.000162637617905],
        "mean": [0.000920875289012, 0.00099541945383, 0.000425268808613, 0.000300880346913, 0.000373907882022, 0.000395598734031, 0.000442270596977, 0.00038768502418, 0.000285756395897, 0.000200066686375, 0.000272765377304, 0.000447037251433, 0.000243336326093, 0.000201727918466, 0.000103076228697, 0.000115487542644, 0.000103474339994, 8.20750210551e-05, 5.28470336576e-05, 3.05716093862e-05, 3.33500502165e-05, 1.92725092347e-05, 1.26284039652e-05, 1.14377025966e-05, 1.21280208987e-05, 6.9806483225e-06, 4.66913070341e-06, 4.94238156534e-06, 4.17945284426e-06, 2.74805279332e-06, 1.99138912649e-06, 1.97492659026e-06, 1.63814581811e-06, 1.65418293818e-06, 1.901747396e-06, 1.55905422616e-06, 1.52933159825e-06, 1.45125488871e-06, 1.38449070164e-06, 1.62710989571e-06],
        "median": [0.000375531817554, 0.000424860103521, 0.000178364382009, 0.000138155679451, 0.000148856895976, 0.000160043651704, 0.000148624676513, 9.29882953642e-05, 6.79305012454e-05, 5.26902949787e-05, 6.44898682367e-05, 5.08564990014e-05, 3.36363664246e-05, 3.08914823108e-05, 2.46934105235e-05, 2.26883021242e-05, 2.8340235076e-05, 2.07831726584e-05, 1.59130995598e-05, 1.14858612505e-05, 1.23489917314e-05, 7.6350843301e-06, 5.71245527681e-06, 5.37442792847e-06, 5.17925491295e-06, 2.62827325059e-06, 2.13399061977e-06, 1.88876686025e-06, 1.52591485403e-06, 1.07800360638e-06, 7.50531398808e-07, 6.36311483504e-07, 5.26587882632e-07, 5.1530582823e-07, 4.67060260689e-07, 4.88465843773e-07, 4.54578781728e-07, 3.80491343321e-07, 3.05562878111e-07, 2.56393519749e-07],
        "min": [6.02237990391e-24, 3.97999417118e-24, 3.51852868543e-24, 1.74425823614e-24, 6.68980947784e-24, 2.60923948555e-24, 5.72042682636e-24, 6.1291439444e-24, 5.53081464146e-24, 5.06365752428e-24, 8.06332123233e-24, 7.19802759401e-24, 8.51503560844e-24, 2.83011620028e-24, 3.69178462832e-24, 4.82701897423e-24, 2.6654387253e-24, 4.73107337221e-24, 1.05092562553e-23, 1.5171578033e-23, 3.71929102479e-24, 8.60701836771e-24, 6.03287767041e-24, 5.06471262574e-24, 1.13991489432e-23, 1.65918668726e-23, 5.13824905603e-24, 7.56064723061e-24, 8.08648139965e-24, 1.02933347704e-23, 8.95650110366e-24, 8.18487838694e-24, 7.3366919862e-24, 5.35507378672e-24, 8.56620191561e-24, 8.79800238172e-24, 6.83534879283e-24, 7.32974291049e-24, 8.96722330108e-24, 1.02393593295e-23],
        "var": [3.10837822326e-06, 5.61380693398e-06, 1.063294917e-06, 3.68077849089e-07, 6.0343899122e-07, 5.65608218039e-07, 7.31078898752e-07, 8.41881501401e-07, 6.38261667518e-07, 2.1160894903e-07, 2.66532083515e-07, 1.27281430196e-06, 3.84309430501e-07, 2.2897424401e-07, 5.40588693809e-08, 9.60790416116e-08, 5.69728406674e-08, 3.86745959702e-08, 1.37201769945e-08, 7.19257542414e-09, 7.29307192415e-09, 1.5796400854e-09, 4.2362124919e-10, 3.69344693718e-10, 4.22467311134e-10, 1.83966869516e-10, 6.30233226717e-11, 7.46662592865e-11, 5.07894976076e-11, 1.90089523983e-11, 1.22520665488e-11, 1.68288022406e-11, 1.41137995388e-11, 1.33424382653e-11, 3.45835721172e-11, 1.09602691506e-11, 1.13572181173e-11, 1.33060663182e-11, 2.5840905804e-11, 5.17570569736e-11]
    },
    "mfcc": {
        "mean": [-651.528320312, 121.401664734, -9.35651397705, 0.745070397854, 2.95925402641, -2.2541000843, -2.56646060944, -0.620681762695, -1.11402726173, 1.9420568943, -1.53661751747, 1.0209145546, -0.51726937294],
        "cov": [[6553.88818359, -902.790100098, 113.666030884, 307.760955811, 152.39855957, 541.890197754, 579.192321777, 259.420196533, 90.3952102661, 224.990280151, 106.549346924, 149.723861694, 137.982192993], [-902.790100098, 1107.6307373, -62.8461608887, 108.187858582, 13.2366104126, -122.284255981, 30.223859787, -40.4922904968, -41.6913948059, -27.094877243, -42.5914077759, 16.3825531006, -15.9267024994], [113.666030884, -62.8461608887, 976.254516602, 266.10446167, 299.544433594, 79.5979309082, -56.1493148804, 26.6649265289, -26.5448036194, 21.2149658203, 46.7651596069, 55.2428665161, 94.9143218994], [307.760955811, 108.187858582, 266.10446167, 425.760131836, 208.487747192, 110.702079773, 40.5442733765, 50.4599647522, 33.3239173889, 47.6697044373, 29.7931194305, 80.2128067017, 74.9241485596], [152.39855957, 13.2366104126, 299.544433594, 208.487747192, 319.700897217, 98.2588348389, 17.6628913879, 44.8675460815, 20.011346817, 44.3540153503, 23.4157505035, 52.0600967407, 77.6694564819], [541.890197754, -122.284255981, 79.5979309082, 110.702079773, 98.2588348389, 286.054199219, 160.58241272, 95.8780517578, 32.5080680847, 52.9644775391, 49.6342964172, 27.2800502777, 42.4880256653], [579.192321777, 30.223859787, -56.1493148804, 40.5442733765, 17.6628913879, 160.58241272, 272.756317139, 91.7125778198, 20.9703350067, 45.5617713928, 29.9840316772, 16.1348342896, 15.543756485], [259.420196533, -40.4922904968, 26.6649265289, 50.4599647522, 44.8675460815, 95.8780517578, 91.7125778198, 170.800430298, 63.1218414307, 51.9950447083, 36.0321769714, 21.298948288, 30.9102935791], [90.3952102661, -41.6913948059, -26.5448036194, 33.3239173889, 20.011346817, 32.5080680847, 20.9703350067, 63.1218414307, 131.555725098, 48.5598220825, 25.0449676514, 2.95127892494, 6.86813545227], [224.990280151, -27.094877243, 21.2149658203, 47.6697044373, 44.3540153503, 52.9644775391, 45.5617713928, 51.9950447083, 48.5598220825, 132.553131104, 67.3726806641, 38.4418449402, 24.9762859344], [106.549346924, -42.5914077759, 46.7651596069, 29.7931194305, 23.4157505035, 49.6342964172, 29.9840316772, 36.0321769714, 25.0449676514, 67.3726806641, 121.252029419, 47.156085968, 24.9408912659], [149.723861694, 16.3825531006, 55.2428665161, 80.2128067017, 52.0600967407, 27.2800502777, 16.1348342896, 21.298948288, 2.95127892494, 38.4418449402, 47.156085968, 123.452613831, 59.1575241089], [137.982192993, -15.9267024994, 94.9143218994, 74.9241485596, 77.6694564819, 42.4880256653, 15.543756485, 30.9102935791, 6.86813545227, 24.9762859344, 24.9408912659, 59.1575241089, 104.8879776]],
