{
"lowlevel": {
    "average_loudness": 0.730028927326,
    "barkbands_crest": {
        "dmean": 3.12823653221,
        "dmean2": 5.11084365845,
        "dvar": 7.92218542099,
        "dvar2": 19.3239917755,
        "max": 26.3309249878,
        "mean": 11.8941068649,
        "median": 11.0864849091,
        "min": 2.58506727219,
        "var": 22.350976944
    },
    "barkbands_flatness_db": {
        "dmean": 0.0233052093536,
        "dmean2": 0.0368195399642,
        "dvar": 0.000452747597592,
        "dvar2": 0.00109126803,
        "max": 0.388894617558,
        "mean": 0.160889446735,
        "median": 0.155727028847,
        "min": 0.0480617396533,
        "var": 0.00221984926611
    },
    "barkbands_kurtosis": {
        "dmean": 3.08982872963,
        "dmean2": 4.85224437714,
        "dvar": 56.2078323364,
        "dvar2": 123.398132324,
        "max": 236.044448853,
        "mean": 4.04143619537,
        "median": 0.772530078888,
        "min": -1.93445158005,
        "var": 125.074203491
    },
    "barkbands_skewness": {
        "dmean": 0.622739434242,
        "dmean2": 0.954854309559,
        "dvar": 0.439622908831,
        "dvar2": 0.964641332626,
        "max": 13.8694248199,
        "mean": 1.2324501276,
        "median": 0.947820782661,
        "min": -2.65171694756,
        "var": 2.22046351433
    },
    "barkbands_spread": {
        "dmean": 5.94101953506,
        "dmean2": 9.26402187347,
        "dvar": 59.7220497131,
        "dvar2": 119.438156128,
        "max": 113.345680237,
        "mean": 22.8422660828,
        "median": 20.0559024811,
        "min": 0.762749612331,
        "var": 237.213317871
    },
    "dissonance": {
        "dmean": 0.0219752509147,
        "dmean2": 0.0376603789628,
        "dvar": 0.000506816548295,
        "dvar2": 0.00145412120037,
        "max": 0.500000119209,
        "mean": 0.465784579515,
        "median": 0.474152028561,
        "min": 0.261002957821,
        "var": 0.00085548608331
    },
    "dynamic_complexity": 4.26286554337,
    "erbbands_crest": {
        "dmean": 3.29509401321,
        "dmean2": 5.34555673599,
        "dvar": 8.81968784332,
        "dvar2": 21.4530220032,
        "max": 31.4794273376,
        "mean": 11.5217733383,
        "median": 10.4244098663,
        "min": 2.68792176247,
        "var": 30.6737251282
    },
    "erbbands_flatness_db": {
        "dmean": 0.0186998452991,
        "dmean2": 0.0281554237008,
        "dvar": 0.000295109464787,
        "dvar2": 0.000632060109638,
        "max": 0.351233094931,
        "mean": 0.180522292852,
        "median": 0.176931858063,
        "min": 0.0260588899255,
        "var": 0.00228060036898
    },
    "erbbands_kurtosis": {
        "dmean": 1.47052872181,
        "dmean2": 2.37857341766,
        "dvar": 3.85798931122,
        "dvar2": 10.0790739059,
        "max": 30.9781532288,
        "mean": 1.90293216705,
        "median": 0.888632059097,
        "min": -1.79198133945,
        "var": 9.79725074768
    },
    "erbbands_skewness": {
        "dmean": 0.418167412281,
        "dmean2": 0.642717182636,
        "dvar": 0.151359945536,
        "dvar2": 0.336068153381,
        "max": 4.06542205811,
        "mean": 0.21759057045,
        "median": 0.24551461637,
        "min": -3.97659230232,
        "var": 0.997636020184
    },
    "erbbands_spread": {
        "dmean": 6.45050477982,
        "dmean2": 9.90665245056,
        "dvar": 59.4816970825,
        "dvar2": 127.985374451,
        "max": 155.907623291,
        "mean": 27.5105247498,
        "median": 23.7822036743,
        "min": 2.5775911808,
        "var": 280.858947754
    },
    "hfc": {
        "dmean": 6.272793293,
        "dmean2": 9.70868015289,
        "dvar": 94.6142349243,
        "dvar2": 225.249847412,
        "max": 161.998977661,
        "mean": 21.0188465118,
        "median": 15.7642269135,
        "min": 1.16127555324e-16,
        "var": 395.724700928
    },
    "melbands_crest": {
        "dmean": 4.03005456924,
        "dmean2": 6.55898523331,
        "dvar": 12.1656627655,
        "dvar2": 30.853553772,
        "max": 38.709197998,
        "mean": 16.8015174866,
        "median": 15.8253288269,
        "min": 1.4502491951,
        "var": 41.836265564
    },
    "melbands_flatness_db": {
        "dmean": 0.0284743774682,
        "dmean2": 0.0440357998013,
        "dvar": 0.000675086397678,
        "dvar2": 0.0015784004936,
        "max": 0.489583313465,
        "mean": 0.214169800282,
        "median": 0.207246690989,
        "min": 0.00132274022326,
        "var": 0.00404539611191
    },
    "melbands_kurtosis": {
        "dmean": 6.93332529068,
        "dmean2": 10.9037809372,
        "dvar": 221.183151245,
        "dvar2": 477.005340576,
        "max": 460.154663086,
        "mean": 11.166973114,
        "median": 3.79879641533,
        "min": -1.90038394928,
        "var": 530.520507812
    },
    "melbands_skewness": {
        "dmean": 0.819133162498,
        "dmean2": 1.27993416786,
        "dvar": 0.783376157284,
        "dvar2": 1.79237282276,
        "max": 17.4156494141,
        "mean": 2.18181419373,
        "median": 1.7367105484,
        "min": -1.29456400871,
        "var": 3.68871927261
    },
    "melbands_spread": {
        "dmean": 8.12965297699,
        "dmean2": 12.5967617035,
        "dvar": 126.595596313,
        "dvar2": 254.839706421,
        "max": 252.516174316,
        "mean": 26.8350582123,
        "median": 22.8162536621,
        "min": 0.529075980186,
        "var": 463.750579834
    },
    "pitch_salience": {
        "dmean": 0.0781845152378,
        "dmean2": 0.128090113401,
        "dvar": 0.00503834011033,
        "dvar2": 0.0126990582794,
        "max": 0.990074276924,
        "mean": 0.480426460505,
        "median": 0.478502988815,
        "min": 0.0501437261701,
        "var": 0.0167318359017
    },
    "silence_rate_20dB": {
        "dmean": 0,
        "dmean2": 0,
        "dvar": 0,
        "dvar2": 0,
        "max": 1,
        "mean": 1,
        "median": 1,
        "min": 1,
        "var": 0
    },
    "silence_rate_30dB": {
        "dmean": 0.0138243054971,
        "dmean2": 0.0276520866901,
        "dvar": 0.013632953167,
        "dvar2": 0.0351821146905,
        "max": 1,
        "mean": 0.989695906639,
        "median": 1,
        "min": 0,
        "var": 0.0101982690394
    },
    "silence_rate_60dB": {
        "dmean": 0.0183486230671,
        "dmean2": 0.036701861769,
        "dvar": 0.0180110819638,
        "dvar2": 0.0413845703006,
        "max": 1,
        "mean": 0.104800201952,
        "median": 0,
        "min": 0,
        "var": 0.0938204079866
    },
    "spectral_centroid": {
        "dmean": 205.892593384,
        "dmean2": 310.460510254,
        "dvar": 72555.4453125,
        "dvar2": 125481.976562,
        "max": 11578.2236328,
        "mean": 1393.52246094,
        "median": 1287.88476562,
        "min": 258.605163574,
        "var": 434780.25
    },
    "spectral_complexity": {
        "dmean": 2.68769645691,
        "dmean2": 4.28607320786,
        "dvar": 6.93161010742,
        "dvar2": 16.2400398254,
        "max": 54,
        "mean": 16.9104042053,
        "median": 18,
        "min": 0,
        "var": 83.2047805786
    },
    "spectral_decrease": {
        "dmean": 2.77941003546e-09,
        "dmean2": 4.31226165887e-09,
        "dvar": 1.57368514191e-17,
        "dvar2": 3.68936913054e-17,
        "max": -2.95466602603e-29,
        "mean": -7.22279613896e-09,
        "median": -5.59106982934e-09,
        "min": -5.21679091037e-08,
        "var": 4.28605222581e-17
    },
    "spectral_energy": {
        "dmean": 0.0108343781903,
        "dmean2": 0.0167867727578,
        "dvar": 0.000233684899285,
        "dvar2": 0.000549273041543,
        "max": 0.207827597857,
        "mean": 0.0291670337319,
        "median": 0.0229525156319,
        "min": 1.06446213725e-20,
        "var": 0.000671601097565
    },
    "spectral_energyband_high": {
        "dmean": 0.000263922585873,
        "dmean2": 0.000382582045859,
        "dvar": 5.52227959361e-07,
        "dvar2": 1.10134214992e-06,
        "max": 0.0143631761894,
        "mean": 0.000547673029359,
        "median": 0.000205422373256,
        "min": 7.74609649554e-21,
        "var": 1.34313950184e-06
    },
    "spectral_energyband_low": {
        "dmean": 0.0082872742787,
        "dmean2": 0.0130479680374,
        "dvar": 0.000185067547136,
        "dvar2": 0.000429355655797,
        "max": 0.146225824952,
        "mean": 0.0133635243401,
        "median": 0.0074466234073,
        "min": 4.64521154247e-23,
        "var": 0.000310070783598
    },
    "spectral_energyband_middle_high": {
        "dmean": 0.00267730234191,
        "dmean2": 0.00418839417398,
        "dvar": 1.76330631803e-05,
        "dvar2": 4.28760104114e-05,
        "max": 0.0683684721589,
        "mean": 0.00808603782207,
        "median": 0.00484626088291,
        "min": 1.55456135914e-21,
        "var": 7.68979589338e-05
    },
    "spectral_energyband_middle_low": {
        "dmean": 0.00359034398571,
        "dmean2": 0.00596771854907,
        "dvar": 5.6772663811e-05,
        "dvar2": 0.000158435781486,
        "max": 0.160994455218,
        "mean": 0.00750187551603,
        "median": 0.00407190900296,
        "min": 2.10110590372e-22,
        "var": 0.000121748998936
    },
    "spectral_entropy": {
        "dmean": 0.149886131287,
        "dmean2": 0.218985855579,
        "dvar": 0.0198951009661,
        "dvar2": 0.0392525419593,
        "max": 9.81000614166,
        "mean": 7.52794265747,
        "median": 7.54451656342,
        "min": 6.03518915176,
        "var": 0.144470989704
    },
    "spectral_flux": {
        "dmean": 0.0253935027868,
        "dmean2": 0.0410335026681,
        "dvar": 0.000786739517935,
        "dvar2": 0.00196159700863,
        "max": 0.329975485802,
        "mean": 0.0916266739368,
        "median": 0.0859415382147,
        "min": 6.87327417204e-11,
        "var": 0.00291307177395
    },
    "spectral_kurtosis": {
        "dmean": 1.62669920921,
        "dmean2": 2.6894493103,
        "dvar": 2.53538346291,
        "dvar2": 7.01254177094,
        "max": 22.0510349274,
        "mean": 5.46170949936,
        "median": 5.02716445923,
        "min": -1.40949749947,
        "var": 9.1619348526
    },
    "spectral_rms": {
        "dmean": 0.000881242274772,
        "dmean2": 0.00135411776137,
        "dvar": 9.54191023084e-07,
        "dvar2": 2.18056356971e-06,
        "max": 0.01423933357,
        "mean": 0.00479484768584,
        "median": 0.00473209191114,
        "min": 3.22257606884e-12,
        "var": 5.46496812603e-06
    },
    "spectral_rolloff": {
        "dmean": 411.592132568,
        "dmean2": 685.576416016,
        "dvar": 873634.75,
        "dvar2": 1787622,
        "max": 18690.8203125,
        "mean": 1425.90698242,
        "median": 1205.859375,
        "min": 21.533203125,
        "var": 2143088
    },
    "spectral_skewness": {
        "dmean": 0.204152092338,
        "dmean2": 0.323043316603,
        "dvar": 0.0339264348149,
        "dvar2": 0.0768776461482,
        "max": 3.63193392754,
        "mean": 1.76642775536,
        "median": 1.75692224503,
        "min": -0.2468495965,
        "var": 0.234862551093
    },
    "spectral_spread": {
        "dmean": 513506.96875,
        "dmean2": 732553.8125,
        "dvar": 593772544000,
        "dvar2": 1.1491302441e+12,
        "max": 40678548,
        "mean": 4173235.5,
        "median": 3744503.75,
        "min": 1847802.75,
        "var": 2.76305359667e+12
    },
    "spectral_strongpeak": {
        "dmean": 0.832558393478,
        "dmean2": 1.44516289234,
        "dvar": 2.35271120071,
        "dvar2": 6.13267850876,
        "max": 12.2994337082,
        "mean": 1.15506279469,
        "median": 0.308225095272,
        "min": 0,
        "var": 3.39325284958
    },
    "zerocrossingrate": {
        "dmean": 0.00936251878738,
        "dmean2": 0.0108905257657,
        "dvar": 0.000210005338886,
        "dvar2": 0.00020269023662,
        "max": 0.564453125,
        "mean": 0.0543519966304,
        "median": 0.04833984375,
        "min": 0.0009765625,
        "var": 0.00143321976066
    },
    "barkbands": {
        "dmean": [0.000526800344232, 0.00760882534087, 0.00117600837257, 0.000410343578551, 0.00048048098688, 0.00074597436469, 0.00112366001122, 0.000584894616622, 0.00156250048894, 0.000701214012224, 0.000709250336513, 0.000579833460506, 0.000830518605653, 0.000550736382138, 0.000577411905397, 0.000450276653282, 0.000320896622725, 0.000196562119527, 8.77619022503e-05, 6.47026317893e-05, 4.39336981799e-05, 4.41480442532e-05, 5.29392636963e-05, 7.20884127077e-05, 6.68504726491e-05, 1.11756489787e-05, 2.3649624481e-09],
        "dmean2": [0.000868420873303, 0.0120484307408, 0.00206110347062, 0.000710139225703, 0.00082299602218, 0.00122769270092, 0.00182700983714, 0.000957131851465, 0.00262078852393, 0.0011193905957, 0.001124263159, 0.000945118779782, 0.0013053502189, 0.000855548947584, 0.000906916684471, 0.000686101964675, 0.000507108983584, 0.000315222714562, 0.000139496813063, 0.000102795122075, 6.71501111356e-05, 6.68122593197e-05, 7.66158700571e-05, 0.000104653030576, 0.000104432147054, 1.85449916899e-05, 4.42069048034e-09],
        "dvar": [7.60036300562e-07, 0.000173651933437, 4.55630470242e-06, 5.60098101232e-07, 1.03632464743e-06, 3.12865154228e-06, 1.0354627193e-05, 4.66208803118e-06, 3.81233076041e-05, 3.79818152396e-06, 3.55261545337e-06, 3.56483633368e-06, 5.49777087144e-06, 3.02644139083e-06, 2.96497773888e-06, 1.70978307779e-06, 9.6297253549e-07, 1.97747652919e-07, 4.53770105935e-08, 1.88631599229e-08, 1.18766054769e-08, 1.80383068482e-08, 3.17671435823e-08, 6.83715910554e-08, 7.37689802577e-08, 2.04403560744e-09, 1.65420621808e-15],
        "dvar2": [2.08366623156e-06, 0.000404443737352, 1.28175915961e-05, 1.56195153522e-06, 2.74341709883e-06, 8.17117233964e-06, 2.56950770563e-05, 1.27762214106e-05, 0.000108022060886, 9.23020979826e-06, 8.54654535942e-06, 9.15621239983e-06, 1.29876480059e-05, 6.78490505379e-06, 7.12550718163e-06, 3.70053567167e-06, 2.19052799366e-06, 4.62818860569e-07, 1.02253515877e-07, 4.49774937294e-08, 2.75715983378e-08, 3.99742603463e-08, 6.01490768304e-08, 1.22832801708e-07, 1.77827985226e-07, 5.43252198781e-09, 4.91234216661e-15],
        "max": [0.0130851641297, 0.139678239822, 0.034992210567, 0.0118295662105, 0.0245906449854, 0.0341378897429, 0.0591723509133, 0.0664248540998, 0.131542533636, 0.0623535849154, 0.0527937300503, 0.0420634299517, 0.0442288629711, 0.0343058928847, 0.0313875451684, 0.027740707621, 0.0266478825361, 0.00982409808785, 0.00559288961813, 0.00282115489244, 0.00509748701006, 0.00500553241, 0.00483671808615, 0.00844410993159, 0.00613674661145, 0.000994950416498, 2.59365106103e-06],
        "mean": [0.000791497121099, 0.0109696211293, 0.00144417723641, 0.000461285846541, 0.000680375553202, 0.00114498229232, 0.00169154652394, 0.000845267961267, 0.00238447380252, 0.00113066099584, 0.00119512691163, 0.000879019964486, 0.00130141503178, 0.000952474714722, 0.000861539272591, 0.000755027984269, 0.000561915221624, 0.000342398096109, 0.000169614475453, 0.000134631991386, 8.48985437187e-05, 7.78863395681e-05, 9.65707949945e-05, 0.000114117770863, 8.4799110482e-05, 1.17067438623e-05, 1.82026149709e-09],
        "median": [0.000273644924164, 0.00524639338255, 0.000662496429868, 0.000202474882826, 0.000363505678251, 0.000388429092709, 0.000400723976782, 0.000242649577558, 0.000527475262061, 0.00027976706042, 0.000264795264229, 0.000174851549673, 0.000249484612141, 0.000176509172888, 0.000163673452334, 0.00015751477622, 0.000165260164067, 0.000127520688693, 6.58929129713e-05, 4.71606799692e-05, 3.3436139347e-05, 3.04595723719e-05, 2.84332381852e-05, 2.43942013185e-05, 1.67906291608e-05, 2.62137655227e-06, 5.07473230105e-10],
        "min": [1.6739729383e-23, 6.27908628653e-24, 2.04097154179e-23, 1.26568488171e-23, 3.77398219915e-23, 3.02299923915e-23, 1.57923957882e-23, 5.20178982979e-23, 2.79878098852e-23, 3.06806307613e-23, 2.59545272128e-23, 3.03306573539e-23, 9.40003309891e-23, 8.14471116737e-23, 1.62848759716e-22, 2.1927700263e-22, 9.25635249799e-23, 2.59871229454e-22, 2.33959281798e-22, 3.95199749765e-22, 4.37692594395e-22, 4.83732637282e-22, 5.59289911489e-22, 7.70950304306e-22, 1.10863608612e-21, 1.66580301514e-21, 2.27311453762e-21],
        "var": [1.45164779042e-06, 0.000265325477812, 5.02596003571e-06, 5.64675133319e-07, 1.19066839943e-06, 5.80258256377e-06, 2.15717391256e-05, 6.87258625476e-06, 6.81105957483e-05, 7.6252567851e-06, 8.60169984662e-06, 6.8507179094e-06, 1.17530325952e-05, 7.75089392846e-06, 5.7668548834e-06, 4.44340184913e-06, 2.31270018958e-06, 3.81116024073e-07, 1.03457416856e-07, 5.70250797693e-08, 2.59530423818e-08, 3.42710393397e-08, 8.17419021359e-08, 1.67267074858e-07, 9.14762310344e-08, 1.70938785349e-09, 8.55604232466e-16]
    },
    "erbbands": {
        "dmean": [0.289166927338, 1.53324329853, 1.61447501183, 1.14323985577, 1.5379576683, 1.62099421024, 3.1685461998, 7.60391759872, 13.9577903748, 15.4027318954, 16.7816009521, 36.538444519, 21.0098457336, 24.8420753479, 22.6339378357, 23.7276554108, 36.118434906, 29.1811676025, 26.0915870667, 25.1275978088, 20.5419082642, 15.7900676727, 10.4733037949, 6.16342067719, 3.11756944656, 3.10297226906, 1.85508096218, 1.77114033699, 1.47440135479, 1.6023542881, 1.48554301262, 1.48201024532, 1.24883830547, 0.888093054295, 0.398513227701, 0.098650701344, 0.0106190657243, 0.000423375779064, 1.87099085451e-05, 1.31308170239e-05],
        "dmean2": [0.453066915274, 2.48401832581, 2.75760889053, 1.96332728863, 2.67408704758, 2.7812306881, 5.32348108292, 12.4470338821, 22.5789299011, 25.4534416199, 27.3929958344, 61.3099098206, 33.9340362549, 39.1397819519, 35.3208045959, 38.1039924622, 56.1797714233, 44.8865394592, 40.8632392883, 38.7275810242, 29.3585700989, 24.0747108459, 16.5946025848, 9.75620174408, 4.91838169098, 4.98426437378, 2.85521697998, 2.69472408295, 2.27368497849, 2.38610196114, 2.15563297272, 2.16116595268, 1.85591065884, 1.38707447052, 0.618847429752, 0.159874767065, 0.0180713329464, 0.000734794011805, 3.00416613754e-05, 2.02305272978e-05],
        "dvar": [0.241777017713, 7.7180519104, 7.84704303741, 4.24990940094, 8.86370563507, 14.4684906006, 74.7048721313, 398.423370361, 1623.12585449, 2758.50317383, 4821.03027344, 22304.6777344, 3038.65698242, 4445.07373047, 3507.14770508, 6027.45068359, 10012.9648438, 7006.43896484, 6717.52197266, 5200.59521484, 4012.49121094, 2190.14990234, 597.97277832, 295.318908691, 37.2993545532, 46.5284729004, 18.4957180023, 20.3538818359, 21.8747844696, 27.6697883606, 26.6399898529, 28.6213665009, 21.3573875427, 13.1579093933, 2.61738586426, 0.166258022189, 0.00177859526593, 2.67427685685e-06, 3.13336978586e-09, 3.3381875042e-10],
        "dvar2": [0.553934752941, 18.484413147, 21.2648906708, 11.6920795441, 24.3454494476, 38.0441055298, 189.529296875, 1040.70947266, 3991.50439453, 7724.38964844, 12697.0761719, 64640.2539062, 7503.99804688, 10782.8798828, 8291.22753906, 15576.9746094, 23319.8105469, 15752.8554688, 16331.2392578, 11780.46875, 7366.53320312, 4690.78222656, 1377.79833984, 691.260070801, 88.0773239136, 114.535751343, 41.9544067383, 46.0729255676, 51.6058158875, 58.3806800842, 49.7004852295, 49.7495689392, 41.7541885376, 31.4601974487, 6.27283573151, 0.433663070202, 0.00484455190599, 7.42256452213e-06, 8.17774736817e-09, 7.84199760684e-10],
        "max": [6.41312408447, 27.7089328766, 37.4960289001, 32.2750663757, 42.5192222595, 142.605072021, 238.357894897, 437.082794189, 1056.5390625, 1133.9206543, 2332.57275391, 3228.21386719, 1695.50756836, 1870.9128418, 1390.65710449, 1580.90551758, 1748.08679199, 1881.41210938, 1951.38989258, 1346.28430176, 1472.58349609, 1781.49047852, 701.847412109, 466.65032959, 117.631332397, 121.068481445, 144.525192261, 202.924789429, 211.222961426, 182.354934692, 144.17868042, 181.320983887, 135.692718506, 76.9435272217, 40.3872795105, 10.204003334, 0.855707287788, 0.0369013398886, 0.00111219391692, 0.000260052707745],
        "mean": [0.419130980968, 2.0288772583, 2.13207674026, 1.50881886482, 1.99941241741, 2.19127988815, 4.45579099655, 11.5661306381, 21.2920818329, 23.6605186462, 26.9543552399, 54.2106132507, 35.4415588379, 42.9770355225, 41.1305847168, 39.5554008484, 60.7482566833, 55.6782569885, 43.8822135925, 44.3614273071, 38.4300422668, 32.0877571106, 20.5339069366, 12.2627048492, 6.90457582474, 6.54981327057, 3.88223171234, 3.42702007294, 2.69959187508, 2.81890320778, 2.71359968185, 2.51279067993, 1.79335558414, 1.11913633347, 0.500119507313, 0.112902611494, 0.0102675687522, 0.000388836604543, 3.33038078679e-05, 3.68803594029e-05],
        "median": [0.186272084713, 0.908698618412, 1.09745788574, 0.824237346649, 1.01129460335, 1.17393231392, 1.84495592117, 3.58477640152, 5.84793949127, 6.61293888092, 6.99101257324, 12.3795185089, 11.402130127, 12.7548522949, 10.7620325089, 9.22426223755, 13.6565895081, 14.0181655884, 11.2040281296, 10.7516975403, 9.67477607727, 10.3710269928, 7.96991348267, 4.77509498596, 2.97541570663, 2.26142406464, 1.56833255291, 1.27722644806, 1.0938501358, 0.997102558613, 0.759590625763, 0.576427698135, 0.347937315702, 0.193468868732, 0.106912955642, 0.0259768590331, 0.00209665368311, 6.69979999657e-05, 2.1293071768e-05, 2.99435560009e-05],
        "min": [1.53271420346e-22, 1.79754647187e-21, 1.36185368152e-20, 5.23613244123e-20, 6.99402921405e-20, 1.82666178348e-19, 1.07566321287e-19, 2.82879096634e-19, 2.88994701396e-19, 6.4373578583e-19, 1.24877378786e-18, 8.37808073967e-19, 5.28810878738e-19, 1.49096803191e-18, 1.54573462629e-18, 2.22522627638e-18, 4.4946099354e-18, 4.23563043896e-18, 8.02573395537e-18, 1.26281859088e-17, 1.0102337796e-17, 6.47481911049e-18, 1.23005777184e-17, 8.36753491064e-18, 1.71742464783e-17, 2.07969600716e-17, 1.50649011747e-17, 1.78145090878e-17, 1.6983379515e-17, 2.11457308507e-17, 1.31867329999e-17, 1.41537484951e-17, 1.48935457477e-17, 1.14928358503e-17, 8.85605206398e-18, 6.02388945777e-18, 2.64696120976e-18, 9.10248571207e-19, 3.24266199704e-19, 3.55248772997e-20],
        "var": [0.401119291782, 10.0863265991, 9.22999858856, 4.7535905838, 9.65435218811, 15.6600122452, 109.672225952, 725.152954102, 3394.56054688, 4936.30175781, 9086.45800781, 35889.203125, 6441.88232422, 8869.99414062, 10044.3378906, 12220.6015625, 23281.1132812, 21080.7246094, 13040.765625, 11527.6943359, 11616.9970703, 7024.02978516, 1329.7701416, 674.928710938, 112.71547699, 135.416610718, 46.8813247681, 44.0967712402, 37.9368858337, 54.5583839417, 70.4035949707, 74.8819046021, 44.891746521, 16.7746925354, 3.24573636055, 0.154658913612, 0.00136930239387, 2.00408976525e-06, 3.38635119945e-09, 1.01376973483e-09]
    },
    "gfcc": {
        "mean": [-24.545211792, 104.419288635, -130.832565308, 33.1551780701, -55.5904960632, 32.960144043, -36.1193275452, 23.2714500427, -12.051607132, 6.02317428589, -6.13741493225, -1.03435528278, -1.69364202023],
        "cov": [[6983.19287109, -594.528015137, -208.301376343, 432.906829834, 87.4771728516, 492.319610596, 114.063079834, 214.929763794, 79.1638259888, 265.046936035, 4.07425689697, 170.579498291, -162.171737671], [-594.528015137, 947.771362305, 106.513031006, -34.6182670593, 219.178512573, -114.975334167, 99.2240753174, -95.0150909424, 80.7365875244, -67.0792312622, 115.940223694, -50.5473327637, 48.3579101562], [-208.301376343, 106.513031006, 890.213500977, 271.432159424, -15.3356771469, 14.6001443863, -147.668151855, -28.9277210236, -38.4610328674, 60.5465240479, 58.6385726929, 80.1118469238, 32.7561378479], [432.906829834, -34.6182670593, 271.432159424, 409.166259766, 97.8091125488, -10.089009285, -19.2888126373, 28.9665756226, 18.5928974152, 21.7499923706, 10.4289083481, 20.032289505, 43.9449958801], [87.4771728516, 219.178512573, -15.3356771469, 97.8091125488, 323.045898438, 4.5107550621, 59.4885406494, 29.2035961151, 51.8065299988, 4.37857818604, -8.89756965637, -13.797753334, 15.1315555573], [492.319610596, -114.975334167, 14.6001443863, -10.089009285, 4.5107550621, 200.620620728, 73.7877426147, 9.37340259552, -10.3428554535, 11.7194728851, 13.7759799957, 6.52071475983, -5.05303287506], [114.063079834, 99.2240753174, -147.668151855, -19.2888126373, 59.4885406494, 73.7877426147, 271.776672363, 28.7336425781, 17.6638240814, -24.0045909882, 18.9448890686, -29.6681537628, 0.588637948036], [214.929763794, -95.0150909424, -28.9277210236, 28.9665756226, 29.2035961151, 9.37340259552, 28.7336425781, 125.284393311, 41.0690574646, -0.427104324102, -21.0040664673, 1.49399471283, 4.09612607956], [79.1638259888, 80.7365875244, -38.4610328674, 18.5928974152, 51.8065299988, -10.3428554535, 17.6638240814, 41.0690574646, 141.095535278, 18.0706806183, 24.9212169647, -4.28266477585, 6.82228899002], [265.046936035, -67.0792312622, 60.5465240479, 21.7499923706, 4.37857818604, 11.7194728851, -24.0045909882, -0.427104324102, 18.0706806183, 124.808105469, 32.3084373474, 23.0601863861, -24.8533000946], [4.07425689697, 115.940223694, 58.6385726929, 10.4289083481, -8.89756965637, 13.7759799957, 18.9448890686, -21.0040664673, 24.9212169647, 32.3084373474, 132.073883057, 29.1972293854, 13.6884622574], [170.579498291, -50.5473327637, 80.1118469238, 20.032289505, -13.797753334, 6.52071475983, -29.6681537628, 1.49399471283, -4.28266477585, 23.0601863861, 29.1972293854, 104.545051575, 24.2605686188], [-162.171737671, 48.3579101562, 32.7561378479, 43.9449958801, 15.1315555573, -5.05303287506, 0.588637948036, 4.09612607956, 6.82228899002, -24.8533000946, 13.6884622574, 24.2605686188, 106.363098145]],
        "icov": [[0.000324421882397, -0.000407344690757, 0.000498290930409, -0.000787096214481, 0.000389719294617, -0.00113681214862, 0.000320176040987, -0.00064231507713, 0.00015975900169, -0.000689858512487, 0.000439909315901, -0.000869732932188, 0.00073542172322], [-0.000407344690757, 0.00387992733158, -0.00193128862884, 0.00257578422315, -0.00304169789888, 0.00392839033157, -0.00194246810861, 0.00354215153493, -0.00186921516433, 0.00308014149778, -0.00336607219651, 0.00286695430987, -0.00174195377622], [0.000498290930409, -0.00193128862884, 0.00304105505347, -0.00298107345589, 0.00172864622436, -0.0031281101983, 0.0019510651473, -0.00183846149594, 0.00140296760947, -0.0021726351697, 0.00113086972851, -0.00261891586706, 0.00145255541429], [-0.000787096214481, 0.00257578422315, -0.00298107345589, 0.0062840837054, -0.00311059784144, 0.00429927045479, -0.00169209274463, 0.00207547703758, -0.00125422922429, 0.00228154007345, -0.00219037430361, 0.00324858911335, -0.00331874471158], [0.000389719294617, -0.00304169789888, 0.00172864622436, -0.00311059784144, 0.00617610663176, -0.00321696512401, 0.000747565412894, -0.00277950102463, 0.000264291564235, -0.00280559435487, 0.00332541507669, -0.00214261072688, 0.00118958961684], [-0.00113681214862, 0.00392839033157, -0.0031281101983, 0.00429927045479, -0.00321696512401, 0.011701987125, -0.00417128903791, 0.00383289786987, -0.00108329788782, 0.0033287613187, -0.00375463417731, 0.00390123855323, -0.00300254905596], [0.000320176040987, -0.00194246810861, 0.0019510651473, -0.00169209274463, 0.000747565412894, -0.00417128903791, 0.00627163378522, -0.00289368606173, 0.00117355433758, -0.000670060515404, 3.04613695334e-05, -0.000526419782545, 0.00112607923802], [-0.00064231507713, 0.00354215153493, -0.00183846149594, 0.00207547703758, -0.00277950102463, 0.00383289786987, -0.00289368606173, 0.0134465880692, -0.00483250617981, 0.00307525251992, -0.000512552855071, 0.00191791262478, -0.00214836397208], [0.00015975900169, -0.00186921516433, 0.00140296760947, -0.00125422922429, 0.000264291564235, -0.00108329788782, 0.00117355433758, -0.00483250617981, 0.0101843355224, -0.00265310471877, -0.000924257794395, -0.000275578524452, 0.000178729023901], [-0.000689858512487, 0.00308014149778, -0.0021726351697, 0.00228154007345, -0.00280559435487, 0.0033287613187, -0.000670060515404, 0.00307525251992, -0.00265310471877, 0.0131955798715, -0.00495628127828, 0.0010793422116, 0.00136197265238], [0.000439909315901, -0.00336607219651, 0.00113086972851, -0.00219037430361, 0.00332541507669, -0.00375463417731, 3.04613695334e-05, -0.000512552855071, -0.000924257794395, -0.00495628127828, 0.0131190307438, -0.00481288135052, 0.000436525151599], [-0.000869732932188, 0.00286695430987, -0.00261891586706, 0.00324858911335, -0.00214261072688, 0.00390123855323, -0.000526419782545, 0.00191791262478, -0.000275578524452, 0.0010793422116, -0.00481288135052, 0.0153923397884, -0.00536757940426], [0.00073542172322, -0.00174195377622, 0.00145255541429, -0.00331874471158, 0.00118958961684, -0.00300254905596, 0.00112607923802, -0.00214836397208, 0.000178729023901, 0.00136197265238, 0.000436525151599, -0.00536757940426, 0.0134783973917]]
    },
    "melbands": {
        "dmean": [0.0023126245942, 0.00116407580208, 0.000202661496587, 0.000111332643428, 9.73928181338e-05, 0.000167822829098, 0.000214304847759, 0.000155585788889, 0.000171879961272, 0.00023155080271, 0.000105108454591, 0.000103129779745, 8.49887146614e-05, 5.73587276449e-05, 7.93142971816e-05, 8.78785795067e-05, 5.58732172067e-05, 4.39537398051e-05, 4.64542026748e-05, 3.15092765959e-05, 2.63218280452e-05, 2.11023725569e-05, 1.32113063955e-05, 8.21684989205e-06, 5.44315525985e-06, 2.86884824163e-06, 2.25116650654e-06, 2.35552215599e-06, 1.34939227792e-06, 1.17278477774e-06, 1.12273596642e-06, 8.90701073786e-07, 9.08825143142e-07, 9.60610691436e-07, 8.89933346571e-07, 9.57652105171e-07, 9.66942025116e-07, 9.38944424433e-07, 8.20298282633e-07, 7.65784989198e-07],
        "dmean2": [0.00365679827519, 0.00191905396059, 0.000346394983353, 0.000192574458197, 0.000163907825481, 0.000275287835393, 0.00034709618194, 0.000258533342276, 0.000280976877548, 0.000388319196645, 0.000169342456502, 0.000162865500897, 0.000132345841848, 8.94796394277e-05, 0.000126971222926, 0.00013938738266, 8.43237357913e-05, 6.90803644829e-05, 7.13385597919e-05, 4.93399311381e-05, 3.77129763365e-05, 3.18063757732e-05, 2.05225605896e-05, 1.30444786919e-05, 8.69654468261e-06, 4.52457970823e-06, 3.59669888894e-06, 3.82173311664e-06, 2.11862061406e-06, 1.83658505648e-06, 1.74271463038e-06, 1.40971530982e-06, 1.38571488151e-06, 1.45472938584e-06, 1.32554521315e-06, 1.43631746141e-06, 1.42103101552e-06, 1.41706368595e-06, 1.28254930587e-06, 1.21506775486e-06],
        "dvar": [1.58372422447e-05, 4.00460248784e-06, 1.27843577502e-07, 5.38903641711e-08, 6.16546884658e-08, 1.67711192489e-07, 3.5388305264e-07, 2.93826957432e-07, 6.01600220307e-07, 8.82769882082e-07, 7.945192948e-08, 7.71330235239e-08, 4.88430380585e-08, 3.31030598488e-08, 6.34618118056e-08, 6.53708127629e-08, 2.84183592214e-08, 2.2053837867e-08, 2.10451887028e-08, 8.9666416514e-09, 7.19484738454e-09, 4.45238468316e-09, 1.14725451361e-09, 3.82525844334e-10, 2.57918103541e-10, 3.80962136837e-11, 2.5194754269e-11, 2.91554350107e-11, 1.04132822157e-11, 8.85762210107e-12, 8.45976760866e-12, 7.95076678106e-12, 9.53051873531e-12, 1.00625592928e-11, 9.74379604779e-12, 1.1676337848e-11, 1.36436643233e-11, 1.2558388357e-11, 1.02549149728e-11, 1.03347582228e-11],
        "dvar2": [3.63313338312e-05, 1.00015031421e-05, 3.48873271605e-07, 1.46578543081e-07, 1.55002283009e-07, 4.38393442437e-07, 8.6926553422e-07, 8.3492881231e-07, 1.58855800692e-06, 2.53899406744e-06, 1.93680875782e-07, 1.88176130678e-07, 1.13811807978e-07, 7.92116381376e-08, 1.60959601203e-07, 1.5598109826e-07, 6.1482857916e-08, 5.17374978415e-08, 4.90935434527e-08, 2.07567367738e-08, 1.31244002333e-08, 9.25292464871e-09, 2.56734833393e-09, 8.9948770654e-10, 6.02746130784e-10, 8.32043461907e-11, 5.99500241116e-11, 7.05821096014e-11, 2.38385890888e-11, 2.1991396551e-11, 1.91469149563e-11, 1.98036673865e-11, 2.06271562331e-11, 2.22858762694e-11, 1.93214975269e-11, 2.39696509169e-11, 2.42099482822e-11, 2.46400955195e-11, 2.32847508636e-11, 2.54228096908e-11],
        "max": [0.0447064675391, 0.0204013548791, 0.0060440110974, 0.00536519102752, 0.0066062649712, 0.00845193397254, 0.0138746695593, 0.0144366808236, 0.0266485735774, 0.0205452051014, 0.00882836524397, 0.00765362195671, 0.00712487800047, 0.00506623834372, 0.00562502117828, 0.00414260616526, 0.00427944213152, 0.00330141093582, 0.00259708962403, 0.00201861490496, 0.00172980641946, 0.00243017240427, 0.000676366733387, 0.000463158125058, 0.000439739465946, 0.000168592916452, 0.000153294633492, 0.000118838797789, 8.46132606966e-05, 0.000107331878098, 0.000125589926029, 0.000132588291308, 0.000125795602798, 0.000103822007077, 9.42374026636e-05, 0.000122473153169, 0.000147827464389, 0.000118502430269, 6.50692818454e-05, 6.46188273095e-05],
        "mean": [0.00338352308609, 0.00165913254023, 0.000284514651867, 0.000154128763825, 0.000140434625791, 0.000259669584921, 0.000331363262376, 0.000235623447224, 0.000262113753706, 0.000338464655215, 0.000170461105881, 0.000170960120158, 0.000149727682583, 8.96755009308e-05, 0.000121834025776, 0.00013866336667, 9.76115043159e-05, 6.611081335e-05, 6.8949717388e-05, 5.44610447832e-05, 4.30702930316e-05, 3.50146729033e-05, 2.34092804021e-05, 1.42060107464e-05, 9.65107574302e-06, 5.45985949429e-06, 4.14978694607e-06, 4.525692475e-06, 2.56925432041e-06, 2.04321304409e-06, 1.97034955818e-06, 1.53183862039e-06, 1.45508874994e-06, 1.61469620252e-06, 1.55551538228e-06, 1.55215047926e-06, 1.54419740284e-06, 1.31718320517e-06, 1.0524481695e-06, 9.13633527944e-07],
        "median": [0.00162452529185, 0.00087590405019, 0.000165447287145, 8.05933668744e-05, 6.36623153696e-05, 8.07401520433e-05, 8.92105090315e-05, 6.47725028102e-05, 5.38642416359e-05, 7.55922737881e-05, 4.81798088003e-05, 4.37070229964e-05, 3.38495992764e-05, 2.03366216738e-05, 2.22276685236e-05, 2.59846565314e-05, 1.8878166884e-05, 1.33505109261e-05, 1.2848762708e-05, 1.11279096018e-05, 9.29359612201e-06, 1.03978472907e-05, 7.31689306122e-06, 5.43536134501e-06, 3.23272547575e-06, 2.19379126065e-06, 1.62456217367e-06, 1.35691425385e-06, 9.46123464018e-07, 7.86735995462e-07, 6.71305201649e-07, 5.9982988887e-07, 4.89259605274e-07, 5.3968165048e-07, 4.33748596151e-07, 3.56588884642e-07, 3.33119118068e-07, 2.49760631732e-07, 1.75910798816e-07, 1.5202483894e-07],
        "min": [2.98338161897e-24, 6.39128123991e-24, 9.09008996479e-24, 9.59808088902e-24, 4.34528962398e-24, 6.10430310892e-24, 4.41188368387e-24, 9.92197376606e-24, 9.68709043153e-24, 4.58841103294e-24, 2.52552319971e-24, 6.34133017296e-24, 4.1173727201e-24, 3.98914061894e-24, 1.16106362411e-23, 7.59230342988e-24, 7.9872805631e-24, 1.01201135374e-23, 1.44789124043e-23, 1.6957680607e-23, 8.97477427767e-24, 5.34716072298e-24, 9.09133242072e-24, 1.16328268983e-23, 5.68107016137e-24, 9.97542224784e-24, 1.32792364055e-23, 1.41482313792e-23, 8.58696631236e-24, 9.60114798022e-24, 9.75536160972e-24, 9.39339751652e-24, 8.47379869348e-24, 1.16888888763e-23, 7.4392052497e-24, 7.24525117437e-24, 8.97472773488e-24, 1.09144444041e-23, 9.84507166072e-24, 9.29945838221e-24],
        "var": [2.52715253737e-05, 5.22418713444e-06, 1.50117188014e-07, 5.92581415049e-08, 9.1251500578e-08, 3.15500869874e-07, 7.52026778628e-07, 5.16803595474e-07, 1.15949558221e-06, 1.40389886383e-06, 1.68597082961e-07, 1.48745357365e-07, 1.4040330143e-07, 6.24494234103e-08, 1.30355871875e-07, 1.39614684258e-07, 8.27749246923e-08, 4.00879578422e-08, 4.03851707631e-08, 2.44435245378e-08, 1.92329938642e-08, 1.04568780301e-08, 3.00371816309e-09, 6.86795231797e-10, 5.62089319533e-10, 9.55922008217e-11, 5.55990704865e-11, 7.94048160557e-11, 2.48898280458e-11, 1.62093949374e-11, 1.68407475465e-11, 1.19546768318e-11, 1.69456965821e-11, 1.85448132545e-11, 2.34282246381e-11, 2.72763322345e-11, 3.32768292088e-11, 2.62156962805e-11, 1.56113247329e-11, 1.18492724313e-11]
    },
    "mfcc": {
        "mean": [-660.15411377, 126.524681091, -6.32743692398, 9.59143447876, 10.6689739227, 6.37008857727, 2.18813562393, 11.4582929611, 6.62613677979, 7.97654294968, 5.93110561371, 6.62088298798, 2.17993879318],
        "cov": [[6457.58154297, -880.435852051, -189.228103638, 23.7239570618, 16.6961288452, 279.128082275, 146.364776611, 214.896453857, 89.1358947754, 195.313842773, 114.98765564, 210.974075317, 159.904174805], [-880.435852051, 943.387390137, -63.6387519836, 71.6409072876, 70.3915100098, 19.5240707397, 20.5353107452, 1.23087513447, -27.3955554962, -18.3977794647, 35.6668701172, 14.5509519577, 5.00344467163], [-189.228103638, -63.6387519836, 819.403137207, 147.253570557, 140.657867432, 37.9435844421, -16.2058982849, -76.5037994385, -76.6649246216, -68.296585083, -61.2893333435, 47.2939605713, 69.1077346802], [23.7239570618, 71.6409072876, 147.253570557, 395.175964355, 153.342544556, 24.6928367615, 19.1090831757, -9.45032215118, 34.7060546875, 4.46836471558, -5.92994880676, 19.2939949036, 25.1980457306], [16.6961288452, 70.3915100098, 140.657867432, 153.342544556, 282.788024902, 13.7579259872, -28.9126224518, -17.0136241913, 24.6489391327, -5.01852416992, -22.553352356, 17.4444351196, 38.1311416626], [279.128082275, 19.5240707397, 37.9435844421, 24.6928367615, 13.7579259872, 160.876281738, 70.228729248, 22.5826911926, 2.74410629272, 17.8498916626, 19.0604534149, 5.14140462875, 5.78132295609], [146.364776611, 20.5353107452, -16.2058982849, 19.1090831757, -28.9126224518, 70.228729248, 175.353607178, 51.7619743347, 16.7785511017, 24.1580848694, 16.8537425995, -12.870798111, -18.5899963379], [214.896453857, 1.23087513447, -76.5037994385, -9.45032215118, -17.0136241913, 22.5826911926, 51.7619743347, 141.790740967, 53.3902015686, 22.1147441864, 17.6874198914, -1.13906395435, -5.7613568306], [89.1358947754, -27.3955554962, -76.6649246216, 34.7060546875, 24.6489391327, 2.74410629272, 16.7785511017, 53.3902015686, 130.458526611, 35.7264862061, 7.29831981659, -10.3044757843, -19.8999385834], [195.313842773, -18.3977794647, -68.296585083, 4.46836471558, -5.01852416992, 17.8498916626, 24.1580848694, 22.1147441864, 35.7264862061, 99.8599853516, 40.6515808105, 7.41293239594, -5.51720714569], [114.98765564, 35.6668701172, -61.2893333435, -5.92994880676, -22.553352356, 19.0604534149, 16.8537425995, 17.6874198914, 7.29831981659, 40.6515808105, 107.288398743, 34.9623565674, -6.20451593399], [210.974075317, 14.5509519577, 47.2939605713, 19.2939949036, 17.4444351196, 5.14140462875, -12.870798111, -1.13906395435, -10.3044757843, 7.41293239594, 34.9623565674, 105.833480835, 44.5080871582], [159.904174805, 5.00344467163, 69.1077346802, 25.1980457306, 38.1311416626, 5.78132295609, -18.5899963379, -5.7613568306, -19.8999385834, -5.51720714569, -6.20451593399, 44.5080871582, 101.399139404]],
