{
"lowlevel": {
    "average_loudness": 0.770230352879,
    "barkbands_crest": {
        "dmean": 2.93590426445,
        "dmean2": 4.94286394119,
        "dvar": 6.58597040176,
        "dvar2": 17.902179718,
        "max": 26.6860294342,
        "mean": 10.8758735657,
        "median": 10.1471281052,
        "min": 2.47635865211,
        "var": 17.8602981567
    },
    "barkbands_flatness_db": {
        "dmean": 0.0207993108779,
        "dmean2": 0.0336445532739,
        "dvar": 0.000357259210432,
        "dvar2": 0.000893762160558,
        "max": 0.431724637747,
        "mean": 0.160853683949,
        "median": 0.153180956841,
        "min": 0.0357703231275,
        "var": 0.00271715736017
    },
    "barkbands_kurtosis": {
        "dmean": 2.49942755699,
        "dmean2": 4.0710144043,
        "dvar": 27.5922641754,
        "dvar2": 70.2791595459,
        "max": 131.255401611,
        "mean": 3.58427095413,
        "median": 1.03551125526,
        "min": -1.92024672031,
        "var": 69.1432266235
    },
    "barkbands_skewness": {
        "dmean": 0.500894546509,
        "dmean2": 0.80377304554,
        "dvar": 0.295415431261,
        "dvar2": 0.718675613403,
        "max": 11.4144735336,
        "mean": 1.01906275749,
        "median": 0.812440276146,
        "min": -2.83477544785,
        "var": 1.49197638035
    },
    "barkbands_spread": {
        "dmean": 5.16427946091,
        "dmean2": 7.92410516739,
        "dvar": 57.3259620667,
        "dvar2": 111.950195312,
        "max": 116.989517212,
        "mean": 20.3720645905,
        "median": 16.6073303223,
        "min": 0.903691232204,
        "var": 271.299530029
    },
    "dissonance": {
        "dmean": 0.0248800553381,
        "dmean2": 0.0428884960711,
        "dvar": 0.000569270749111,
        "dvar2": 0.00159432995133,
        "max": 0.500000119209,
        "mean": 0.459910869598,
        "median": 0.46969601512,
        "min": 0.205427974463,
        "var": 0.00120981503278
    },
    "dynamic_complexity": 3.48756361008,
    "erbbands_crest": {
        "dmean": 3.3104326725,
        "dmean2": 5.36868476868,
        "dvar": 8.84866142273,
        "dvar2": 21.3278331757,
        "max": 32.642074585,
        "mean": 12.7242383957,
        "median": 11.531006813,
        "min": 2.56232118607,
        "var": 36.4243392944
    },
    "erbbands_flatness_db": {
        "dmean": 0.0181216709316,
        "dmean2": 0.0278981439769,
        "dvar": 0.000268831267022,
        "dvar2": 0.000585487112403,
        "max": 0.373307526112,
        "mean": 0.195375308394,
        "median": 0.196740105748,
        "min": 0.029080837965,
        "var": 0.00307426485233
    },
    "erbbands_kurtosis": {
        "dmean": 1.60505247116,
        "dmean2": 2.54113483429,
        "dvar": 4.91367197037,
        "dvar2": 11.8252439499,
        "max": 34.6270332336,
        "mean": 2.42387986183,
        "median": 1.44286203384,
        "min": -1.79206335545,
        "var": 12.7365541458
    },
    "erbbands_skewness": {
        "dmean": 0.417959690094,
        "dmean2": 0.657567679882,
        "dvar": 0.152988493443,
        "dvar2": 0.355068147182,
        "max": 5.29684352875,
        "mean": 0.692361474037,
        "median": 0.634409546852,
        "min": -4.02251815796,
        "var": 0.748987436295
    },
    "erbbands_spread": {
        "dmean": 6.13953971863,
        "dmean2": 9.23289489746,
        "dvar": 79.7772216797,
        "dvar2": 145.578674316,
        "max": 162.83833313,
        "mean": 25.574010849,
        "median": 19.0296669006,
        "min": 2.73180198669,
        "var": 412.827453613
    },
    "hfc": {
        "dmean": 7.05734348297,
        "dmean2": 10.990111351,
        "dvar": 116.613449097,
        "dvar2": 264.235473633,
        "max": 224.700622559,
        "mean": 25.9358997345,
        "median": 20.3086833954,
        "min": 1.08521570035e-16,
        "var": 619.399291992
    },
    "melbands_crest": {
        "dmean": 3.5054898262,
        "dmean2": 5.87468147278,
        "dvar": 9.20055961609,
        "dvar2": 24.6806964874,
        "max": 39.6754226685,
        "mean": 13.6847333908,
        "median": 12.8075447083,
        "min": 1.79464042187,
        "var": 25.9371414185
    },
    "melbands_flatness_db": {
        "dmean": 0.0240950286388,
        "dmean2": 0.0385548919439,
        "dvar": 0.000545749382582,
        "dvar2": 0.00132374570239,
        "max": 0.561541557312,
        "mean": 0.204113692045,
        "median": 0.191709339619,
        "min": 0.0048064077273,
        "var": 0.00436117593199
    },
    "melbands_kurtosis": {
        "dmean": 4.49908590317,
        "dmean2": 7.34719657898,
        "dvar": 87.3362197876,
        "dvar2": 222.885559082,
        "max": 187.942703247,
        "mean": 7.36808204651,
        "median": 2.94944238663,
        "min": -1.90016233921,
        "var": 176.692169189
    },
    "melbands_skewness": {
        "dmean": 0.635575592518,
        "dmean2": 1.01607728004,
        "dvar": 0.473785966635,
        "dvar2": 1.16382658482,
        "max": 13.2730731964,
        "mean": 1.61348080635,
        "median": 1.37354409695,
        "min": -1.84556376934,
        "var": 2.13426375389
    },
    "melbands_spread": {
        "dmean": 6.24343442917,
        "dmean2": 10.0279493332,
        "dvar": 93.0490875244,
        "dvar2": 197.867889404,
        "max": 271.598510742,
        "mean": 24.7788543701,
        "median": 22.202009201,
        "min": 0.804410934448,
        "var": 337.288787842
    },
    "pitch_salience": {
        "dmean": 0.0722894743085,
        "dmean2": 0.120004668832,
        "dvar": 0.00425288872793,
        "dvar2": 0.0113581456244,
        "max": 0.903257787228,
        "mean": 0.54306268692,
        "median": 0.53392469883,
        "min": 0.017517901957,
        "var": 0.0131719363853
    },
    "silence_rate_20dB": {
        "dmean": 0,
        "dmean2": 0,
        "dvar": 0,
        "dvar2": 0,
        "max": 1,
        "mean": 1,
        "median": 1,
        "min": 1,
        "var": 0
    },
    "silence_rate_30dB": {
        "dmean": 0.0032158032991,
        "dmean2": 0.00643234560266,
        "dvar": 0.0032051356975,
        "dvar2": 0.00868793576956,
        "max": 1,
        "mean": 0.997932910919,
        "median": 1,
        "min": 0,
        "var": 0.00206261523999
    },
    "silence_rate_60dB": {
        "dmean": 0.0227403230965,
        "dmean2": 0.0454858727753,
        "dvar": 0.022224728018,
        "dvar2": 0.0514626987278,
        "max": 1,
        "mean": 0.0747588425875,
        "median": 0,
        "min": 0,
        "var": 0.0691818222404
    },
    "spectral_centroid": {
        "dmean": 178.703445435,
        "dmean2": 276.865692139,
        "dvar": 56838.6914062,
        "dvar2": 121449.679688,
        "max": 11195.4667969,
        "mean": 1233.27233887,
        "median": 1242.91748047,
        "min": 163.365524292,
        "var": 328226.125
    },
    "spectral_complexity": {
        "dmean": 2.72952795029,
        "dmean2": 4.52538490295,
        "dvar": 7.45493125916,
        "dvar2": 17.9838924408,
        "max": 53,
        "mean": 18.3829803467,
        "median": 18,
        "min": 0,
        "var": 82.3825912476
    },
    "spectral_decrease": {
        "dmean": 2.07832662191e-09,
        "dmean2": 3.39839822949e-09,
        "dvar": 8.16683856016e-18,
        "dvar2": 2.13032276937e-17,
        "max": 7.64821628211e-29,
        "mean": -6.51460707601e-09,
        "median": -5.40850830788e-09,
        "min": -4.02212378958e-08,
        "var": 2.77604427464e-17
    },
    "spectral_energy": {
        "dmean": 0.0082560358569,
        "dmean2": 0.0134654128924,
        "dvar": 0.000125496473629,
        "dvar2": 0.000328136899043,
        "max": 0.154084384441,
        "mean": 0.0269401222467,
        "median": 0.0227800942957,
        "min": 1.03415703457e-20,
        "var": 0.0004618743842
    },
    "spectral_energyband_high": {
        "dmean": 0.000323915039189,
        "dmean2": 0.000457463494968,
        "dvar": 8.26697771572e-07,
        "dvar2": 1.5694187141e-06,
        "max": 0.021536687389,
        "mean": 0.000795337371528,
        "median": 0.000279235304333,
        "min": 7.72380300868e-21,
        "var": 3.01186696561e-06
    },
    "spectral_energyband_low": {
        "dmean": 0.00438976753503,
        "dmean2": 0.007607948035,
        "dvar": 7.14399211574e-05,
        "dvar2": 0.000192839812371,
        "max": 0.147011205554,
        "mean": 0.0072840070352,
        "median": 0.00290404097177,
        "min": 3.83988616352e-23,
        "var": 0.000112824607641
    },
    "spectral_energyband_middle_high": {
        "dmean": 0.00377979013138,
        "dmean2": 0.0061418171972,
        "dvar": 4.65546654596e-05,
        "dvar2": 0.000127487510326,
        "max": 0.123489849269,
        "mean": 0.0113141490147,
        "median": 0.00552477501333,
        "min": 1.4091373125e-21,
        "var": 0.000170939762029
    },
    "spectral_energyband_middle_low": {
        "dmean": 0.00363983749412,
        "dmean2": 0.00589958392084,
        "dvar": 3.39561847795e-05,
        "dvar2": 8.60665604705e-05,
        "max": 0.0925904586911,
        "mean": 0.0084052728489,
        "median": 0.00625245040283,
        "min": 2.17339105863e-22,
        "var": 6.77198186168e-05
    },
    "spectral_entropy": {
        "dmean": 0.148625537753,
        "dmean2": 0.22439339757,
        "dvar": 0.0222185421735,
        "dvar2": 0.0440812334418,
        "max": 9.81471061707,
        "mean": 7.42252111435,
        "median": 7.47863960266,
        "min": 5.41420316696,
        "var": 0.266399681568
    },
    "spectral_flux": {
        "dmean": 0.0229299981147,
        "dmean2": 0.0372424013913,
        "dvar": 0.000647917739116,
        "dvar2": 0.00144355127122,
        "max": 0.350974500179,
        "mean": 0.0907753035426,
        "median": 0.0851992815733,
        "min": 6.47703835011e-11,
        "var": 0.00248925550841
    },
    "spectral_kurtosis": {
        "dmean": 1.87943661213,
        "dmean2": 3.1251335144,
        "dvar": 5.57932806015,
        "dvar2": 15.7107524872,
        "max": 65.8863525391,
        "mean": 6.46352434158,
        "median": 5.53822565079,
        "min": -1.45723521709,
        "var": 23.764125824
    },
    "spectral_rms": {
        "dmean": 0.000729860388674,
        "dmean2": 0.00117214675993,
        "dvar": 5.69897395053e-07,
        "dvar2": 1.42734393194e-06,
        "max": 0.0122607601807,
        "mean": 0.00469797337428,
        "median": 0.00471428502351,
        "min": 3.17637170906e-12,
        "var": 4.21214417656e-06
    },
    "spectral_rolloff": {
        "dmean": 465.242156982,
        "dmean2": 802.059265137,
        "dvar": 1598277.25,
        "dvar2": 3541462.25,
        "max": 18733.8867188,
        "mean": 1621.81286621,
        "median": 1162.79296875,
        "min": 21.533203125,
        "var": 3362079.75
    },
    "spectral_skewness": {
        "dmean": 0.22126956284,
        "dmean2": 0.349859833717,
        "dvar": 0.0496090687811,
        "dvar2": 0.117620132864,
        "max": 6.2861161232,
        "mean": 1.94353115559,
        "median": 1.86948609352,
        "min": -0.523218870163,
        "var": 0.394691795111
    },
    "spectral_spread": {
        "dmean": 528611.875,
        "dmean2": 724426.5625,
        "dvar": 922667581440,
        "dvar2": 1.31228984934e+12,
        "max": 41893388,
        "mean": 4423133,
        "median": 3867316,
        "min": 1182073,
        "var": 5.91809426227e+12
    },
    "spectral_strongpeak": {
        "dmean": 0.942546904087,
        "dmean2": 1.60150718689,
        "dvar": 2.15791678429,
        "dvar2": 5.77004528046,
        "max": 14.4078655243,
        "mean": 1.78852117062,
        "median": 0.715022325516,
        "min": 0,
        "var": 4.57031583786
    },
    "zerocrossingrate": {
        "dmean": 0.00928457826376,
        "dmean2": 0.0104351192713,
        "dvar": 0.000264368922217,
        "dvar2": 0.000233330705669,
        "max": 0.64306640625,
        "mean": 0.0612561404705,
        "median": 0.05419921875,
        "min": 0,
        "var": 0.00185924419202
    },
    "barkbands": {
        "dmean": [0.000158641516464, 0.00363060366362, 0.00160806067288, 0.000816420535557, 0.00115578214172, 0.000725881720427, 0.000738536298741, 0.000714760564733, 0.000889791408554, 0.00200247322209, 0.00151397869922, 0.00057462148834, 0.000448539300123, 0.000353811192326, 0.000766571436543, 0.000386662228266, 0.000228481178056, 0.00014659066801, 0.000111204710265, 6.11296491115e-05, 5.29358585482e-05, 3.39407197316e-05, 6.19161437498e-05, 7.94298539404e-05, 0.00012395849626, 3.30198417942e-05, 4.0815461233e-08],
        "dmean2": [0.000261183362454, 0.00655479123816, 0.00297684408724, 0.00145517627243, 0.00191965873819, 0.00118092994671, 0.00121300260071, 0.00114880711772, 0.00148987094872, 0.00334628112614, 0.00243688933551, 0.000924778170884, 0.000730701547582, 0.000577027385589, 0.00117343524471, 0.000609548646025, 0.00035675719846, 0.000238244290813, 0.000178732138011, 9.76780211204e-05, 8.88553622644e-05, 5.57874009246e-05, 9.971466352e-05, 0.000110028493509, 0.000165715464391, 4.53771281173e-05, 7.13136003583e-08],
        "dvar": [1.48420710389e-07, 5.20065514138e-05, 2.49140102824e-05, 6.60708838041e-06, 5.08993662152e-06, 2.75636807601e-06, 4.12125473304e-06, 7.26499456505e-06, 3.51372409568e-06, 2.75453985523e-05, 1.62130763783e-05, 3.31781757268e-06, 1.42448254792e-06, 7.61728188081e-07, 3.10594623443e-06, 1.2426394278e-06, 6.57055124975e-07, 1.0885177204e-07, 7.50464224097e-08, 2.31539090123e-08, 2.34160673074e-08, 1.09708144791e-08, 3.75456963297e-08, 7.44142809594e-08, 2.52538796985e-07, 1.52225876349e-08, 1.63013347395e-13],
        "dvar2": [3.89071743712e-07, 0.000153044733452, 7.48135207687e-05, 1.83198626473e-05, 1.42353146657e-05, 7.07762774255e-06, 1.06774468804e-05, 1.71862975549e-05, 9.39157507673e-06, 7.99183544586e-05, 4.07377738156e-05, 7.98152450443e-06, 3.81452150577e-06, 1.86912200206e-06, 6.76157242196e-06, 2.61897798737e-06, 1.34653680561e-06, 2.66599414545e-07, 1.82541214144e-07, 5.51883516664e-08, 6.26455545216e-08, 2.86610148947e-08, 9.69325810729e-08, 1.46044271787e-07, 4.35425306478e-07, 2.62942201346e-08, 4.4597309244e-13],
        "max": [0.0071789775975, 0.11379275471, 0.0556583851576, 0.0314708799124, 0.0478079095483, 0.0389779955149, 0.0445918478072, 0.0658795163035, 0.0317097827792, 0.0967790931463, 0.114416897297, 0.0626171082258, 0.0373021475971, 0.029120111838, 0.0404304936528, 0.0322216674685, 0.0374234654009, 0.0082037653774, 0.0080550936982, 0.00403767917305, 0.00233509228565, 0.00203502457589, 0.00362228206359, 0.00784681737423, 0.0121762678027, 0.00314045324922, 1.6743391825e-05],
        "mean": [0.000232991049415, 0.00523944478482, 0.00133680645376, 0.000774377724156, 0.0021148356609, 0.00116970238741, 0.00100181181915, 0.00113646849059, 0.00147198955528, 0.00326437712647, 0.00280351378024, 0.00101166090462, 0.000810150930192, 0.000598724058364, 0.00153789483011, 0.000667971151415, 0.000427730410593, 0.000279063300695, 0.000209486359381, 0.000122111814562, 9.99160984065e-05, 6.88450963935e-05, 0.000116372553748, 0.000155718924361, 0.000234255538089, 5.38566928299e-05, 3.14323180817e-08],
        "median": [2.21051814151e-05, 0.00174690876156, 0.000338997459039, 0.000250155018875, 0.00131591898389, 0.000525411276612, 0.000375332892872, 0.000302120752167, 0.000569275813177, 0.000700913486071, 0.000403164420277, 0.00022679407266, 0.000250051147304, 0.000219704365009, 0.000310587260174, 0.000182811141713, 0.000125840757391, 0.000124986356241, 9.36187425395e-05, 5.77500577492e-05, 5.15508472745e-05, 2.68971380137e-05, 4.00590688514e-05, 3.56805358024e-05, 2.33779792325e-05, 4.70226996185e-06, 4.71032879368e-10],
        "min": [7.59717780141e-24, 3.18123601983e-24, 1.31764423075e-23, 2.768444238e-23, 4.49897597885e-23, 3.87728132588e-23, 6.0796235955e-24, 3.12376833118e-23, 1.85511780579e-23, 4.46138770335e-23, 7.76576195225e-23, 6.98214539433e-23, 6.40754100423e-23, 7.35640877567e-23, 1.27457139981e-22, 6.40915280483e-23, 1.65456923195e-22, 1.21846975793e-22, 1.51044712136e-22, 2.84151131183e-22, 3.65136374263e-22, 4.70578779273e-22, 5.52404632534e-22, 7.86915990747e-22, 1.23352349592e-21, 1.50129736984e-21, 2.18369219365e-21],
        "var": [3.09748003247e-07, 6.49217618047e-05, 1.56931455422e-05, 4.63873675471e-06, 7.00918963048e-06, 4.5245419642e-06, 5.16524460181e-06, 1.71633400896e-05, 6.89791249897e-06, 4.92639155709e-05, 4.19948446506e-05, 8.05570107332e-06, 3.54958501703e-06, 1.77532911039e-06, 1.10626660899e-05, 3.0238202271e-06, 2.39437736127e-06, 2.60769411398e-07, 1.37908131137e-07, 4.27659152535e-08, 3.03289411363e-08, 1.60261226512e-08, 5.42599352116e-08, 2.03368045959e-07, 8.33735100514e-07, 4.42251604227e-08, 1.27135674492e-13]
    },
    "erbbands": {
        "dmean": [0.107177168131, 0.814119935036, 1.50718700886, 2.78498530388, 2.55448913574, 4.79112577438, 5.12851047516, 5.90930891037, 9.83795928955, 11.0690546036, 16.3550376892, 19.7924423218, 37.8909301758, 73.9874649048, 47.8378829956, 23.7178268433, 20.8185329437, 17.430398941, 30.8532543182, 29.4150485992, 14.6695013046, 10.5341186523, 7.31541252136, 7.7545633316, 3.39010715485, 2.7943406105, 2.51713490486, 1.71897923946, 1.27129542828, 1.5951821804, 1.76779329777, 1.55357921124, 1.4686435461, 1.39268910885, 0.940843164921, 0.273778289557, 0.0341447629035, 0.00131836649962, 4.36045447714e-05, 1.23450590763e-05],
        "dmean2": [0.189894482493, 1.47044944763, 2.72241377831, 5.12919902802, 4.26453590393, 8.02146053314, 8.30556488037, 9.60007381439, 16.2295074463, 17.8295688629, 26.2003803253, 32.9166908264, 62.6466751099, 122.443031311, 75.3297042847, 37.7120666504, 33.4611053467, 28.1494045258, 47.1919174194, 46.2865905762, 22.4289264679, 16.4932918549, 12.0530462265, 12.2495441437, 5.37753915787, 4.45724153519, 4.03959131241, 2.97349095345, 2.13845324516, 2.65261268616, 2.84127259254, 2.34700489044, 2.01053571701, 1.91966092587, 1.26996302605, 0.371633678675, 0.0481651984155, 0.00191874348093, 5.96256140852e-05, 1.89686725207e-05],
        "dvar": [0.0545338876545, 2.54235863686, 12.290143013, 110.79737854, 26.8147201538, 87.1065063477, 150.856399536, 194.785751343, 788.672485352, 1082.31091309, 3645.23901367, 1868.69372559, 7022.39746094, 45896.296875, 18122.8339844, 4797.88232422, 3068.55249023, 1771.66845703, 5729.38623047, 5571.62353516, 1593.21594238, 1153.21032715, 345.066558838, 364.082336426, 57.0938835144, 41.384223938, 46.6710014343, 40.8567428589, 19.0035095215, 27.8308563232, 28.0724163055, 27.1191749573, 29.5517864227, 31.1347904205, 16.5076007843, 1.11915099621, 0.0162266027182, 5.12389669893e-05, 3.01177998097e-08, 3.93932581e-10],
        "dvar2": [0.160572066903, 7.35512256622, 36.1455345154, 317.265930176, 74.3613891602, 241.591003418, 381.229736328, 496.848266602, 2070.74145508, 2490.44189453, 8508.93066406, 4914.16259766, 18970.1601562, 128986.585938, 43858.90625, 10922.2285156, 8099.32373047, 4304.43261719, 12020.2148438, 13831.7714844, 3274.94824219, 2385.03222656, 900.110656738, 843.062011719, 136.527297974, 94.0587310791, 108.165481567, 117.671142578, 51.9708061218, 74.1799621582, 71.6573944092, 61.0230712891, 58.4924316406, 57.0521659851, 29.7239513397, 1.95823168755, 0.0285396259278, 0.000107553722046, 5.33007380454e-08, 7.95397081532e-10],
        "max": [3.46461415291, 24.0883235931, 37.808429718, 121.593330383, 99.3453674316, 176.250778198, 323.387023926, 340.004089355, 745.773864746, 1303.12841797, 1685.46398926, 772.057312012, 2012.3548584, 4447.80761719, 4195.04345703, 2471.38232422, 1660.51696777, 1661.61364746, 2407.51245117, 1681.96630859, 1204.96228027, 1188.06787109, 581.037780762, 583.260864258, 186.812042236, 158.365509033, 159.559738159, 100.940299988, 71.1826705933, 98.9270172119, 107.750549316, 119.719764709, 172.924118042, 135.647583008, 104.362594604, 27.0187740326, 3.09623813629, 0.274898439646, 0.00567872915417, 0.000482851493871],
        "mean": [0.136286646128, 1.19255852699, 1.75690543652, 2.48809146881, 3.98586392403, 8.26209449768, 8.48830413818, 9.37938404083, 13.7436189651, 17.093006134, 27.12342453, 34.1927871704, 65.0098648071, 127.646820068, 97.3212051392, 46.8490028381, 40.5359420776, 34.0597724915, 66.870765686, 66.0389938354, 31.4710063934, 20.7937774658, 15.0256729126, 15.0833301544, 7.61420822144, 5.97313785553, 5.07515382767, 3.15643787384, 2.41926145554, 2.98968935013, 3.34916949272, 2.99110889435, 2.78605103493, 2.57299137115, 1.6662042141, 0.472859561443, 0.0520681738853, 0.0017933374038, 8.40331485961e-05, 4.05316859542e-05],
        "median": [0.0417934022844, 0.38215303421, 0.575066447258, 0.728847384453, 2.28379154205, 4.45927429199, 4.13786315918, 4.15875148773, 5.26522731781, 6.07372188568, 8.1910905838, 13.6114444733, 21.6707344055, 27.2837429047, 18.9836997986, 13.8248386383, 13.7991333008, 14.8504590988, 16.5470657349, 15.5879583359, 11.1913995743, 7.59264945984, 6.67167663574, 7.16651248932, 3.91039419174, 2.91802501678, 2.51089048386, 1.40438556671, 0.968495845795, 1.09272766113, 1.11590075493, 0.82695710659, 0.540069282055, 0.285161614418, 0.142899498343, 0.0443963110447, 0.00427017360926, 0.000113922913442, 2.12862178159e-05, 2.99850344163e-05],
        "min": [8.36498258912e-23, 8.29866425189e-22, 9.04266817839e-21, 7.3185832209e-20, 4.15837555668e-20, 1.99757061047e-19, 2.36763855032e-19, 3.87826757972e-19, 3.03035988897e-19, 1.75687850056e-19, 7.04026499137e-19, 3.11956588966e-19, 6.76660676137e-19, 2.26088810054e-18, 2.98884116079e-18, 2.76055461456e-18, 2.55118403459e-18, 4.5955272109e-18, 5.90531228978e-18, 4.87551461336e-18, 4.86432740917e-18, 9.89936835315e-18, 7.42871221235e-18, 9.27373525993e-18, 5.50364910075e-18, 1.28424480213e-17, 1.40911954428e-17, 1.47378141081e-17, 1.53593112983e-17, 1.50108730458e-17, 1.56817992406e-17, 1.57596981476e-17, 1.20761933968e-17, 1.06024354779e-17, 9.97599340201e-18, 5.82872653199e-18, 2.79739413712e-18, 1.06261782498e-18, 3.11592215906e-19, 3.17592280339e-20],
        "var": [0.0598885379732, 3.4117975235, 11.3809604645, 69.6100616455, 30.8341388702, 129.835388184, 271.038391113, 309.921356201, 997.756286621, 2032.60083008, 8872.15429688, 3716.48657227, 14688.4414062, 81749.953125, 52471.796875, 14115.4052734, 8082.58691406, 4928.05224609, 25316.9375, 23110.8652344, 5652.77832031, 3501.40795898, 901.851989746, 715.283447266, 129.735336304, 91.8229064941, 83.4986495972, 39.9164237976, 22.3602142334, 36.2454032898, 43.9076461792, 57.8120498657, 79.5558395386, 95.0216674805, 47.7315063477, 3.35472083092, 0.0420385487378, 9.25325075514e-05, 8.2435008153e-08, 1.79236814279e-09]
    },
    "gfcc": {
        "mean": [-17.4959049225, 98.814414978, -133.007766724, 18.2993354797, -63.5805282593, 27.90076828, -42.6885223389, 18.8227672577, -24.7973232269, -2.55306267738, -12.6156263351, -4.08065700531, -1.10704660416],
        "cov": [[7030.99511719, -1371.14355469, -57.0202865601, 619.03125, 191.074890137, 808.491699219, 84.9511184692, 192.883560181, -61.9310340881, 496.541564941, -80.9194717407, 483.331115723, -34.571811676], [-1371.14355469, 1627.29260254, 613.505310059, 206.765487671, 227.168884277, -224.036682129, 41.1082382202, -141.114212036, 16.2556056976, -188.662384033, 177.489227295, -178.54536438, 97.9731063843], [-57.0202865601, 613.505310059, 1750.7989502, 470.399688721, 121.389427185, 52.5073509216, -274.72064209, 60.5777320862, -73.034828186, 61.857131958, 72.5396270752, 64.1700897217, -57.9222679138], [619.03125, 206.765487671, 470.399688721, 493.315155029, 168.615463257, 86.4549636841, -5.6598315239, 30.3871173859, 30.0744628906, 52.9159317017, 44.638835907, 51.17527771, 6.88700199127], [191.074890137, 227.168884277, 121.389427185, 168.615463257, 305.05557251, 140.479019165, 113.523078918, 5.94958257675, 22.5877857208, 35.1108627319, -1.71358835697, 37.0044174194, 23.1754798889], [808.491699219, -224.036682129, 52.5073509216, 86.4549636841, 140.479019165, 357.21875, 131.687011719, 10.0654401779, 3.19856643677, 97.9430465698, -24.0696754456, 85.9868469238, 5.73001766205], [84.9511184692, 41.1082382202, -274.72064209, -5.6598315239, 113.523078918, 131.687011719, 292.041931152, -0.983088970184, 24.9210891724, 17.055557251, -3.16557097435, 11.2599220276, 36.5082588196], [192.883560181, -141.114212036, 60.5777320862, 30.3871173859, 5.94958257675, 10.0654401779, -0.983088970184, 149.496520996, 39.5251579285, 23.9238986969, -25.2276992798, 24.4046936035, -25.3470115662], [-61.9310340881, 16.2556056976, -73.034828186, 30.0744628906, 22.5877857208, 3.19856643677, 24.9210891724, 39.5251579285, 127.749313354, 15.0088253021, -0.762037873268, -12.1123409271, -4.44485282898], [496.541564941, -188.662384033, 61.857131958, 52.9159317017, 35.1108627319, 97.9430465698, 17.055557251, 23.9238986969, 15.0088253021, 151.532852173, 3.69870114326, 60.6356811523, -24.2947750092], [-80.9194717407, 177.489227295, 72.5396270752, 44.638835907, -1.71358835697, -24.0696754456, -3.16557097435, -25.2276992798, -0.762037873268, 3.69870114326, 121.509277344, -15.8972806931, 29.1860179901], [483.331115723, -178.54536438, 64.1700897217, 51.17527771, 37.0044174194, 85.9868469238, 11.2599220276, 24.4046936035, -12.1123409271, 60.6356811523, -15.8972806931, 140.699707031, -1.08182990551], [-34.571811676, 97.9731063843, -57.9222679138, 6.88700199127, 23.1754798889, 5.73001766205, 36.5082588196, -25.3470115662, -4.44485282898, -24.2947750092, 29.1860179901, -1.08182990551, 95.9430999756]],
        "icov": [[0.000352252158336, -0.000148547347635, 0.000384853512514, -0.000619247963186, 0.00037053404958, -0.000784188916441, 0.000488339166623, -0.000518628163263, 0.000601976178586, -0.000674248032738, 0.000157500093337, -0.000556042243261, -7.12229712008e-06], [-0.000148547347635, 0.00280637689866, -0.00164183822926, 0.000644582614768, -0.00252504227683, 0.00260667852126, -0.0020655579865, 0.00251315720379, -0.00166231975891, 0.00247370568104, -0.00214002700523, 0.0019289861666, -0.000830434786621], [0.000384853512514, -0.00164183822926, 0.00232221325859, -0.0017301957123, 0.00131573993713, -0.0024004674051, 0.00269425101578, -0.0022951955907, 0.00225896085612, -0.00185066484846, 0.000694076356012, -0.00145414739382, 0.000943857885431], [-0.000619247963186, 0.000644582614768, -0.0017301957123, 0.00470523303375, -0.00240773078986, 0.001692897873, -0.00113351817708, 0.0011363059748, -0.0023402008228, 0.00126724399161, -0.00141984468792, 0.000604093133006, -0.000400431948947], [0.00037053404958, -0.00252504227683, 0.00131573993713, -0.00240773078986, 0.00791378132999, -0.00380189274438, 0.000234170627664, -0.00208467221819, 0.00121823372319, -0.00247938139364, 0.00279221101664, -0.00212827278301, -9.00353843463e-05], [-0.000784188916441, 0.00260667852126, -0.0024004674051, 0.001692897873, -0.00380189274438, 0.0086232163012, -0.00456298096105, 0.003563411301, -0.00229262630455, 0.00107941497117, -0.000899906270206, 0.00118599610869, -0.000979803968221], [0.000488339166623, -0.0020655579865, 0.00269425101578, -0.00113351817708, 0.000234170627664, -0.00456298096105, 0.00812281109393, -0.00292775779963, 0.00181723549031, -0.0021547304932, 0.000847158255056, -0.00135264836717, -0.00038965739077], [-0.000518628163263, 0.00251315720379, -0.0022951955907, 0.0011363059748, -0.00208467221819, 0.003563411301, -0.00292775779963, 0.0110892252997, -0.00491826888174, 0.002396970056, -0.000303018809063, 0.000799566041678, 0.000594334502239], [0.000601976178586, -0.00166231975891, 0.00225896085612, -0.0023402008228, 0.00121823372319, -0.00229262630455, 0.00181723549031, -0.00491826888174, 0.0116210561246, -0.00345562957227, 0.000950425688643, 3.41254126397e-05, 0.000672577589285], [-0.000674248032738, 0.00247370568104, -0.00185066484846, 0.00126724399161, -0.00247938139364, 0.00107941497117, -0.0021547304932, 0.002396970056, -0.00345562957227, 0.0130552686751, -0.00387994409539, -0.000756762106903, 0.00232788943686], [0.000157500093337, -0.00214002700523, 0.000694076356012, -0.00141984468792, 0.00279221101664, -0.000899906270206, 0.000847158255056, -0.000303018809063, 0.000950425688643, -0.00387994409539, 0.0121916895732, -0.000147405124153, -0.00290897791274], [-0.000556042243261, 0.0019289861666, -0.00145414739382, 0.000604093133006, -0.00212827278301, 0.00118599610869, -0.00135264836717, 0.000799566041678, 3.41254126397e-05, -0.000756762106903, -0.000147405124153, 0.0120108416304, -0.00193198327906], [-7.12229712008e-06, -0.000830434786621, 0.000943857885431, -0.000400431948947, -9.00353843463e-05, -0.000979803968221, -0.00038965739077, 0.000594334502239, 0.000672577589285, 0.00232788943686, -0.00290897791274, -0.00193198327906, 0.0137361614034]]
    },
    "melbands": {
        "dmean": [0.00098591495771, 0.000764380209148, 0.000434718444012, 0.000265210343059, 0.000180484261364, 0.000135010515805, 0.000151771106175, 0.000124856596813, 0.000135938535095, 0.000130749787786, 0.000195831540623, 0.000307500944473, 0.000197344910703, 7.29654857423e-05, 5.48904208699e-05, 4.20060605393e-05, 3.38458448823e-05, 4.83981602883e-05, 5.2405619499e-05, 3.16563309752e-05, 1.74896576937e-05, 1.32910308821e-05, 7.88225952419e-06, 7.28743953005e-06, 7.1330737228e-06, 3.25505197907e-06, 2.16732701119e-06, 1.97019335246e-06, 2.00256067728e-06, 1.12392774554e-06, 1.02542776403e-06, 7.61781905112e-07, 7.32540343051e-07, 1.05511060156e-06, 1.11761994503e-06, 1.02152614545e-06, 1.01616308257e-06, 1.02764431631e-06, 1.1997499314e-06, 1.2576182371e-06],
        "dmean2": [0.00177437718958, 0.00128553959075, 0.000784810690675, 0.000445983983809, 0.000291167933028, 0.000220134068513, 0.000249042233918, 0.00020139417029, 0.000217497319682, 0.000218339424464, 0.000322348350892, 0.000509421399329, 0.000313223630656, 0.000114205700811, 8.66417904035e-05, 6.74765979056e-05, 5.4858133808e-05, 7.3928204074e-05, 7.97238244559e-05, 4.99466950714e-05, 2.65999678959e-05, 2.06304175663e-05, 1.29267464217e-05, 1.18020016089e-05, 1.13394144137e-05, 5.17880926054e-06, 3.51189328285e-06, 3.1617842069e-06, 3.21167499351e-06, 1.86982231298e-06, 1.80487597845e-06, 1.29536829263e-06, 1.20233221423e-06, 1.77333072315e-06, 1.84739394626e-06, 1.59514399911e-06, 1.54143162945e-06, 1.46245656651e-06, 1.65571452726e-06, 1.78307243459e-06],
        "dvar": [4.18298850491e-06, 2.1009750526e-06, 2.18216723624e-06, 3.12624450771e-07, 1.42171401762e-07, 9.90262378764e-08, 1.79323563998e-07, 1.61433959533e-07, 2.04218892463e-07, 8.08103024497e-08, 1.86401251767e-07, 8.20995353479e-07, 3.2321645449e-07, 4.64714986492e-08, 2.27868124369e-08, 1.33911850497e-08, 7.12403824821e-09, 1.36055708921e-08, 1.65796301133e-08, 7.94296539652e-09, 3.21665516445e-09, 2.17622342369e-09, 4.74650319049e-10, 2.90786006385e-10, 3.39810152239e-10, 4.62937813084e-11, 3.03104520649e-11, 1.97741007596e-11, 3.6253555713e-11, 7.77596390056e-12, 1.70897861834e-11, 6.33239597911e-12, 4.30711022403e-12, 1.28157406562e-11, 1.16222292207e-11, 1.1712421831e-11, 1.14924693026e-11, 1.40685796346e-11, 2.12716181475e-11, 2.71548911829e-11],
        "dvar2": [1.25192582345e-05, 5.64658284929e-06, 6.15774160906e-06, 8.88359920737e-07, 3.58123543265e-07, 2.53560671126e-07, 4.67471835464e-07, 3.67905130361e-07, 4.71815184255e-07, 2.14859539938e-07, 5.0355475878e-07, 2.33046603171e-06, 8.01071450951e-07, 1.07396004978e-07, 5.27921812932e-08, 3.29900906593e-08, 1.73303043027e-08, 2.80895218197e-08, 3.71330202142e-08, 1.79999570804e-08, 6.40658814888e-09, 4.37638991713e-09, 1.14759879377e-09, 6.75426881092e-10, 7.91508525388e-10, 1.08955192091e-10, 7.56434914706e-11, 4.49050692464e-11, 8.28920890261e-11, 2.02250438619e-11, 4.97453120363e-11, 1.74578233814e-11, 1.10020768537e-11, 3.45884570985e-11, 3.12716796902e-11, 2.85172423869e-11, 2.5834695494e-11, 2.94640249698e-11, 4.03391452186e-11, 5.33467679753e-11],
        "max": [0.0314801223576, 0.0248460508883, 0.0170400217175, 0.011167393066, 0.00875936541706, 0.00702524045482, 0.010651031509, 0.0160061456263, 0.0123236738145, 0.00489157438278, 0.0101955682039, 0.0186398234218, 0.0183541756123, 0.00805991981179, 0.00489570852369, 0.00428864592686, 0.00296380301006, 0.00350214191712, 0.00277432147413, 0.00328844133765, 0.00219021132216, 0.00169862061739, 0.000552524870727, 0.000444236415206, 0.000571794633288, 0.000154131397721, 0.00012627938122, 0.000101487799839, 0.000165992736584, 5.62469504075e-05, 6.42907325528e-05, 4.3585383537e-05, 4.76945679111e-05, 5.49711876374e-05, 6.38378769509e-05, 0.000106578299892, 9.09102818696e-05, 0.000102988291474, 0.000151846004883, 0.000141658238135],
        "mean": [0.00137589557562, 0.00121953687631, 0.000441235140897, 0.00046385085443, 0.00031654688064, 0.000215462932829, 0.000211702441447, 0.000196447959752, 0.000220839487156, 0.000217320179217, 0.000324274442391, 0.000513731036335, 0.000388211745303, 0.000129932406708, 9.7733871371e-05, 7.79540860094e-05, 5.79480001761e-05, 9.64322025538e-05, 0.000101809193438, 6.60846417304e-05, 3.34704054694e-05, 2.37521471718e-05, 1.39522908285e-05, 1.36942499012e-05, 1.24152220451e-05, 6.41214819552e-06, 4.08546156905e-06, 3.82662028642e-06, 3.60511421604e-06, 2.13384601011e-06, 1.67149732988e-06, 1.32925936214e-06, 1.35838286042e-06, 1.80209588052e-06, 1.96384053197e-06, 1.83198039849e-06, 1.81641871677e-06, 1.83092561201e-06, 2.14689998757e-06, 2.17735509978e-06],
        "median": [0.000468144309707, 0.000435648922576, 0.000172075582668, 0.000272618257441, 0.000169042919879, 9.31465328904e-05, 8.08629847597e-05, 6.41076912871e-05, 6.69258151902e-05, 8.23494046926e-05, 9.57734882832e-05, 9.76479641395e-05, 5.7113742514e-05, 3.12796037178e-05, 2.71842491202e-05, 2.63767742581e-05, 2.08224264497e-05, 2.07483099075e-05, 2.21047557716e-05, 1.33210360218e-05, 1.00874794953e-05, 7.32716944185e-06, 5.21852780366e-06, 6.04390334047e-06, 5.20329103892e-06, 2.97974384011e-06, 1.95839947992e-06, 1.7354072952e-06, 1.57514875809e-06, 1.02270610114e-06, 6.27334372894e-07, 5.00613907661e-07, 4.91864796004e-07, 6.13388351667e-07, 6.43301575565e-07, 5.680965387e-07, 4.5881390065e-07, 3.79439143217e-07, 3.02701351984e-07, 2.0432375436e-07],
        "min": [1.00305577087e-24, 3.64623264421e-24, 1.34706045948e-23, 8.35504278394e-24, 9.16050447806e-24, 8.39610062748e-24, 4.37114335685e-24, 2.94814241348e-24, 5.51519361782e-24, 1.79232274224e-24, 3.38104561243e-24, 8.41802464976e-24, 1.10303943354e-23, 8.85625344869e-24, 5.95163406907e-24, 7.50732102228e-24, 7.37836435238e-24, 7.35084572856e-24, 8.76510214881e-24, 3.7887309004e-24, 6.12598021774e-24, 1.00618616815e-23, 9.32106054923e-24, 6.67261625441e-24, 6.46050772865e-24, 4.82064300597e-24, 3.21015368846e-24, 1.04179621716e-23, 8.85570361263e-24, 7.81017971215e-24, 8.70120914865e-24, 9.86721893063e-24, 7.02556997835e-24, 8.84702219837e-24, 8.13255403196e-24, 9.18681614469e-24, 9.20053601355e-24, 8.36052063407e-24, 9.11933146083e-24, 7.85672013898e-24],
        "var": [4.7878861551e-06, 3.52567781192e-06, 1.4785643998e-06, 3.91272635625e-07, 2.66785804115e-07, 1.60923946169e-07, 2.31031904718e-07, 3.27310033299e-07, 4.97910150443e-07, 1.56431127607e-07, 3.88553871744e-07, 1.46249908539e-06, 8.87244482328e-07, 1.19438311685e-07, 4.97360517215e-08, 3.4801210802e-08, 1.75391488e-08, 5.54355530369e-08, 4.70913441575e-08, 3.17154018603e-08, 1.20923164815e-08, 6.85773349218e-09, 1.06774700193e-09, 7.15496217829e-10, 6.04802263826e-10, 1.07031446206e-10, 4.89289754546e-11, 4.16109542656e-11, 5.99123181622e-11, 1.28932689178e-11, 1.45204594876e-11, 7.06881428392e-12, 6.71283471518e-12, 1.50620124012e-11, 1.54562456584e-11, 1.87248896943e-11, 2.42223307384e-11, 3.34492572529e-11, 5.99522168021e-11, 7.38797148458e-11]
    },
    "mfcc": {
        "mean": [-654.756408691, 127.841049194, -8.070104599, -1.84741151333, 5.4380774498, -1.82377076149, 2.92299294472, 8.10634422302, 0.447953462601, 6.87305641174, -5.6170835495, -3.90241765976, -3.02437400818],
        "cov": [[6507.20361328, -1709.79003906, -324.760070801, -19.4069747925, 71.1942443848, 653.867126465, 236.31288147, 160.123672485, 223.175186157, 106.240653992, 30.1382541656, 94.6404342651, 283.462677002], [-1709.79003906, 1372.87182617, 417.52243042, 306.701293945, 189.525360107, -68.858833313, 66.783203125, -37.1874046326, -109.24281311, 6.05775547028, -47.5543441772, -32.2620201111, -61.0952606201], [-324.760070801, 417.52243042, 1364.24755859, 391.20690918, 456.516418457, 6.09188365936, 21.0327510834, -53.6911582947, -110.393287659, -43.900894165, 10.9547748566, 56.6991882324, 70.2394714355], [-19.4069747925, 306.701293945, 391.20690918, 459.590301514, 225.109161377, 35.9170684814, 38.2642173767, 18.0246963501, -16.3162841797, 4.32149219513, -0.894145667553, 40.9696464539, 40.7907600403], [71.1942443848, 189.525360107, 456.516418457, 225.109161377, 352.093444824, 60.2467918396, 27.689245224, 12.4312229156, -3.28911590576, -0.800807774067, 3.40675830841, 30.2479438782, 53.8825340271], [653.867126465, -68.858833313, 6.09188365936, 35.9170684814, 60.2467918396, 383.243377686, 138.230895996, 68.4094009399, 86.3274841309, 20.3460063934, 37.1683959961, -15.6921949387, 65.2402267456], [236.31288147, 66.783203125, 21.0327510834, 38.2642173767, 27.689245224, 138.230895996, 200.94921875, 35.4747772217, 29.278377533, 27.3248157501, -6.11748409271, -5.18824148178, 11.9474658966], [160.123672485, -37.1874046326, -53.6911582947, 18.0246963501, 12.4312229156, 68.4094009399, 35.4747772217, 136.899261475, 78.0340805054, 0.987045705318, 25.2251281738, 0.233876675367, 17.1101741791], [223.175186157, -109.24281311, -110.393287659, -16.3162841797, -3.28911590576, 86.3274841309, 29.278377533, 78.0340805054, 158.142379761, 18.3162345886, 37.9477729797, -1.14750480652, 19.8874149323], [106.240653992, 6.05775547028, -43.900894165, 4.32149219513, -0.800807774067, 20.3460063934, 27.3248157501, 0.987045705318, 18.3162345886, 112.235565186, 3.70602059364, 1.57687401772, 3.34027695656], [30.1382541656, -47.5543441772, 10.9547748566, -0.894145667553, 3.40675830841, 37.1683959961, -6.11748409271, 25.2251281738, 37.9477729797, 3.70602059364, 126.889282227, 31.8909358978, 16.2251930237], [94.6404342651, -32.2620201111, 56.6991882324, 40.9696464539, 30.2479438782, -15.6921949387, -5.18824148178, 0.233876675367, -1.14750480652, 1.57687401772, 31.8909358978, 89.79637146, 26.1841907501], [283.462677002, -61.0952606201, 70.2394714355, 40.7907600403, 53.8825340271, 65.2402267456, 11.9474658966, 17.1101741791, 19.8874149323, 3.34027695656, 16.2251930237, 26.1841907501, 92.6772842407]],
