{
"lowlevel": {
    "average_loudness": 0.857907950878,
    "barkbands_crest": {
        "dmean": 2.88382411003,
        "dmean2": 4.53983354568,
        "dvar": 7.98352718353,
        "dvar2": 16.9075813293,
        "max": 25.9933776855,
        "mean": 11.3933458328,
        "median": 10.1571207047,
        "min": 2.47444081306,
        "var": 27.5380077362
    },
    "barkbands_flatness_db": {
        "dmean": 0.0224841553718,
        "dmean2": 0.0335128866136,
        "dvar": 0.000472629442811,
        "dvar2": 0.000986247090623,
        "max": 0.381802231073,
        "mean": 0.149909228086,
        "median": 0.145081624389,
        "min": 0.0395523272455,
        "var": 0.00226777070202
    },
    "barkbands_kurtosis": {
        "dmean": 2.92103457451,
        "dmean2": 4.53376483917,
        "dvar": 35.6198730469,
        "dvar2": 90.138092041,
        "max": 130.991134644,
        "mean": 4.07650232315,
        "median": 1.60686922073,
        "min": -1.97401463985,
        "var": 78.2960357666
    },
    "barkbands_skewness": {
        "dmean": 0.54906219244,
        "dmean2": 0.820477068424,
        "dvar": 0.372149169445,
        "dvar2": 0.839508831501,
        "max": 10.9268741608,
        "mean": 1.49310147762,
        "median": 1.28106033802,
        "min": -3.07163977623,
        "var": 1.65571010113
    },
    "barkbands_spread": {
        "dmean": 5.84652805328,
        "dmean2": 8.64711856842,
        "dvar": 63.0892562866,
        "dvar2": 117.1431427,
        "max": 122.75289917,
        "mean": 21.9038009644,
        "median": 18.7186946869,
        "min": 0.764483273029,
        "var": 218.962738037
    },
    "dissonance": {
        "dmean": 0.0189397651702,
        "dmean2": 0.0317097045481,
        "dvar": 0.000310126604745,
        "dvar2": 0.000833718979266,
        "max": 0.499999970198,
        "mean": 0.464466691017,
        "median": 0.470514804125,
        "min": 0.310748815536,
        "var": 0.000679403659888
    },
    "dynamic_complexity": 2.91450238228,
    "erbbands_crest": {
        "dmean": 2.68116497993,
        "dmean2": 4.33139324188,
        "dvar": 6.54049968719,
        "dvar2": 15.4829015732,
        "max": 29.1725444794,
        "mean": 9.49103736877,
        "median": 8.29488945007,
        "min": 2.50566005707,
        "var": 21.9083023071
    },
    "erbbands_flatness_db": {
        "dmean": 0.016063330695,
        "dmean2": 0.0230861436576,
        "dvar": 0.000233365863096,
        "dvar2": 0.000442376796855,
        "max": 0.336019903421,
        "mean": 0.169809639454,
        "median": 0.164323270321,
        "min": 0.0613903850317,
        "var": 0.0024209106341
    },
    "erbbands_kurtosis": {
        "dmean": 0.841786444187,
        "dmean2": 1.32308137417,
        "dvar": 1.19531071186,
        "dvar2": 2.84596085548,
        "max": 23.0526332855,
        "mean": 0.50913220644,
        "median": -0.0100808143616,
        "min": -1.81693184376,
        "var": 3.26164650917
    },
    "erbbands_skewness": {
        "dmean": 0.350127786398,
        "dmean2": 0.527314722538,
        "dvar": 0.103806816041,
        "dvar2": 0.219519540668,
        "max": 4.28010559082,
        "mean": 0.366486996412,
        "median": 0.360954254866,
        "min": -3.48074126244,
        "var": 0.501047611237
    },
    "erbbands_spread": {
        "dmean": 7.05972766876,
        "dmean2": 10.4910516739,
        "dvar": 74.1660308838,
        "dvar2": 142.110519409,
        "max": 160.163009644,
        "mean": 35.3991279602,
        "median": 33.0451927185,
        "min": 6.06840848923,
        "var": 351.309539795
    },
    "hfc": {
        "dmean": 5.86473464966,
        "dmean2": 8.53061294556,
        "dvar": 62.5287399292,
        "dvar2": 131.659042358,
        "max": 144.107574463,
        "mean": 22.4488506317,
        "median": 17.8863620758,
        "min": 1.14284451336e-16,
        "var": 354.343811035
    },
    "melbands_crest": {
        "dmean": 3.42138028145,
        "dmean2": 5.25608682632,
        "dvar": 10.5287790298,
        "dvar2": 21.8912200928,
        "max": 34.656867981,
        "mean": 15.3221874237,
        "median": 13.5392189026,
        "min": 1.7695453167,
        "var": 47.7406349182
    },
    "melbands_flatness_db": {
        "dmean": 0.0270616430789,
        "dmean2": 0.039006985724,
        "dvar": 0.000743073644117,
        "dvar2": 0.00142850272823,
        "max": 0.443304508924,
        "mean": 0.193310901523,
        "median": 0.186960294843,
        "min": 0.0046431068331,
        "var": 0.00387444277294
    },
    "melbands_kurtosis": {
        "dmean": 7.02364635468,
        "dmean2": 10.7998943329,
        "dvar": 200.061706543,
        "dvar2": 466.923858643,
        "max": 300.021362305,
        "mean": 12.9570388794,
        "median": 5.99454212189,
        "min": -1.87149906158,
        "var": 512.194335938
    },
    "melbands_skewness": {
        "dmean": 0.731920480728,
        "dmean2": 1.08990061283,
        "dvar": 0.721981167793,
        "dvar2": 1.5651819706,
        "max": 14.5606546402,
        "mean": 2.50231099129,
        "median": 2.09543061256,
        "min": -0.94024682045,
        "var": 3.56884145737
    },
    "melbands_spread": {
        "dmean": 7.01840925217,
        "dmean2": 10.5908079147,
        "dvar": 103.250846863,
        "dvar2": 190.894317627,
        "max": 261.827972412,
        "mean": 23.6693267822,
        "median": 19.9053192139,
        "min": 1.01724421978,
        "var": 357.337036133
    },
    "pitch_salience": {
        "dmean": 0.0751413479447,
        "dmean2": 0.115444332361,
        "dvar": 0.00539102964103,
        "dvar2": 0.0109636802226,
        "max": 0.904636025429,
        "mean": 0.527678608894,
        "median": 0.549642562866,
        "min": 0.0580863021314,
        "var": 0.0228403322399
    },
    "silence_rate_20dB": {
        "dmean": 0,
        "dmean2": 0,
        "dvar": 0,
        "dvar2": 0,
        "max": 1,
        "mean": 1,
        "median": 1,
        "min": 1,
        "var": 0
    },
    "silence_rate_30dB": {
        "dmean": 0.0227713175118,
        "dmean2": 0.0455481521785,
        "dvar": 0.0222529564053,
        "dvar2": 0.0560724139214,
        "max": 1,
        "mean": 0.982439160347,
        "median": 1,
        "min": 0,
        "var": 0.0172518510371
    },
    "silence_rate_60dB": {
        "dmean": 0.012354651466,
        "dmean2": 0.0247122962028,
        "dvar": 0.0122019601986,
        "dvar2": 0.0274931751192,
        "max": 1,
        "mean": 0.043599370867,
        "median": 0,
        "min": 0,
        "var": 0.041691288352
    },
    "spectral_centroid": {
        "dmean": 241.109786987,
        "dmean2": 352.020233154,
        "dvar": 84420.3203125,
        "dvar2": 156809.1875,
        "max": 10989.3505859,
        "mean": 1413.40710449,
        "median": 1323.51098633,
        "min": 236.338302612,
        "var": 372377.84375
    },
    "spectral_complexity": {
        "dmean": 3.43943786621,
        "dmean2": 5.29594182968,
        "dvar": 11.2808666229,
        "dvar2": 24.9270248413,
        "max": 55,
        "mean": 19.0335464478,
        "median": 19,
        "min": 0,
        "var": 70.9102401733
    },
    "spectral_decrease": {
        "dmean": 2.65988586712e-09,
        "dmean2": 4.05644806634e-09,
        "dvar": 1.40255685873e-17,
        "dvar2": 3.38071197892e-17,
        "max": 4.17065395672e-29,
        "mean": -7.75689557031e-09,
        "median": -5.74364245054e-09,
        "min": -4.476115123e-08,
        "var": 4.65899156806e-17
    },
    "spectral_energy": {
        "dmean": 0.0103234043345,
        "dmean2": 0.0157857183367,
        "dvar": 0.000205476229894,
        "dvar2": 0.000496212393045,
        "max": 0.170660585165,
        "mean": 0.0313123948872,
        "median": 0.0237974710763,
        "min": 1.04475165109e-20,
        "var": 0.000711374450475
    },
    "spectral_energyband_high": {
        "dmean": 0.000339430989698,
        "dmean2": 0.0004590646422,
        "dvar": 5.62858076592e-07,
        "dvar2": 8.93641242783e-07,
        "max": 0.016637083143,
        "mean": 0.00082689273404,
        "median": 0.000363648025086,
        "min": 7.96886011191e-21,
        "var": 2.267202035e-06
    },
    "spectral_energyband_low": {
        "dmean": 0.00714634079486,
        "dmean2": 0.0107243238017,
        "dvar": 0.000196791763301,
        "dvar2": 0.000444064615294,
        "max": 0.15927708149,
        "mean": 0.013192102313,
        "median": 0.00327596208081,
        "min": 2.90987185218e-23,
        "var": 0.000470248458441
    },
    "spectral_energyband_middle_high": {
        "dmean": 0.0021371152252,
        "dmean2": 0.00319064874202,
        "dvar": 1.40923348226e-05,
        "dvar2": 3.48552966898e-05,
        "max": 0.096469655633,
        "mean": 0.0069333021529,
        "median": 0.00354290311225,
        "min": 1.35584464654e-21,
        "var": 7.22190161468e-05
    },
    "spectral_energyband_middle_low": {
        "dmean": 0.00531114311889,
        "dmean2": 0.00832059700042,
        "dvar": 7.11893808329e-05,
        "dvar2": 0.000179147376912,
        "max": 0.109385922551,
        "mean": 0.011127662845,
        "median": 0.00802028179169,
        "min": 3.27566854719e-22,
        "var": 0.000114638787636
    },
    "spectral_entropy": {
        "dmean": 0.150826260448,
        "dmean2": 0.210183084011,
        "dvar": 0.024143634364,
        "dvar2": 0.0403844900429,
        "max": 9.80873775482,
        "mean": 7.60597419739,
        "median": 7.59164857864,
        "min": 5.59361410141,
        "var": 0.15351511538
    },
    "spectral_flux": {
        "dmean": 0.0262819919735,
        "dmean2": 0.0401842705905,
        "dvar": 0.000842709909193,
        "dvar2": 0.00186324480455,
        "max": 0.345876455307,
        "mean": 0.0889479666948,
        "median": 0.0760791450739,
        "min": 6.60105858863e-11,
        "var": 0.00270386459306
    },
    "spectral_kurtosis": {
        "dmean": 1.37808012962,
        "dmean2": 2.27081203461,
        "dvar": 1.83225309849,
        "dvar2": 4.96180677414,
        "max": 29.7562713623,
        "mean": 4.53388834,
        "median": 4.35729074478,
        "min": -1.50189781189,
        "var": 6.11998748779
    },
    "spectral_rms": {
        "dmean": 0.000832734163851,
        "dmean2": 0.00125241663773,
        "dvar": 8.49520517932e-07,
        "dvar2": 1.92354923456e-06,
        "max": 0.012903415598,
        "mean": 0.00505264056846,
        "median": 0.00481840688735,
        "min": 3.1926006977e-12,
        "var": 5.01953491039e-06
    },
    "spectral_rolloff": {
        "dmean": 535.887268066,
        "dmean2": 878.370849609,
        "dvar": 1401039.75,
        "dvar2": 2825711.75,
        "max": 18776.953125,
        "mean": 1587.18200684,
        "median": 1184.32617188,
        "min": 64.599609375,
        "var": 3013557.5
    },
    "spectral_skewness": {
        "dmean": 0.193284258246,
        "dmean2": 0.299993276596,
        "dvar": 0.0325931571424,
        "dvar2": 0.0680383965373,
        "max": 4.097468853,
        "mean": 1.61140048504,
        "median": 1.63389086723,
        "min": -0.234175980091,
        "var": 0.175874695182
    },
    "spectral_spread": {
        "dmean": 549531.125,
        "dmean2": 739276.1875,
        "dvar": 937894936576,
        "dvar2": 1.12317130342e+12,
        "max": 50190740,
        "mean": 4637910,
        "median": 4217106,
        "min": 1764991.375,
        "var": 4.40430074266e+12
    },
    "spectral_strongpeak": {
        "dmean": 0.587004184723,
        "dmean2": 0.975902795792,
        "dvar": 0.975270032883,
        "dvar2": 2.24235486984,
        "max": 13.1185493469,
        "mean": 1.18985879421,
        "median": 0.570559561253,
        "min": 0,
        "var": 2.27698421478
    },
    "zerocrossingrate": {
        "dmean": 0.0115942545235,
        "dmean2": 0.0128144994378,
        "dvar": 0.000283942441456,
        "dvar2": 0.000279714935459,
        "max": 0.51416015625,
        "mean": 0.0618952214718,
        "median": 0.0546875,
        "min": 0.001953125,
        "var": 0.00174965674523
    },
    "barkbands": {
        "dmean": [0.000318105128827, 0.00660104118288, 0.00116997002624, 0.00116994639393, 0.00175862398464, 0.00131685927045, 0.00106259097811, 0.000798651599325, 0.0011201207526, 0.000808005104773, 0.000848306517582, 0.000335662538419, 0.000289134855848, 0.000448463135399, 0.000331154471496, 0.000263637048192, 0.000219055931666, 0.000175902823685, 0.000142862700159, 0.000110456974653, 6.53282768326e-05, 5.78595027036e-05, 5.80197884119e-05, 7.35867361072e-05, 0.000100050288893, 1.69147569977e-05, 1.17647953601e-08],
        "dmean2": [0.000512087659445, 0.00990789663047, 0.00200864463113, 0.00207838625647, 0.00297336257063, 0.00209992495365, 0.00168653531, 0.00127482740209, 0.00174966757186, 0.00130038859788, 0.00134848570451, 0.000530293444172, 0.000472917890875, 0.00068766111508, 0.000513410312124, 0.000412569293985, 0.000340157042956, 0.000271010940196, 0.000223360970267, 0.000167362770298, 9.8667871498e-05, 8.57349514263e-05, 8.12339712866e-05, 0.000104374623334, 0.000142412973219, 2.43876766035e-05, 2.18715268119e-08],
        "dvar": [3.57243351345e-07, 0.000191754472326, 1.27026733026e-05, 1.26551540234e-05, 1.42956214404e-05, 5.2478417274e-06, 6.18328385826e-06, 4.92746494274e-06, 7.12404198566e-06, 3.89324122807e-06, 8.70089297678e-06, 5.37017967872e-07, 5.24603194663e-07, 1.04453067706e-06, 6.79604909237e-07, 4.86833471314e-07, 2.71559713383e-07, 1.42261868064e-07, 5.92834936697e-08, 3.69652326526e-08, 1.71883574041e-08, 3.18059925064e-08, 3.14585228978e-08, 4.23817674289e-08, 1.39421246104e-07, 3.49141981992e-09, 4.41748620648e-14],
        "dvar2": [9.1805060265e-07, 0.000433095992776, 3.42205385095e-05, 3.49835790985e-05, 3.94991657231e-05, 1.23776671899e-05, 1.49198676809e-05, 1.2254217836e-05, 1.78206173587e-05, 1.03828242572e-05, 2.27095952141e-05, 1.19366745821e-06, 1.29245131575e-06, 2.07782818507e-06, 1.42415024129e-06, 1.22008634662e-06, 5.60676198802e-07, 3.28695705321e-07, 1.37737785622e-07, 8.30265278751e-08, 3.47085666874e-08, 6.0888979192e-08, 5.08033046742e-08, 7.84109843721e-08, 2.85577613113e-07, 7.19885262512e-09, 1.18557358483e-13],
        "max": [0.00829769484699, 0.150485932827, 0.0535650104284, 0.0474311113358, 0.0742199197412, 0.0346811003983, 0.0472491569817, 0.064023822546, 0.0557597205043, 0.0422677919269, 0.0827134847641, 0.0195557512343, 0.0251849889755, 0.0251101311296, 0.0200274344534, 0.0201919190586, 0.0212086346, 0.0141382822767, 0.00410404289141, 0.00407243706286, 0.00307108974084, 0.00566670112312, 0.0065527241677, 0.00552557688206, 0.0104054259136, 0.00212697219104, 1.19655169328e-05],
        "mean": [0.000486743665533, 0.0111116357148, 0.00113254762255, 0.00100849743467, 0.00216851988807, 0.00238767871633, 0.00175960245542, 0.00110146135557, 0.0019977458287, 0.00146058073733, 0.00158511323389, 0.000629805668723, 0.000480967079056, 0.000821453635581, 0.000637688615825, 0.000503507326357, 0.000439286581241, 0.000365997868357, 0.000287171482341, 0.000241347050178, 0.000140912627103, 0.000105649065517, 0.000110978573503, 0.000142741046147, 0.000178072645213, 2.67006853392e-05, 9.15059317208e-09],
        "median": [0.000141885277117, 0.00177151046228, 0.00028196175117, 0.000197513159947, 0.000953436305281, 0.00108848174568, 0.0005882596015, 0.000343085965142, 0.000527554308064, 0.000433043518569, 0.000236704625422, 0.000228180491831, 0.000182990901521, 0.000250613142271, 0.000229933779337, 0.000187929355889, 0.000166387850186, 0.00014852109598, 0.000146877515363, 0.000110553279228, 6.49680077913e-05, 3.35329496011e-05, 2.80519998341e-05, 4.12064837292e-05, 4.42537784693e-05, 6.82762265569e-06, 5.94020554967e-10],
        "min": [1.39774467403e-24, 8.11330819245e-24, 7.23788794669e-24, 1.72686562812e-24, 2.01505130794e-23, 3.29882287694e-23, 4.53917696167e-23, 3.72186215914e-23, 2.70598885796e-23, 4.16625748376e-23, 3.09837489865e-23, 5.18956942774e-23, 7.80548709417e-23, 6.9930941526e-23, 6.38774564422e-23, 1.21203075968e-22, 7.97168620295e-23, 1.41410006801e-22, 1.55965172078e-22, 2.4379939389e-22, 3.43956178399e-22, 4.88752872352e-22, 5.29441838216e-22, 8.51664532645e-22, 1.16481136343e-21, 1.4058421206e-21, 2.35110720846e-21],
        "var": [6.56476117911e-07, 0.000406783306971, 9.38826906349e-06, 8.84821474756e-06, 1.32534105433e-05, 1.12540446935e-05, 1.17915342344e-05, 6.35280503047e-06, 1.75456862053e-05, 9.68088443187e-06, 2.11139995372e-05, 1.91695357898e-06, 1.39869712257e-06, 3.47606192008e-06, 2.38232905758e-06, 1.38754569434e-06, 9.84915345725e-07, 4.4636868779e-07, 1.50708558522e-07, 1.26710503423e-07, 5.89117519212e-08, 9.12086335347e-08, 1.12976486832e-07, 1.17343397221e-07, 2.81824583226e-07, 6.4405747402e-09, 4.12675468342e-14]
    },
    "erbbands": {
        "dmean": [0.222419261932, 1.47077143192, 1.59878361225, 2.48733234406, 4.70294761658, 6.54427623749, 8.75961017609, 10.683052063, 12.1941576004, 23.6637535095, 12.2965831757, 23.4801712036, 29.2340869904, 22.0828952789, 31.819524765, 13.8754501343, 12.1390867233, 23.7323188782, 16.5506782532, 15.6305809021, 11.8603029251, 10.9839477539, 8.23500061035, 8.29489326477, 6.44647979736, 5.33588075638, 3.49070572853, 2.04378080368, 2.12261414528, 1.94169819355, 1.64663374424, 1.45036220551, 1.37543857098, 1.36971437931, 0.601023554802, 0.143661424518, 0.0178881548345, 0.000499965623021, 2.32228539971e-05, 1.27616322061e-05],
        "dmean2": [0.318287312984, 2.23849821091, 2.55430078506, 4.23919582367, 8.45099639893, 10.8748140335, 14.2474308014, 17.0804958344, 18.9777107239, 37.7456436157, 19.4683609009, 36.908115387, 46.9226837158, 35.0428352356, 50.4182701111, 21.6436519623, 19.5969238281, 36.233127594, 25.2851543427, 24.6768016815, 18.5552482605, 16.7870903015, 12.5409803391, 13.0537796021, 9.95900058746, 8.09785652161, 5.27352190018, 3.05526018143, 3.11659789085, 2.79822254181, 2.32053899765, 2.04812121391, 1.97282516956, 1.97867548466, 0.855481564999, 0.200377136469, 0.0270139835775, 0.000754269014578, 3.33302014042e-05, 1.93752039195e-05],
        "dvar": [0.210008338094, 10.5504989624, 19.5690460205, 48.1436271667, 202.81892395, 167.963760376, 328.317993164, 365.366821289, 726.561706543, 4015.95043945, 801.748657227, 3621.25073242, 4722.46142578, 3766.69384766, 12215.7832031, 901.994506836, 751.065368652, 3251.87060547, 1991.9708252, 1368.41394043, 642.542602539, 817.262878418, 289.07635498, 232.925125122, 141.728591919, 89.0057601929, 43.81092453, 23.5412635803, 42.3627624512, 39.1929779053, 25.8993492126, 15.9654436111, 16.9535522461, 29.454668045, 5.58104085922, 0.260409772396, 0.00373873510398, 3.99635609938e-06, 4.45683445705e-09, 2.94572088944e-10],
        "dvar2": [0.449543535709, 23.8590965271, 49.1977653503, 125.542999268, 573.413513184, 451.117340088, 798.280029297, 889.405090332, 1612.27087402, 9974.25097656, 1930.63537598, 9026.55078125, 12511.0253906, 9580.26757812, 33678.125, 1972.76757812, 1831.2989502, 6576.90234375, 4070.9597168, 3372.43676758, 1506.77636719, 1550.11462402, 638.317626953, 567.388977051, 314.570007324, 195.952484131, 96.0038757324, 46.8333511353, 83.8516082764, 70.0626373291, 44.7652893066, 29.3271980286, 32.7896080017, 66.0824050903, 11.5014648438, 0.511171936989, 0.00769336661324, 9.02392002899e-06, 8.61298143917e-09, 7.00227986705e-10],
        "max": [6.54410028458, 35.0998039246, 58.0248718262, 79.8255691528, 153.553115845, 269.115905762, 347.669494629, 415.809692383, 642.464050293, 1675.88085938, 636.726867676, 1417.27880859, 1658.71582031, 1356.93701172, 2582.12207031, 956.264038086, 651.250061035, 1565.0892334, 1227.5090332, 961.096374512, 992.758666992, 1366.50524902, 617.003601074, 328.581542969, 264.575469971, 228.435852051, 161.782363892, 107.451560974, 217.695587158, 242.882843018, 185.569381714, 127.70904541, 95.6356964111, 196.311904907, 91.8080291748, 18.1041469574, 1.78619909286, 0.0499658286572, 0.00204437063076, 0.000314297241857],
        "mean": [0.394007325172, 2.15943598747, 1.80715703964, 2.49048137665, 4.25770664215, 8.24782752991, 13.8626403809, 19.2447910309, 22.6476249695, 34.7903709412, 20.9058895111, 41.6381721497, 56.0534362793, 43.3936271667, 61.3704490662, 28.2058010101, 22.6240730286, 45.2190704346, 33.1984214783, 33.7364349365, 24.3932056427, 23.3816719055, 19.7195110321, 17.3507556915, 13.8267669678, 12.0593633652, 7.97971963882, 4.26384019852, 3.8142080307, 3.50703406334, 3.12076115608, 2.77439022064, 2.54900169373, 2.35557174683, 1.02049005032, 0.239884108305, 0.0265523362905, 0.000719171308447, 5.25606519659e-05, 4.1873241571e-05],
        "median": [0.0643161907792, 0.314314186573, 0.453789979219, 0.661933898926, 1.32294237614, 3.53113985062, 5.55012464523, 8.79898071289, 8.27298641205, 10.8258428574, 8.55183410645, 11.9908075333, 18.7150878906, 12.3884344101, 11.9607019424, 11.2410354614, 10.1880512238, 13.6877126694, 12.5681276321, 12.9121131897, 12.1302680969, 9.3486328125, 8.15163421631, 8.65372085571, 7.00615358353, 5.44773054123, 3.72519540787, 1.91764056683, 1.24102640152, 0.904548585415, 0.812273919582, 0.777590870857, 0.723598062992, 0.586779713631, 0.238071218133, 0.0638141930103, 0.00694246822968, 0.000178035115823, 2.80472067971e-05, 3.25869295921e-05],
        "min": [3.83435170474e-22, 1.37681930943e-21, 7.18239391072e-21, 4.85195349483e-21, 2.89355274595e-20, 6.90620008133e-20, 1.73454371929e-19, 1.32853852998e-19, 4.4363324763e-19, 7.97488861068e-19, 5.86498506357e-19, 7.52727378087e-19, 1.16527683266e-18, 1.57832823077e-18, 1.36137447253e-18, 2.01822143296e-18, 3.73125168378e-18, 4.04126615606e-18, 3.68851622461e-18, 5.64196321175e-18, 7.0036522197e-18, 4.97915372667e-18, 6.1281803894e-18, 7.61561532612e-18, 9.79663831134e-18, 1.23421782858e-17, 1.20120968255e-17, 1.52599073497e-17, 1.56515608261e-17, 1.6984029679e-17, 1.53240667867e-17, 1.63428108486e-17, 1.5006316935e-17, 1.18818489662e-17, 9.0539566799e-18, 5.86632809469e-18, 2.29325423034e-18, 1.01519638764e-18, 3.07163646003e-19, 3.13466813969e-20],
        "var": [0.532043874264, 17.958234787, 18.2450370789, 39.2279167175, 130.266143799, 184.660842896, 612.37701416, 762.872802734, 1694.94836426, 5680.88183594, 1517.22631836, 7994.91992188, 12550.6425781, 10211.0175781, 29086.1757812, 3196.31542969, 1893.97131348, 11278.2060547, 7259.76953125, 4935.9140625, 1743.98242188, 2899.06201172, 1356.90576172, 601.505371094, 399.787536621, 310.540161133, 162.318435669, 78.9112091064, 115.814758301, 121.709632874, 86.8962097168, 49.0894050598, 39.5823364258, 50.3350524902, 10.8647642136, 0.531377375126, 0.00626105954871, 6.10167444393e-06, 1.03033519494e-08, 1.17408216482e-09]
    },
    "gfcc": {
        "mean": [-0.952526926994, 91.0893783569, -135.079711914, 26.6277046204, -66.6047439575, 19.4922084808, -45.5346336365, 19.8274974823, -25.8919906616, 6.16420555115, -9.06015014648, -3.01694273949, 1.41047179699],
        "cov": [[4318.17431641, -278.643096924, 669.730285645, 507.963348389, 169.898376465, 385.409698486, 47.9617729187, 347.653106689, -45.2839508057, 329.656829834, 40.7369499207, 156.736373901, -67.1084442139], [-278.643096924, 966.340454102, 50.4799957275, 137.707473755, 291.101654053, -121.820800781, 158.505935669, -19.7979812622, 118.017456055, -21.3609313965, 131.156158447, -48.8859214783, 105.424613953], [669.730285645, 50.4799957275, 1025.95446777, 475.124786377, 219.682601929, 273.752746582, -4.69197320938, 120.927650452, 99.003868103, 170.147537231, 60.0581665039, 158.877578735, -12.7789783478], [507.963348389, 137.707473755, 475.124786377, 561.933044434, 227.090927124, 114.034156799, 88.5492324829, 69.0443344116, 113.470954895, 86.8984222412, 66.5171508789, 89.6530609131, 14.6779546738], [169.898376465, 291.101654053, 219.682601929, 227.090927124, 381.455871582, 146.553710938, 182.408508301, 131.717514038, 110.71900177, 105.229263306, 76.6955413818, 41.4201316833, 43.2823028564], [385.409698486, -121.820800781, 273.752746582, 114.034156799, 146.553710938, 359.967773438, 149.334075928, 115.31211853, 78.8921508789, 108.848075867, 18.320690155, 45.6542472839, -18.5995502472], [47.9617729187, 158.505935669, -4.69197320938, 88.5492324829, 182.408508301, 149.334075928, 278.734924316, 115.663665771, 109.071182251, 71.9913711548, 63.9914321899, 2.04004001617, 20.6404876709], [347.653106689, -19.7979812622, 120.927650452, 69.0443344116, 131.717514038, 115.31211853, 115.663665771, 215.379318237, 105.266563416, 95.866973877, 49.127696991, 47.2727241516, 13.6120424271], [-45.2839508057, 118.017456055, 99.003868103, 113.470954895, 110.71900177, 78.8921508789, 109.071182251, 105.266563416, 206.050704956, 56.7684211731, 56.6416511536, 41.50989151, 11.2778873444], [329.656829834, -21.3609313965, 170.147537231, 86.8984222412, 105.229263306, 108.848075867, 71.9913711548, 95.866973877, 56.7684211731, 175.0128479, 73.5107727051, 42.4204139709, 10.9226360321], [40.7369499207, 131.156158447, 60.0581665039, 66.5171508789, 76.6955413818, 18.320690155, 63.9914321899, 49.127696991, 56.6416511536, 73.5107727051, 143.809127808, 23.9129390717, 59.2459716797], [156.736373901, -48.8859214783, 158.877578735, 89.6530609131, 41.4201316833, 45.6542472839, 2.04004001617, 47.2727241516, 41.50989151, 42.4204139709, 23.9129390717, 109.552200317, 3.28161263466], [-67.1084442139, 105.424613953, -12.7789783478, 14.6779546738, 43.2823028564, -18.5995502472, 20.6404876709, 13.6120424271, 11.2778873444, 10.9226360321, 59.2459716797, 3.28161263466, 108.39138031]],
        "icov": [[0.000440096016973, -0.000370314111933, 0.000284885987639, -0.000667249667458, 0.000576667545829, -0.00064205005765, 0.000530952587724, -0.00114070414566, 0.000946761691011, -0.000725083053112, 0.000247183750616, -0.000271214114036, 0.000305959460093], [-0.000370314111933, 0.0034968748223, -0.00154483260121, 0.00151166622527, -0.00333755672909, 0.00325332698412, -0.00241570430808, 0.00308230984956, -0.00241362582892, 0.00227589905262, -0.0018892531516, 0.00219214544632, -0.00106527330354], [0.000284885987639, -0.00154483260121, 0.00343586620875, -0.00257009314373, 0.00109634827822, -0.00325452466495, 0.00331891700625, -0.00192758545745, 0.00137081649154, -0.00193449761719, 0.000549316697288, -0.00218092952855, 0.000863937661052], [-0.000667249667458, 0.00151166622527, -0.00257009314373, 0.00516485748813, -0.00296471361071, 0.00270782504231, -0.00250300066546, 0.0034103570506, -0.00274694291875, 0.00194603763521, -0.00105281348806, 0.000230228353757, -0.000530753866769], [0.000576667545829, -0.00333755672909, 0.00109634827822, -0.00296471361071, 0.0087840044871, -0.00332111585885, -2.10023335967e-05, -0.00444614607841, 0.00264102476649, -0.00315212202258, 0.00209574238397, -0.0017209519865, -0.000431723077781], [-0.00064205005765, 0.00325332698412, -0.00325452466495, 0.00270782504231, -0.00332111585885, 0.00893461145461, -0.00571422791108, 0.00316171906888, -0.00275217555463, 0.000998650211841, -7.0748210419e-05, 0.00183793832548, -0.000593029486481], [0.000530952587724, -0.00241570430808, 0.00331891700625, -0.00250300066546, -2.10023335967e-05, -0.00571422791108, 0.0109067270532, -0.00431214086711, 0.000510638870765, -0.00182209478226, -0.000671921472531, 6.12750227447e-05, 0.00139690039214], [-0.00114070414566, 0.00308230984956, -0.00192758545745, 0.0034103570506, -0.00444614607841, 0.00316171906888, -0.00431214086711, 0.0131476446986, -0.00599792506546, 0.000428289291449, -0.00101822242141, 0.000164578479598, -0.00177279859781], [0.000946761691011, -0.00241362582892, 0.00137081649154, -0.00274694291875, 0.00264102476649, -0.00275217555463, 0.000510638870765, -0.00599792506546, 0.0107324477285, -0.00162177544553, -0.000307406735374, -0.00287292781286, 0.00189820351079], [-0.000725083053112, 0.00227589905262, -0.00193449761719, 0.00194603763521, -0.00315212202258, 0.000998650211841, -0.00182209478226, 0.000428289291449, -0.00162177544553, 0.0129332412034, -0.00617693178356, 0.000821904803161, 0.000785958603956], [0.000247183750616, -0.0018892531516, 0.000549316697288, -0.00105281348806, 0.00209574238397, -7.0748210419e-05, -0.000671921472531, -0.00101822242141, -0.000307406735374, -0.00617693178356, 0.0142478113994, -0.00188056984916, -0.0054716495797], [-0.000271214114036, 0.00219214544632, -0.00218092952855, 0.000230228353757, -0.0017209519865, 0.00183793832548, 6.12750227447e-05, 0.000164578479598, -0.00287292781286, 0.000821904803161, -0.00188056984916, 0.0144864991307, -0.000812696351204], [0.000305959460093, -0.00106527330354, 0.000863937661052, -0.000530753866769, -0.000431723077781, -0.000593029486481, 0.00139690039214, -0.00177279859781, 0.00189820351079, 0.000785958603956, -0.0054716495797, -0.000812696351204, 0.0133910225704]]
    },
    "melbands": {
        "dmean": [0.00190079107415, 0.00118062633555, 0.000490854028612, 0.000382618571166, 0.000303474575048, 0.000245091941906, 0.000191951185116, 0.000246555748163, 0.000106521627458, 0.000157561706146, 0.000145845580846, 8.83738175617e-05, 0.000122035155073, 4.80871822219e-05, 2.9214337701e-05, 2.92128424917e-05, 4.8660178436e-05, 2.79785872408e-05, 2.23477181862e-05, 1.99892310775e-05, 1.47065966303e-05, 1.32165150717e-05, 1.02267831608e-05, 8.48821764521e-06, 7.26097596271e-06, 5.39960228707e-06, 4.2349515752e-06, 3.69030522052e-06, 2.68793860414e-06, 1.54085512349e-06, 1.22924177504e-06, 1.299757173e-06, 1.1796578292e-06, 1.15527359412e-06, 1.01974831068e-06, 9.3384903721e-07, 9.53417099936e-07, 1.02539365798e-06, 1.0428071846e-06, 1.28841520564e-06],
        "dmean2": [0.00278429407626, 0.00181928568054, 0.00083634693874, 0.000659068929963, 0.000491498969495, 0.000391102919821, 0.000301377207506, 0.000392632035073, 0.000168715108884, 0.000247296236921, 0.000234359351452, 0.000140556832775, 0.000193609841517, 7.54836364649e-05, 4.67197751277e-05, 4.71793609904e-05, 7.40088580642e-05, 4.29934625572e-05, 3.46985725628e-05, 3.16899859172e-05, 2.3204504032e-05, 2.02147784876e-05, 1.56617988978e-05, 1.31903443616e-05, 1.15645316328e-05, 8.43855559651e-06, 6.5497893047e-06, 5.64569427297e-06, 4.14349733546e-06, 2.39898827203e-06, 1.89110949123e-06, 1.95591883312e-06, 1.76775017735e-06, 1.70486862316e-06, 1.46006902924e-06, 1.36319636113e-06, 1.38736606914e-06, 1.5033293721e-06, 1.50961363943e-06, 1.9031077727e-06],
        "dvar": [1.54310055223e-05, 7.60928196541e-06, 1.95837128558e-06, 8.16349484012e-07, 3.40671334698e-07, 1.80768907398e-07, 1.74494644511e-07, 4.41899203452e-07, 6.06630905509e-08, 1.57815065904e-07, 1.19962734857e-07, 6.68744988275e-08, 1.84067388886e-07, 1.28052581871e-08, 3.30052651876e-09, 5.75699354854e-09, 1.39283624634e-08, 5.22094811828e-09, 2.66540123306e-09, 3.5200020676e-09, 1.11512021839e-09, 1.42417466709e-09, 6.48805786874e-10, 3.16450865512e-10, 1.99375793652e-10, 9.36429891962e-11, 6.10711897719e-11, 4.52266904483e-11, 2.70520845308e-11, 1.09761939121e-11, 9.3050055508e-12, 1.56162097142e-11, 1.44157082105e-11, 1.48611227491e-11, 1.04121997482e-11, 7.52350525629e-12, 7.83434081497e-12, 9.66654360723e-12, 1.07397753885e-11, 3.02579905576e-11],
        "dvar2": [3.44757390849e-05, 1.74007800524e-05, 5.13618579134e-06, 2.28963494919e-06, 8.48036791012e-07, 4.32969727626e-07, 3.91748500306e-07, 1.09370819246e-06, 1.4387374847e-07, 4.01342390433e-07, 3.1970961345e-07, 1.72747263605e-07, 4.82960501813e-07, 3.09305612234e-08, 7.86624454463e-09, 1.35111211108e-08, 2.76418674616e-08, 1.08210018723e-08, 5.73756420152e-09, 9.1339815711e-09, 2.44237718938e-09, 2.54581755676e-09, 1.37057043492e-09, 7.19497184054e-10, 4.95615604112e-10, 2.0504670184e-10, 1.44770764821e-10, 1.02253427947e-10, 6.1900547188e-11, 2.53725790378e-11, 1.91313770381e-11, 3.23524020074e-11, 2.97882690736e-11, 2.84696675956e-11, 1.88055734179e-11, 1.46188703504e-11, 1.62073184734e-11, 1.93983544505e-11, 2.28374489458e-11, 6.97436136621e-11],
        "max": [0.0497569255531, 0.0355942696333, 0.0176550354809, 0.0107530560344, 0.0137204285711, 0.00827018544078, 0.00973017700016, 0.0188310593367, 0.00536362081766, 0.00905942730606, 0.00813701376319, 0.00606668833643, 0.011202047579, 0.00280328094959, 0.00127149722539, 0.0030729144346, 0.00289798644371, 0.00184177141637, 0.00145715975668, 0.00210232310928, 0.00158659787849, 0.00197488255799, 0.00117877568118, 0.000833508151118, 0.000291079311864, 0.000270173390163, 0.000189166559721, 0.000177828740561, 0.00012782565318, 8.69603609317e-05, 6.54271498206e-05, 0.000112366127723, 0.000132762943394, 0.000132885877974, 0.000121651602967, 0.000111673245556, 9.5134084404e-05, 7.38849266781e-05, 9.60697652772e-05, 0.000206341908779],
        "mean": [0.00331667251885, 0.00163221161347, 0.00048645210336, 0.00042383413529, 0.00047974588233, 0.000448122504167, 0.000354631571099, 0.000356907839887, 0.000179792274139, 0.000276964565273, 0.00027359300293, 0.000162685406394, 0.000229700614, 9.17746583582e-05, 5.07407094119e-05, 5.1534287195e-05, 8.90547598829e-05, 5.09062156198e-05, 4.34970170318e-05, 4.17919072788e-05, 2.65979542746e-05, 2.4085133191e-05, 2.23372007895e-05, 1.67904690898e-05, 1.36338476295e-05, 1.04697946881e-05, 8.52542507346e-06, 7.75072021497e-06, 5.68226687392e-06, 2.99084672406e-06, 2.2971044018e-06, 2.19460753215e-06, 1.95949678528e-06, 1.95825941773e-06, 1.80927770543e-06, 1.67401958606e-06, 1.70035934843e-06, 1.76582091171e-06, 1.81771520147e-06, 2.0815764401e-06],
        "median": [0.000572376069613, 0.000350760557922, 0.000135306792799, 0.00017352058785, 0.000204601121368, 0.000202846043976, 0.000128971892991, 0.000109306783997, 6.35328251519e-05, 7.8980338003e-05, 8.37030092953e-05, 4.09663443861e-05, 3.63693216059e-05, 2.90910502372e-05, 2.35297393374e-05, 1.86233155546e-05, 2.45213832386e-05, 1.73902626557e-05, 1.70146795426e-05, 1.36848038892e-05, 1.27532730403e-05, 9.15928558243e-06, 7.05311867932e-06, 6.93707352184e-06, 6.25980055702e-06, 5.08278662892e-06, 3.99188411393e-06, 3.27721636495e-06, 2.39839664573e-06, 1.42754106491e-06, 8.92284560905e-07, 7.05032107362e-07, 5.55028918825e-07, 4.68055787906e-07, 4.54520488802e-07, 4.41560615627e-07, 4.70762529403e-07, 4.71286057291e-07, 5.1690977898e-07, 4.53623442809e-07],
        "min": [2.58411761838e-24, 3.94752544518e-24, 1.41294927772e-24, 3.59893569977e-24, 4.9807853196e-24, 3.59987759969e-24, 9.16098804979e-24, 9.67412155825e-24, 3.46150824147e-24, 3.63596680282e-24, 5.21834644247e-24, 5.69117546957e-24, 4.31906709863e-24, 4.86402641145e-24, 6.82233574334e-24, 1.00579520869e-23, 6.68906715973e-24, 5.60264358233e-24, 5.92854095493e-24, 5.81751588227e-24, 7.33056332583e-24, 4.43559368724e-24, 5.72107250901e-24, 5.62304707521e-24, 5.8744945166e-24, 6.13774765586e-24, 6.38853955383e-24, 8.64122574314e-24, 5.93776392221e-24, 7.57284538679e-24, 9.66389792092e-24, 8.12798100529e-24, 8.22863413477e-24, 8.67359586153e-24, 8.30746737161e-24, 9.48733349539e-24, 9.44916288277e-24, 9.69819285991e-24, 1.05669140989e-23, 9.82009711332e-24],
        "var": [3.57688768418e-05, 1.06645120468e-05, 1.54482233938e-06, 6.22182596999e-07, 6.04395779646e-07, 3.95827072452e-07, 4.09396079704e-07, 6.15107808244e-07, 1.34954873943e-07, 3.47050701066e-07, 3.1354636576e-07, 1.73867164222e-07, 4.41478562152e-07, 4.27115480761e-08, 7.86514409157e-09, 1.72685208355e-08, 4.76530885862e-08, 1.73656911073e-08, 7.81128672855e-09, 1.2089461876e-08, 2.6572504197e-09, 4.07549505255e-09, 3.22446291889e-09, 9.12592446056e-10, 4.49731085705e-10, 2.66381389169e-10, 1.59915206077e-10, 1.45939191287e-10, 9.48433692693e-11, 2.82509345778e-11, 2.86307592218e-11, 3.90883159174e-11, 3.62132199228e-11, 4.15187363656e-11, 3.2411486689e-11, 2.15372112505e-11, 1.92471750343e-11, 2.05000825343e-11, 2.13166879981e-11, 4.69295886873e-11]
    },
    "mfcc": {
        "mean": [-635.599121094, 116.837997437, -9.33115100861, 8.69443702698, 3.91508364677, -6.2588467598, 2.50790858269, -1.92040085793, 1.22860658169, 2.81578707695, -1.91530990601, -0.607903659344, 0.092507943511],
        "cov": [[3366.6628418, -376.856658936, 455.904052734, 252.392242432, 218.405181885, 128.177154541, 242.463653564, 82.8491668701, 96.2123565674, 160.871795654, 104.544319153, 93.5394592285, 176.747924805], [-376.856658936, 830.448669434, -139.977096558, 166.94732666, 87.5895080566, -5.32023859024, 75.9908294678, -0.623088479042, 41.858039856, 41.5685043335, 12.2204799652, 36.4233703613, 31.1002731323], [455.904052734, -139.977096558, 811.56652832, 224.426757812, 279.986450195, 199.706344604, 27.7505779266, 66.5065917969, 14.6923379898, 30.3197154999, 66.2751464844, 70.8700256348, 92.3577194214], [252.392242432, 166.94732666, 224.426757812, 500.463317871, 205.855773926, 105.378051758, 62.7985153198, 55.6388053894, 44.566986084, 29.817407608, 29.1862564087, 100.250190735, 84.3595962524], [218.405181885, 87.5895080566, 279.986450195, 205.855773926, 299.33380127, 111.638206482, 77.9377441406, 67.5256271362, 72.2029037476, 51.2080802917, 49.1617393494, 74.7798080444, 81.9562606812], [128.177154541, -5.32023859024, 199.706344604, 105.378051758, 111.638206482, 285.991851807, 93.9730072021, 105.501785278, 62.211643219, 85.3674163818, 75.9580078125, 28.8329429626, 63.6294517517], [242.463653564, 75.9908294678, 27.7505779266, 62.7985153198, 77.9377441406, 93.9730072021, 233.379852295, 38.4437675476, 68.7809143066, 97.6493453979, 52.3342666626, 24.2370033264, 78.8650054932], [82.8491668701, -0.623088479042, 66.5065917969, 55.6388053894, 67.5256271362, 105.501785278, 38.4437675476, 200.092193604, 97.5048141479, 60.5900421143, 75.9570083618, 57.9696235657, 31.2041931152], [96.2123565674, 41.858039856, 14.6923379898, 44.566986084, 72.2029037476, 62.211643219, 68.7809143066, 97.5048141479, 143.613250732, 82.4828948975, 68.9918441772, 45.1145095825, 43.6401634216], [160.871795654, 41.5685043335, 30.3197154999, 29.817407608, 51.2080802917, 85.3674163818, 97.6493453979, 60.5900421143, 82.4828948975, 160.3540802, 86.4895629883, 36.3802757263, 59.9725074768], [104.544319153, 12.2204799652, 66.2751464844, 29.1862564087, 49.1617393494, 75.9580078125, 52.3342666626, 75.9570083618, 68.9918441772, 86.4895629883, 132.525421143, 61.2996635437, 49.5291213989], [93.5394592285, 36.4233703613, 70.8700256348, 100.250190735, 74.7798080444, 28.8329429626, 24.2370033264, 57.9696235657, 45.1145095825, 36.3802757263, 61.2996635437, 124.582817078, 67.6458206177], [176.747924805, 31.1002731323, 92.3577194214, 84.3595962524, 81.9562606812, 63.6294517517, 78.8650054932, 31.2041931152, 43.6401634216, 59.9725074768, 49.5291213989, 67.6458206177, 134.388763428]],
