{
"lowlevel": {
    "average_loudness": 0.699396491051,
    "barkbands_crest": {
        "dmean": 3.10035252571,
        "dmean2": 5.08977222443,
        "dvar": 7.70427513123,
        "dvar2": 20.0828380585,
        "max": 25.9767093658,
        "mean": 11.7440433502,
        "median": 10.8489761353,
        "min": 2.23172020912,
        "var": 23.4436359406
    },
    "barkbands_flatness_db": {
        "dmean": 0.0238447282463,
        "dmean2": 0.0375198833644,
        "dvar": 0.000499745481648,
        "dvar2": 0.00118794990703,
        "max": 0.386666417122,
        "mean": 0.150509685278,
        "median": 0.14686961472,
        "min": 0.0290075745434,
        "var": 0.00217285356484
    },
    "barkbands_kurtosis": {
        "dmean": 2.47889137268,
        "dmean2": 4.09131145477,
        "dvar": 23.2341117859,
        "dvar2": 61.2861366272,
        "max": 117.242980957,
        "mean": 3.00316548347,
        "median": 0.86602807045,
        "min": -1.90285944939,
        "var": 57.8746910095
    },
    "barkbands_skewness": {
        "dmean": 0.558602750301,
        "dmean2": 0.89386934042,
        "dvar": 0.351109564304,
        "dvar2": 0.8950111866,
        "max": 9.42903232574,
        "mean": 1.20398950577,
        "median": 1.02788031101,
        "min": -3.01395249367,
        "var": 1.48091423512
    },
    "barkbands_spread": {
        "dmean": 6.37186002731,
        "dmean2": 10.1091060638,
        "dvar": 64.7743453979,
        "dvar2": 139.690704346,
        "max": 112.461296082,
        "mean": 24.0156955719,
        "median": 22.1619586945,
        "min": 1.23708319664,
        "var": 214.397140503
    },
    "dissonance": {
        "dmean": 0.0213675387204,
        "dmean2": 0.0366280786693,
        "dvar": 0.00041264781612,
        "dvar2": 0.0011599897407,
        "max": 0.500000119209,
        "mean": 0.46626958251,
        "median": 0.474365890026,
        "min": 0.284894555807,
        "var": 0.000802973052487
    },
    "dynamic_complexity": 3.77537703514,
    "erbbands_crest": {
        "dmean": 3.22744941711,
        "dmean2": 5.32136440277,
        "dvar": 8.64568901062,
        "dvar2": 21.7767353058,
        "max": 31.4333248138,
        "mean": 10.5039205551,
        "median": 9.31818389893,
        "min": 2.45311665535,
        "var": 26.8154125214
    },
    "erbbands_flatness_db": {
        "dmean": 0.018796948716,
        "dmean2": 0.0285773668438,
        "dvar": 0.000318634993164,
        "dvar2": 0.000635090400465,
        "max": 0.398616671562,
        "mean": 0.176662117243,
        "median": 0.171604231,
        "min": 0.0617128349841,
        "var": 0.00300704292022
    },
    "erbbands_kurtosis": {
        "dmean": 1.29165387154,
        "dmean2": 2.11003303528,
        "dvar": 3.35888171196,
        "dvar2": 8.54797172546,
        "max": 55.4818534851,
        "mean": 1.44483280182,
        "median": 0.499998569489,
        "min": -1.75742042065,
        "var": 8.26076793671
    },
    "erbbands_skewness": {
        "dmean": 0.423552572727,
        "dmean2": 0.67509996891,
        "dvar": 0.155465304852,
        "dvar2": 0.383196532726,
        "max": 5.70341014862,
        "mean": 0.554518461227,
        "median": 0.466824054718,
        "min": -3.18617081642,
        "var": 0.67987459898
    },
    "erbbands_spread": {
        "dmean": 6.81673765182,
        "dmean2": 10.5676059723,
        "dvar": 63.9698829651,
        "dvar2": 131.430786133,
        "max": 140.571105957,
        "mean": 29.3067722321,
        "median": 25.7307815552,
        "min": 2.94157028198,
        "var": 288.860656738
    },
    "hfc": {
        "dmean": 8.52893066406,
        "dmean2": 13.2507457733,
        "dvar": 251.505859375,
        "dvar2": 628.284301758,
        "max": 214.821258545,
        "mean": 24.6614685059,
        "median": 17.0586051941,
        "min": 1.13007430054e-16,
        "var": 572.214904785
    },
    "melbands_crest": {
        "dmean": 3.9050655365,
        "dmean2": 6.37865114212,
        "dvar": 12.516371727,
        "dvar2": 31.1776256561,
        "max": 38.0270271301,
        "mean": 17.1720161438,
        "median": 16.0337753296,
        "min": 1.3884125948,
        "var": 49.8428535461
    },
    "melbands_flatness_db": {
        "dmean": 0.0284455642104,
        "dmean2": 0.0445992648602,
        "dvar": 0.000803926785011,
        "dvar2": 0.00188681297004,
        "max": 0.474629878998,
        "mean": 0.191281691194,
        "median": 0.188388004899,
        "min": 0.00147541763727,
        "var": 0.00331650814041
    },
    "melbands_kurtosis": {
        "dmean": 6.03414011002,
        "dmean2": 9.91505050659,
        "dvar": 155.465759277,
        "dvar2": 412.32119751,
        "max": 319.038574219,
        "mean": 9.67238521576,
        "median": 4.1220741272,
        "min": -1.77391111851,
        "var": 398.539245605
    },
    "melbands_skewness": {
        "dmean": 0.756504535675,
        "dmean2": 1.20950937271,
        "dvar": 0.706525444984,
        "dvar2": 1.8254045248,
        "max": 16.6094093323,
        "mean": 2.09696984291,
        "median": 1.73665058613,
        "min": -1.48206830025,
        "var": 3.18741774559
    },
    "melbands_spread": {
        "dmean": 8.35129261017,
        "dmean2": 13.495724678,
        "dvar": 142.474395752,
        "dvar2": 321.796569824,
        "max": 202.713150024,
        "mean": 26.9151382446,
        "median": 23.677690506,
        "min": 0.805000245571,
        "var": 350.971618652
    },
    "pitch_salience": {
        "dmean": 0.0747051462531,
        "dmean2": 0.121549792588,
        "dvar": 0.00455146189779,
        "dvar2": 0.0115010542795,
        "max": 0.956629693508,
        "mean": 0.503258883953,
        "median": 0.508149921894,
        "min": 0.0481936968863,
        "var": 0.0202101394534
    },
    "silence_rate_20dB": {
        "dmean": 0,
        "dmean2": 0,
        "dvar": 0,
        "dvar2": 0,
        "max": 1,
        "mean": 1,
        "median": 1,
        "min": 1,
        "var": 0
    },
    "silence_rate_30dB": {
        "dmean": 0.0114340158179,
        "dmean2": 0.0228707566857,
        "dvar": 0.011302748695,
        "dvar2": 0.0299710147083,
        "max": 1,
        "mean": 0.991187334061,
        "median": 1,
        "min": 0,
        "var": 0.008734729141
    },
    "silence_rate_60dB": {
        "dmean": 0.0200095288455,
        "dmean2": 0.0400238223374,
        "dvar": 0.0196059327573,
        "dvar2": 0.0457946881652,
        "max": 1,
        "mean": 0.0903894230723,
        "median": 0,
        "min": 0,
        "var": 0.0822268128395
    },
    "spectral_centroid": {
        "dmean": 256.4168396,
        "dmean2": 404.374145508,
        "dvar": 99223.5703125,
        "dvar2": 215700.515625,
        "max": 10918.2265625,
        "mean": 1567.88500977,
        "median": 1546.8392334,
        "min": 333.17300415,
        "var": 352157.1875
    },
    "spectral_complexity": {
        "dmean": 3.5709862709,
        "dmean2": 5.70994663239,
        "dvar": 16.653837204,
        "dvar2": 38.3015022278,
        "max": 58,
        "mean": 19.6291542053,
        "median": 20,
        "min": 0,
        "var": 96.1285095215
    },
    "spectral_decrease": {
        "dmean": 2.73055333899e-09,
        "dmean2": 4.47341452769e-09,
        "dvar": 1.44652183916e-17,
        "dvar2": 3.99792470438e-17,
        "max": 8.52826635908e-29,
        "mean": -7.58000684442e-09,
        "median": -5.96855365131e-09,
        "min": -4.18790335743e-08,
        "var": 4.34467550844e-17
    },
    "spectral_energy": {
        "dmean": 0.0108353449032,
        "dmean2": 0.0177269279957,
        "dvar": 0.000217042528675,
        "dvar2": 0.000596763449721,
        "max": 0.16690762341,
        "mean": 0.030845567584,
        "median": 0.0246077049524,
        "min": 1.04872179492e-20,
        "var": 0.000687822059263
    },
    "spectral_energyband_high": {
        "dmean": 0.000553022837266,
        "dmean2": 0.000859101361129,
        "dvar": 2.97330598187e-06,
        "dvar2": 7.44545423004e-06,
        "max": 0.0241334550083,
        "mean": 0.00094770337455,
        "median": 0.000414907699451,
        "min": 7.60202247391e-21,
        "var": 3.58938018508e-06
    },
    "spectral_energyband_low": {
        "dmean": 0.00743560446426,
        "dmean2": 0.0123689472675,
        "dvar": 0.000176185872988,
        "dvar2": 0.000495660002343,
        "max": 0.146717637777,
        "mean": 0.013883494772,
        "median": 0.00927807483822,
        "min": 5.75330268347e-23,
        "var": 0.000318041507853
    },
    "spectral_energyband_middle_high": {
        "dmean": 0.00357059086673,
        "dmean2": 0.00561935128644,
        "dvar": 4.16376824433e-05,
        "dvar2": 0.000108560248918,
        "max": 0.114339090884,
        "mean": 0.0097708934918,
        "median": 0.0045385803096,
        "min": 1.36606596146e-21,
        "var": 0.000162989308592
    },
    "spectral_energyband_middle_low": {
        "dmean": 0.00322182406671,
        "dmean2": 0.00521561736241,
        "dvar": 3.16144250974e-05,
        "dvar2": 8.29198834253e-05,
        "max": 0.128717333078,
        "mean": 0.00677734147757,
        "median": 0.00418442115188,
        "min": 4.50287408768e-22,
        "var": 6.87903884682e-05
    },
    "spectral_entropy": {
        "dmean": 0.151702895761,
        "dmean2": 0.227675929666,
        "dvar": 0.0287157073617,
        "dvar2": 0.0534484498203,
        "max": 9.81416606903,
        "mean": 7.68377542496,
        "median": 7.70055866241,
        "min": 6.11782217026,
        "var": 0.159305661917
    },
    "spectral_flux": {
        "dmean": 0.0240990612656,
        "dmean2": 0.0390192195773,
        "dvar": 0.000669937639032,
        "dvar2": 0.00163246889133,
        "max": 0.307514607906,
        "mean": 0.0906668752432,
        "median": 0.0845870301127,
        "min": 6.7282672489e-11,
        "var": 0.002605590038
    },
    "spectral_kurtosis": {
        "dmean": 1.28504168987,
        "dmean2": 2.11089730263,
        "dvar": 1.96392953396,
        "dvar2": 5.02249336243,
        "max": 21.1775531769,
        "mean": 4.54321432114,
        "median": 4.18229627609,
        "min": -1.3852366209,
        "var": 6.62918567657
    },
    "spectral_rms": {
        "dmean": 0.000863038818352,
        "dmean2": 0.00138939439785,
        "dvar": 9.05744172996e-07,
        "dvar2": 2.43594695348e-06,
        "max": 0.0127607481554,
        "mean": 0.00494271749631,
        "median": 0.00489974673837,
        "min": 3.19866095416e-12,
        "var": 5.66287053516e-06
    },
    "spectral_rolloff": {
        "dmean": 577.970336914,
        "dmean2": 972.454956055,
        "dvar": 1452138.25,
        "dvar2": 3100145,
        "max": 18906.1523438,
        "mean": 1601.52990723,
        "median": 1205.859375,
        "min": 43.06640625,
        "var": 2791395.75
    },
    "spectral_skewness": {
        "dmean": 0.188766598701,
        "dmean2": 0.297698348761,
        "dvar": 0.0369576998055,
        "dvar2": 0.081015817821,
        "max": 3.36106729507,
        "mean": 1.62869429588,
        "median": 1.61615872383,
        "min": -0.136659517884,
        "var": 0.172659009695
    },
    "spectral_spread": {
        "dmean": 510407.75,
        "dmean2": 740456.375,
        "dvar": 656028794880,
        "dvar2": 1.08306543411e+12,
        "max": 41346512,
        "mean": 4585355.5,
        "median": 4287918.5,
        "min": 1861797.125,
        "var": 2.95815400653e+12
    },
    "spectral_strongpeak": {
        "dmean": 0.701471030712,
        "dmean2": 1.21798980236,
        "dvar": 1.67825305462,
        "dvar2": 4.47585105896,
        "max": 11.5679197311,
        "mean": 1.0801063776,
        "median": 0.400421589613,
        "min": 0,
        "var": 2.4621090889
    },
    "zerocrossingrate": {
        "dmean": 0.011140326038,
        "dmean2": 0.0133676221594,
        "dvar": 0.000295022880891,
        "dvar2": 0.000350886344677,
        "max": 0.74755859375,
        "mean": 0.0627256780863,
        "median": 0.0546875,
        "min": 0.001953125,
        "var": 0.00164959137328
    },
    "barkbands": {
        "dmean": [0.000691504508723, 0.00667362008244, 0.0011230406817, 0.000325547502143, 0.000348630768713, 0.000478407542687, 0.00104801042471, 0.00102626881562, 0.00101617968176, 0.00140594074037, 0.00159085390624, 0.000717078743037, 0.000490178063046, 0.000573001510929, 0.000457885267679, 0.000330982613377, 0.000180530565558, 0.000116803181299, 0.000198353940505, 0.000144365418237, 0.000117561343359, 8.89044385985e-05, 0.00010124144319, 0.000103788726847, 0.000108470972918, 3.49664187524e-05, 2.38967146515e-07],
        "dmean2": [0.0011161895236, 0.0112865716219, 0.00193912989926, 0.000582126085646, 0.000582802924328, 0.000776054454036, 0.00176396162715, 0.00170737307053, 0.00161305465735, 0.00231048418209, 0.00257291877642, 0.00116781285033, 0.00078860524809, 0.000932846043725, 0.000736704561859, 0.000532316335011, 0.000289482355583, 0.000192621868337, 0.000322132342262, 0.000239635861362, 0.000198705340154, 0.000148691178765, 0.000161029747687, 0.000162056399859, 0.00016534824681, 5.67367351323e-05, 4.62380484123e-07],
        "dvar": [1.76248727257e-06, 0.000161736272275, 1.39009780469e-05, 6.15691703842e-07, 5.08370533225e-07, 8.37109894292e-07, 9.55102495936e-06, 9.23697916733e-06, 1.00786501207e-05, 1.70318544406e-05, 2.0399760615e-05, 5.78649178351e-06, 2.22599874178e-06, 2.00037084142e-06, 1.09054326458e-06, 8.10814071883e-07, 2.37892791688e-07, 4.24156496592e-08, 1.23825614651e-07, 8.08386531048e-08, 1.21884824011e-07, 7.65756524856e-08, 1.16809204087e-07, 1.08270100441e-07, 1.31684828375e-07, 2.13109849767e-08, 7.49377036119e-12],
        "dvar2": [4.64910317532e-06, 0.000468265003292, 3.76118441636e-05, 1.74947081177e-06, 1.32889874749e-06, 2.09242762139e-06, 2.64022328338e-05, 2.41313391598e-05, 2.59643675236e-05, 4.83852199977e-05, 5.06588476128e-05, 1.46796810441e-05, 5.3902676882e-06, 5.12695078214e-06, 2.6841644285e-06, 1.84922805602e-06, 5.83736152748e-07, 1.07066206567e-07, 3.09671435161e-07, 2.08529428392e-07, 3.24539513485e-07, 1.97712878958e-07, 2.8169097277e-07, 2.56833743606e-07, 3.16725135008e-07, 5.47222747116e-08, 2.21599769784e-11],
        "max": [0.0150353787467, 0.135455280542, 0.0410710945725, 0.00903069600463, 0.0123659297824, 0.0206341817975, 0.0656870082021, 0.0887126326561, 0.114277549088, 0.10228164494, 0.0951460674405, 0.0715073719621, 0.0483615286648, 0.0301930438727, 0.019274443388, 0.0198396332562, 0.0169303044677, 0.00500036077574, 0.00655552651733, 0.00472221523523, 0.00657665310428, 0.005179266911, 0.00845072884113, 0.00603197608143, 0.00773822562769, 0.00416017184034, 8.08627228253e-05],
        "mean": [0.00146237853914, 0.0114038959146, 0.0009369563777, 0.000337240722729, 0.000497139059007, 0.000821093446575, 0.00140081741847, 0.00134463293944, 0.00161641207524, 0.00224931561388, 0.00263939914294, 0.00115709786769, 0.000811570091173, 0.000935077609029, 0.000726703205146, 0.000514433137141, 0.000310342438752, 0.000222480564844, 0.000375245203031, 0.000257426989265, 0.000166864687344, 0.000128818792291, 0.00014883177937, 0.000169055361766, 0.000170361527125, 4.17873525294e-05, 1.29707757424e-07],
        "median": [0.000128329658764, 0.00645550899208, 0.000197048153495, 0.000125230639242, 0.000264934264123, 0.00043396872934, 0.000443305645604, 0.00034516438609, 0.000384517072234, 0.000402845005738, 0.000417298986576, 0.000236997089814, 0.000230806472246, 0.000232435777434, 0.000231426180108, 0.00018711676239, 0.000150863110321, 0.00014140777057, 0.000210006677662, 0.000152130218339, 7.57399247959e-05, 4.60379487777e-05, 4.54636647191e-05, 5.17548141943e-05, 5.34883001819e-05, 8.43152065499e-06, 4.98834806795e-10],
        "min": [2.85991759034e-24, 3.15334840632e-23, 3.79022776397e-24, 4.29720421307e-24, 3.99060308818e-23, 4.28770135795e-23, 7.90111091984e-23, 1.18584045141e-22, 1.37331860979e-22, 1.09489476024e-22, 3.3457039339e-23, 3.20656748734e-23, 1.14688069389e-22, 7.76078392439e-23, 9.80101488357e-23, 8.99574504043e-23, 1.62465726725e-22, 1.0017307922e-22, 2.64904389222e-22, 2.37793473963e-22, 4.73620576436e-22, 5.01139427446e-22, 5.19222744723e-22, 7.51955240528e-22, 1.30440717947e-21, 1.75508379328e-21, 2.09365087787e-21],
        "var": [5.02226293975e-06, 0.000250931625487, 9.9802546174e-06, 4.63572888521e-07, 6.090590432e-07, 1.57417593982e-06, 1.33134108182e-05, 1.29327363538e-05, 1.89318252524e-05, 3.18672937283e-05, 4.98393965245e-05, 1.5407707906e-05, 5.4537986216e-06, 4.36366462964e-06, 2.08983396988e-06, 1.51383301272e-06, 4.6811737775e-07, 8.41550900077e-08, 2.57440859741e-07, 1.13302611737e-07, 1.09851555408e-07, 8.23475971856e-08, 1.54222249193e-07, 1.75217721221e-07, 1.91867513877e-07, 1.90277642531e-08, 3.93727411785e-12]
    },
    "erbbands": {
        "dmean": [0.28444108367, 1.19747185707, 1.2627799511, 1.13354289532, 1.08880507946, 1.20672404766, 1.88854217529, 5.13373661041, 9.40117549896, 23.4267654419, 19.9418392181, 22.4565601349, 38.8742294312, 53.4444694519, 46.5608558655, 21.6342525482, 19.9387016296, 24.2411460876, 26.7114448547, 18.3025989532, 15.8275690079, 9.71105766296, 6.32025671005, 10.2802476883, 7.91942691803, 6.10207462311, 5.40752363205, 4.23873853683, 3.38926696777, 3.34330153465, 2.69448685646, 2.32444643974, 1.72295677662, 1.26073646545, 0.758696079254, 0.257092952728, 0.0456144623458, 0.0036275293678, 8.61675143824e-05, 1.68062433659e-05],
        "dmean2": [0.472403794527, 2.02970838547, 2.05208206177, 2.02028656006, 1.89594709873, 2.02574729919, 3.14477181435, 8.32218360901, 15.4436740875, 39.4444999695, 32.7665748596, 35.7193832397, 63.0644645691, 87.1028060913, 73.9646530151, 34.8425254822, 32.1406097412, 39.239528656, 42.9586830139, 29.9346847534, 25.2782936096, 15.5366477966, 10.4084911346, 16.7966423035, 12.6289243698, 10.0179796219, 9.12154388428, 7.21804380417, 5.67814207077, 5.54387617111, 4.23860883713, 3.61404323578, 2.69617414474, 1.96019923687, 1.17233347893, 0.40522557497, 0.075355425477, 0.00661340681836, 0.000150039806613, 2.73607020063e-05],
        "dvar": [0.283842951059, 6.21901369095, 12.8078565598, 11.1234664917, 5.47362470627, 6.85507154465, 13.2150430679, 107.780845642, 505.806030273, 4739.34326172, 4169.36767578, 4018.50976562, 11036.5556641, 20574.7871094, 15509.2890625, 4974.41113281, 3689.16650391, 3634.95874023, 4683.26171875, 1636.04626465, 2067.49633789, 726.288208008, 131.757141113, 325.769622803, 251.232315063, 152.505371094, 248.187042236, 170.866134644, 110.311897278, 134.187789917, 81.7269058228, 53.4305801392, 30.233045578, 18.0050430298, 6.0909485817, 0.915445625782, 0.0488709658384, 0.000734373927116, 2.93120933748e-07, 1.01307362499e-09],
        "dvar2": [0.782222867012, 17.7900657654, 31.6946029663, 30.9450893402, 15.1090803146, 17.6944408417, 35.2033424377, 269.13381958, 1314.49987793, 12782.9208984, 11390.4023438, 10461.3496094, 31086.171875, 52574.4101562, 36682.8007812, 12881.9580078, 8970.28320312, 9262.09472656, 12293.296875, 4029.04003906, 4687.23144531, 1761.89550781, 332.643951416, 850.476623535, 593.184509277, 392.528503418, 671.630126953, 453.276641846, 285.340118408, 340.435974121, 197.688110352, 125.343177795, 73.7345275879, 43.5080451965, 14.6872406006, 2.29873418808, 0.127839550376, 0.00208694767207, 8.23147843221e-07, 2.70454680873e-09],
        "max": [5.50292539597, 29.9835987091, 46.3492889404, 34.739982605, 31.0841827393, 52.7285308838, 74.391784668, 249.075057983, 501.080291748, 1303.74755859, 2283.7019043, 1854.99865723, 2438.56958008, 2731.8894043, 3553.94311523, 2513.51635742, 1952.25427246, 1749.49890137, 1639.30419922, 768.901428223, 1145.30871582, 1112.28747559, 324.294647217, 401.046173096, 460.455627441, 174.11239624, 328.680664062, 223.506057739, 186.653182983, 256.041870117, 214.097824097, 148.463775635, 91.4413146973, 107.624343872, 49.5690841675, 27.048166275, 5.61835098267, 0.580954253674, 0.0117753511295, 0.000656283868011],
        "mean": [0.484022289515, 1.91925275326, 1.51813399792, 1.10418462753, 1.30533611774, 1.65514683723, 2.97595047951, 8.75413608551, 13.8507270813, 31.5252666473, 28.5127353668, 36.4883575439, 65.0148620605, 90.1976852417, 82.6897735596, 39.5741958618, 35.1531105042, 42.1115951538, 47.2944984436, 33.0112228394, 26.573266983, 18.0220966339, 12.7430429459, 19.3841342926, 15.7529401779, 11.3435468674, 8.290143013, 5.79078531265, 4.78423118591, 4.49373912811, 4.13301420212, 3.67022681236, 2.72542738914, 1.95648109913, 1.14848589897, 0.34519726038, 0.0475220531225, 0.00257561332546, 9.12712712307e-05, 4.35210968135e-05],
        "median": [0.281307458878, 0.57849496603, 0.413046061993, 0.417186945677, 0.618627130985, 0.82638078928, 1.76742458344, 4.14193439484, 6.22377347946, 9.01196193695, 8.43088531494, 10.4644575119, 13.6364345551, 18.0823726654, 18.4991474152, 10.7724704742, 11.8868350983, 13.3548469543, 15.0004711151, 14.0004959106, 10.70698452, 9.19147777557, 8.32827758789, 11.7086114883, 9.0284204483, 6.79445266724, 4.13995313644, 2.44602751732, 1.66996121407, 1.38038611412, 1.32370913029, 1.11382007599, 0.805917084217, 0.55886310339, 0.36668586731, 0.0900750011206, 0.0079944524914, 0.000214679312194, 3.26783447235e-05, 3.44615182257e-05],
        "min": [6.78060556943e-22, 5.39643301614e-21, 3.69045782107e-21, 9.33140671875e-21, 4.32865003954e-20, 1.75383731934e-19, 5.66815821229e-20, 4.1408808806e-19, 7.05793356926e-19, 2.00733656328e-18, 1.71087058564e-18, 3.26613774471e-18, 3.00998286327e-18, 2.75509811765e-18, 1.43854608098e-18, 1.73896960086e-18, 5.74533680008e-18, 2.08452016585e-18, 3.64772050398e-18, 5.16925099837e-18, 6.84138833484e-18, 9.34366759046e-18, 7.12985516576e-18, 7.16486972109e-18, 1.53718381215e-17, 1.22871649848e-17, 1.49585042412e-17, 1.79126259433e-17, 1.68953509542e-17, 1.29841713572e-17, 1.6560451994e-17, 1.34214579065e-17, 1.47436837818e-17, 1.16904815587e-17, 1.08152285176e-17, 5.63618452799e-18, 3.45497397957e-18, 1.2434770402e-18, 2.95995906402e-19, 3.22523052272e-20],
        "var": [0.463664263487, 9.29131317139, 13.5281171799, 7.61399841309, 4.96520805359, 8.60110092163, 17.4421157837, 210.281265259, 781.139709473, 6281.75244141, 6511.95361328, 7778.80322266, 22736.2890625, 46875.5820312, 40212.6289062, 13798.7548828, 8582.82714844, 7837.80419922, 9703.03320312, 3485.40917969, 3984.69238281, 1471.43554688, 274.982910156, 632.494812012, 547.40020752, 218.785324097, 223.670761108, 152.464065552, 115.198448181, 144.948822021, 110.98789978, 86.8869934082, 46.0942649841, 27.0313644409, 8.48013591766, 0.938595056534, 0.0391125902534, 0.000441749434685, 1.86634579791e-07, 1.62998126108e-09]
    },
    "gfcc": {
        "mean": [-9.65417861938, 80.9047775269, -140.164978027, 23.2590675354, -65.4698028564, 29.2009010315, -36.3129463196, 26.794046402, -20.8714962006, 11.2198104858, -6.06806373596, -0.784019589424, -0.447735339403],
        "cov": [[6959.06054688, -754.578918457, 952.756530762, 1017.82751465, 467.625518799, 828.672363281, 403.104003906, 540.9453125, 108.428466797, 524.384460449, 26.3035755157, 391.368591309, -88.0967941284], [-754.578918457, 1196.36950684, 167.556365967, 164.386245728, 297.619232178, -22.7007236481, 193.460342407, -30.5535793304, 66.497543335, -82.6920547485, 133.094161987, -119.733879089, 94.5172042847], [952.756530762, 167.556365967, 1007.88433838, 587.449157715, 255.422409058, 274.13369751, 90.0454711914, 85.3849029541, 62.0400543213, 129.680938721, 4.80823326111, 150.651397705, -45.4386100769], [1017.82751465, 164.386245728, 587.449157715, 659.075195312, 370.224182129, 271.359283447, 163.755081177, 101.840583801, 92.5275726318, 114.880439758, 26.9443511963, 128.477462769, -8.57026863098], [467.625518799, 297.619232178, 255.422409058, 370.224182129, 486.742126465, 263.189147949, 229.956680298, 104.479476929, 63.840927124, 84.242515564, 55.2819290161, 61.2660903931, 25.1069355011], [828.672363281, -22.7007236481, 274.13369751, 271.359283447, 263.189147949, 368.924255371, 203.10168457, 87.1496124268, 40.7122650146, 88.5070343018, 6.28001260757, 84.3120422363, -6.26138734818], [403.104003906, 193.460342407, 90.0454711914, 163.755081177, 229.956680298, 203.10168457, 298.86541748, 91.1558761597, 40.0426635742, 46.9292449951, 42.709197998, 32.8652610779, 18.9136638641], [540.9453125, -30.5535793304, 85.3849029541, 101.840583801, 104.479476929, 87.1496124268, 91.1558761597, 165.944671631, 71.2227096558, 57.4776916504, 27.6676101685, 29.8432350159, 10.3847513199], [108.428466797, 66.497543335, 62.0400543213, 92.5275726318, 63.840927124, 40.7122650146, 40.0426635742, 71.2227096558, 142.418762207, 44.605922699, 21.7399597168, 17.6294727325, 5.48630237579], [524.384460449, -82.6920547485, 129.680938721, 114.880439758, 84.242515564, 88.5070343018, 46.9292449951, 57.4776916504, 44.605922699, 145.98991394, 51.2055969238, 55.9929389954, -17.7544441223], [26.3035755157, 133.094161987, 4.80823326111, 26.9443511963, 55.2819290161, 6.28001260757, 42.709197998, 27.6676101685, 21.7399597168, 51.2055969238, 154.050476074, 7.69710159302, 33.6347084045], [391.368591309, -119.733879089, 150.651397705, 128.477462769, 61.2660903931, 84.3120422363, 32.8652610779, 29.8432350159, 17.6294727325, 55.9929389954, 7.69710159302, 150.617340088, 9.55966186523], [-88.0967941284, 94.5172042847, -45.4386100769, -8.57026863098, 25.1069355011, -6.26138734818, 18.9136638641, 10.3847513199, 5.48630237579, -17.7544441223, 33.6347084045, 9.55966186523, 102.143714905]],
        "icov": [[0.000378483702661, -9.47002845351e-05, 0.000230246179854, -0.000625900342129, 0.000619551632553, -0.000634900177829, 0.000150346400915, -0.00114411767572, 0.000769828853663, -0.0009345181752, 0.000281165994238, -0.000220358837396, 8.55027828948e-05], [-9.47002845351e-05, 0.00278007471934, -0.00143868045416, 0.000665460189339, -0.00227759219706, 0.00226087751798, -0.00219695270061, 0.002605907619, -0.00207447074354, 0.00248340028338, -0.00193015404511, 0.00246162875555, -0.00144977529999], [0.000230246179854, -0.00143868045416, 0.00321125774644, -0.00282419705763, 0.00204933667555, -0.00218194606714, 0.00176939798985, -0.0020903358236, 0.00180462677963, -0.0019477060996, 0.00101881916635, -0.00175467389636, 0.0013620754471], [-0.000625900342129, 0.000665460189339, -0.00282419705763, 0.00649226550013, -0.00408402085304, 0.00138281611726, -0.000661358353682, 0.00261711608618, -0.0029809686821, 0.00195342861116, -0.000558186788112, -0.000380668905564, -0.00020312682318], [0.000619551632553, -0.00227759219706, 0.00204933667555, -0.00408402085304, 0.0081977583468, -0.00424194801599, 0.000183459327673, -0.0040388838388, 0.00293365051039, -0.00353116029873, 0.00118282891344, -0.00129475945141, 0.000272816803772], [-0.000634900177829, 0.00226087751798, -0.00218194606714, 0.00138281611726, -0.00424194801599, 0.00935716368258, -0.00484136259183, 0.00348817859776, -0.00224078446627, 0.00162026181351, -0.000227417331189, 0.00103499426041, -0.000956176372711], [0.000150346400915, -0.00219695270061, 0.00176939798985, -0.000661358353682, 0.000183459327673, -0.00484136259183, 0.00876892358065, -0.00402049859986, 0.00189681688789, -0.00114546413533, 0.000315181474434, -0.00170575117227, 0.00109225767665], [-0.00114411767572, 0.002605907619, -0.0020903358236, 0.00261711608618, -0.0040388838388, 0.00348817859776, -0.00402049859986, 0.0148789659142, -0.00740307662636, 0.00278771761805, -0.00220807292499, 0.00261165760458, -0.00230522966012], [0.000769828853663, -0.00207447074354, 0.00180462677963, -0.0029809686821, 0.00293365051039, -0.00224078446627, 0.00189681688789, -0.00740307662636, 0.0125060593709, -0.00500291120261, 0.00179205299355, -0.00153715535998, 0.000691635184921], [-0.0009345181752, 0.00248340028338, -0.0019477060996, 0.00195342861116, -0.00353116029873, 0.00162026181351, -0.00114546413533, 0.00278771761805, -0.00500291120261, 0.0163848306984, -0.00648833857849, -0.00041386045632, 0.00238140835427], [0.000281165994238, -0.00193015404511, 0.00101881916635, -0.000558186788112, 0.00118282891344, -0.000227417331189, 0.000315181474434, -0.00220807292499, 0.00179205299355, -0.00648833857849, 0.0105262482539, -0.000982492463663, -0.00230188597925], [-0.000220358837396, 0.00246162875555, -0.00175467389636, -0.000380668905564, -0.00129475945141, 0.00103499426041, -0.00170575117227, 0.00261165760458, -0.00153715535998, -0.00041386045632, -0.000982492463663, 0.0116634676233, -0.0036058074329], [8.55027828948e-05, -0.00144977529999, 0.0013620754471, -0.00020312682318, 0.000272816803772, -0.000956176372711, 0.00109225767665, -0.00230522966012, 0.000691635184921, 0.00238140835427, -0.00230188597925, -0.0036058074329, 0.0131729580462]]
    },
    "melbands": {
        "dmean": [0.00214060000144, 0.000850670330692, 0.000195861677639, 7.51009138185e-05, 6.51512091281e-05, 0.000109544082079, 0.000164724260685, 0.000259271531831, 0.000165866396856, 0.000143262470374, 0.000202960130991, 0.000219316323637, 0.000181267532753, 9.10861999728e-05, 4.58361719211e-05, 5.0316186389e-05, 5.03516494064e-05, 4.97791443195e-05, 3.37381388817e-05, 2.52242261922e-05, 1.82298954314e-05, 1.21361599668e-05, 6.68176289764e-06, 5.46867886442e-06, 9.64834362094e-06, 6.9567695391e-06, 5.79533161726e-06, 4.20103879151e-06, 3.99361488235e-06, 2.63728952632e-06, 2.59866578745e-06, 2.13498856283e-06, 1.62572496265e-06, 2.05692003874e-06, 1.65763469795e-06, 1.47904586356e-06, 1.45205160607e-06, 1.29262184601e-06, 1.12024667942e-06, 1.12874056413e-06],
        "dmean2": [0.00359410815872, 0.0014238897711, 0.000345933018252, 0.000126689817989, 0.000108104512037, 0.00017754190776, 0.000271430239081, 0.0004328940704, 0.000270475575235, 0.000227132244618, 0.000329903938109, 0.000357331125997, 0.000289805204375, 0.000146785838297, 7.3232818977e-05, 8.04351948318e-05, 8.1975129433e-05, 8.04033843451e-05, 5.4389340221e-05, 4.06620383728e-05, 2.92736658594e-05, 1.94868152903e-05, 1.09889724627e-05, 9.02585725271e-06, 1.58788898261e-05, 1.12678262667e-05, 9.49450259213e-06, 6.93298852639e-06, 6.81862820784e-06, 4.39368250227e-06, 4.52266021966e-06, 3.61051161235e-06, 2.72793022305e-06, 3.41249824487e-06, 2.66254551207e-06, 2.31262060879e-06, 2.31228136727e-06, 2.07061862056e-06, 1.76141315933e-06, 1.79167795977e-06],
        "dvar": [1.59655228344e-05, 3.43411215908e-06, 2.73227442449e-07, 2.26017249361e-08, 1.6452933238e-08, 4.64627625263e-08, 1.79648452558e-07, 5.18592628396e-07, 3.33446791956e-07, 1.49778642822e-07, 3.14975721949e-07, 3.46742695001e-07, 2.54136978128e-07, 1.08930613862e-07, 2.25260468056e-08, 2.34140760114e-08, 1.68814047186e-08, 1.88004687374e-08, 6.01915806087e-09, 4.41032321774e-09, 3.01603253483e-09, 1.33181277118e-09, 1.70282940526e-10, 9.36788216443e-11, 2.93516599914e-10, 1.9761883796e-10, 1.21735593828e-10, 7.37149369323e-11, 1.4544772331e-10, 4.97740147709e-11, 6.86504950109e-11, 4.3982536363e-11, 2.52306231463e-11, 5.5406162297e-11, 3.3275573269e-11, 2.03642294e-11, 2.06543879222e-11, 1.69716567189e-11, 1.20827688133e-11, 1.60155864265e-11],
        "dvar2": [4.56564266642e-05, 8.36344406707e-06, 7.511840181e-07, 5.97692206838e-08, 4.36777938262e-08, 1.16442777198e-07, 4.8058569746e-07, 1.3682088138e-06, 9.08046501991e-07, 3.88133969409e-07, 8.90724777491e-07, 8.99558017409e-07, 6.04463252785e-07, 2.82193980183e-07, 5.19392457932e-08, 5.62536364157e-08, 4.34675939687e-08, 4.9825484183e-08, 1.47096477221e-08, 1.04737525319e-08, 6.93866120116e-09, 3.2417157847e-09, 4.27557184102e-10, 2.38078057269e-10, 7.70634778213e-10, 4.84168261039e-10, 2.87026430401e-10, 1.92189111847e-10, 4.02868016725e-10, 1.26858440419e-10, 1.86345425202e-10, 1.16135920325e-10, 6.50714759853e-11, 1.41709810553e-10, 8.34868840727e-11, 4.6102930501e-11, 4.95172201853e-11, 4.21102042125e-11, 2.94240638798e-11, 4.0219039904e-11],
        "max": [0.0407993420959, 0.0228447839618, 0.00526350038126, 0.00255074515007, 0.00280728680082, 0.00581625802442, 0.0080912867561, 0.0122942849994, 0.0181409008801, 0.0103554259986, 0.0126533731818, 0.0109769906849, 0.0125146759674, 0.0105609716848, 0.00571686960757, 0.00541595928371, 0.00384926889092, 0.00349546805955, 0.00149917870294, 0.00162556930445, 0.00170782429632, 0.00155204534531, 0.00030356834759, 0.000190966689843, 0.000377042189939, 0.000360683101462, 0.000374130730052, 0.000136147034937, 0.000275118654827, 0.000126618964714, 0.000154985682457, 0.000112790206913, 0.000140276562888, 0.000152741602506, 0.000137418319355, 0.000100654884591, 8.55239049997e-05, 7.53655622248e-05, 5.25238720002e-05, 0.000121818586194],
        "mean": [0.00374313606881, 0.00139058427885, 0.000202462688321, 0.000102673227957, 0.000102953876194, 0.000187925063074, 0.000235121828155, 0.000349446519976, 0.000234546372667, 0.000230412493693, 0.000328842608724, 0.000358834775398, 0.000312439544359, 0.000155899222591, 7.40171017242e-05, 8.10910205473e-05, 7.92882055975e-05, 8.21187277324e-05, 5.48259376956e-05, 3.85401654057e-05, 2.81529828499e-05, 1.99928854272e-05, 1.20115892059e-05, 1.0277122783e-05, 1.68345268321e-05, 1.22832225316e-05, 1.01912210084e-05, 6.94592336004e-06, 5.64095171285e-06, 3.86514329875e-06, 3.17527451443e-06, 2.84894667857e-06, 2.25370513363e-06, 2.5980261853e-06, 2.37618928622e-06, 2.286706831e-06, 2.2083481781e-06, 1.9660280941e-06, 1.6784484842e-06, 1.64982054685e-06],
        "median": [0.00238614249974, 0.000401259370847, 8.44650421641e-05, 5.34479331691e-05, 6.06441608397e-05, 9.44063431234e-05, 9.47420776356e-05, 9.66453299043e-05, 5.9898258769e-05, 5.79139014008e-05, 6.18518752162e-05, 6.29337810096e-05, 5.74814912397e-05, 2.95698191621e-05, 1.91604431166e-05, 2.37810290855e-05, 2.23247425311e-05, 2.1106299755e-05, 1.74851211341e-05, 1.49934176079e-05, 1.00611459857e-05, 9.22462277231e-06, 7.17250441085e-06, 6.62451520839e-06, 9.44191469898e-06, 6.17899968347e-06, 5.45845250599e-06, 3.66624794879e-06, 2.63021956926e-06, 1.72157047018e-06, 1.21363075323e-06, 9.54704091782e-07, 7.66740527069e-07, 7.20180878488e-07, 7.44312046663e-07, 6.9933736313e-07, 6.50899210086e-07, 5.60140449579e-07, 4.84037116166e-07, 4.31269000956e-07],
        "min": [6.21511282256e-24, 3.75728177713e-24, 2.02670731946e-24, 8.54649853678e-24, 3.55984645863e-24, 9.12634285655e-24, 1.1573540057e-23, 2.25437072288e-23, 1.26786497771e-23, 1.98058061074e-23, 1.50739123198e-23, 1.2539678518e-23, 5.04049499038e-24, 2.53613653433e-24, 1.17955570701e-23, 7.72483048423e-24, 2.65637116363e-24, 5.39572655018e-24, 6.89340027798e-24, 6.06642398041e-24, 8.56965002663e-24, 1.00074776107e-23, 8.2004284131e-24, 3.68842644744e-24, 5.67606286677e-24, 9.63064112288e-24, 1.07285272437e-23, 6.63943834246e-24, 9.72585821186e-24, 7.21263966455e-24, 9.49033037797e-24, 7.65820013673e-24, 1.09796461245e-23, 5.81006785204e-24, 9.31765582557e-24, 8.62662550551e-24, 7.16283729788e-24, 9.6825308155e-24, 1.08354202629e-23, 8.75904764136e-24],
        "var": [2.55323684542e-05, 5.72791213926e-06, 1.98127224849e-07, 2.58551793308e-08, 2.17701661143e-08, 8.95012561841e-08, 2.69338784165e-07, 7.11096618033e-07, 5.50100139662e-07, 3.0356935099e-07, 6.26806183845e-07, 7.44317162571e-07, 6.10660890743e-07, 2.95339674494e-07, 5.31403898663e-08, 5.95311746565e-08, 3.40895489614e-08, 3.89251901822e-08, 1.32170852041e-08, 7.46204253943e-09, 5.78113690253e-09, 2.43114706144e-09, 3.23186671869e-10, 1.80068931988e-10, 5.40148259454e-10, 3.94323712571e-10, 2.23585691628e-10, 9.68747998487e-11, 1.19922557995e-10, 5.21410727095e-11, 5.57983520499e-11, 4.34830886575e-11, 2.78599036202e-11, 5.7488139249e-11, 3.94751349664e-11, 3.51070457427e-11, 3.22761470328e-11, 2.53535213657e-11, 1.75158377386e-11, 2.22227739682e-11]
    },
    "mfcc": {
        "mean": [-643.537597656, 108.963241577, -13.6862611771, 1.94102263451, -0.0688040852547, -1.97644877434, 6.76496267319, 4.56749725342, 4.19381570816, 10.0570859909, 2.44462180138, 2.35607409477, 4.92981433868],
        "cov": [[5930.76464844, -945.159423828, 637.556762695, 526.089782715, 360.143310547, 559.799316406, 453.983093262, 396.784240723, 310.614532471, 351.305419922, 219.029342651, 227.217849731, 323.79675293], [-945.159423828, 974.559204102, -39.1196250916, 146.512588501, 70.6378479004, 13.5443000793, 131.721160889, 13.7238206863, 6.3376698494, 38.4823913574, 4.188996315, -7.65887260437, -19.451089859], [637.556762695, -39.1196250916, 778.004394531, 315.042877197, 223.126678467, 216.917984009, 55.1511192322, 86.5711593628, 49.6906967163, 9.33626842499, 56.9350318909, 81.5347900391, 44.6011772156], [526.089782715, 146.512588501, 315.042877197, 488.137054443, 266.590179443, 236.720855713, 146.611022949, 131.169570923, 93.6666412354, 58.2623596191, 53.320930481, 90.3953933716, 94.593788147], [360.143310547, 70.6378479004, 223.126678467, 266.590179443, 325.387481689, 190.656021118, 115.984886169, 101.223213196, 77.5015106201, 63.137752533, 37.4703598022, 62.5375404358, 78.6252212524], [559.799316406, 13.5443000793, 216.917984009, 236.720855713, 190.656021118, 402.400878906, 196.708480835, 167.860321045, 108.428672791, 61.3796157837, 61.3037376404, 59.8644790649, 60.911113739], [453.983093262, 131.721160889, 55.1511192322, 146.611022949, 115.984886169, 196.708480835, 295.109008789, 121.937049866, 61.5007781982, 92.6963119507, 44.4397468567, 21.7186698914, 70.5480957031], [396.784240723, 13.7238206863, 86.5711593628, 131.169570923, 101.223213196, 167.860321045, 121.937049866, 199.898971558, 111.676856995, 52.5660591125, 39.1308631897, 41.7626800537, 44.3298225403], [310.614532471, 6.3376698494, 49.6906967163, 93.6666412354, 77.5015106201, 108.428672791, 61.5007781982, 111.676856995, 149.989395142, 62.2165641785, 24.2058200836, 25.9605846405, 21.9432735443], [351.305419922, 38.4823913574, 9.33626842499, 58.2623596191, 63.137752533, 61.3796157837, 92.6963119507, 52.5660591125, 62.2165641785, 139.920700073, 57.3571510315, 24.8658866882, 39.9845428467], [219.029342651, 4.188996315, 56.9350318909, 53.320930481, 37.4703598022, 61.3037376404, 44.4397468567, 39.1308631897, 24.2058200836, 57.3571510315, 110.336906433, 57.0601158142, 31.3859539032], [227.217849731, -7.65887260437, 81.5347900391, 90.3953933716, 62.5375404358, 59.8644790649, 21.7186698914, 41.7626800537, 25.9605846405, 24.8658866882, 57.0601158142, 111.259185791, 66.5930633545], [323.79675293, -19.451089859, 44.6011772156, 94.593788147, 78.6252212524, 60.911113739, 70.5480957031, 44.3298225403, 21.9432735443, 39.9845428467, 31.3859539032, 66.5930633545, 124.7110672]],
