{
"lowlevel": {
    "average_loudness": 0.838109433651,
    "barkbands_crest": {
        "dmean": 2.78403139114,
        "dmean2": 4.45474720001,
        "dvar": 6.76217460632,
        "dvar2": 15.5225820541,
        "max": 25.8837680817,
        "mean": 10.334944725,
        "median": 9.3982000351,
        "min": 2.53228783607,
        "var": 20.0505142212
    },
    "barkbands_flatness_db": {
        "dmean": 0.0207996293902,
        "dmean2": 0.0316483490169,
        "dvar": 0.000418916519266,
        "dvar2": 0.000924421357922,
        "max": 0.34662759304,
        "mean": 0.137035235763,
        "median": 0.132778421044,
        "min": 0.031685847789,
        "var": 0.00225912127644
    },
    "barkbands_kurtosis": {
        "dmean": 2.79784440994,
        "dmean2": 4.35809898376,
        "dvar": 70.4830856323,
        "dvar2": 169.071365356,
        "max": 206.38293457,
        "mean": 3.54412174225,
        "median": 0.953159213066,
        "min": -1.9239256382,
        "var": 108.790306091
    },
    "barkbands_skewness": {
        "dmean": 0.522471427917,
        "dmean2": 0.776212990284,
        "dvar": 0.452268004417,
        "dvar2": 1.00181436539,
        "max": 12.5969285965,
        "mean": 1.21569168568,
        "median": 0.93668037653,
        "min": -3.29309177399,
        "var": 1.79960286617
    },
    "barkbands_spread": {
        "dmean": 6.19183397293,
        "dmean2": 9.41807842255,
        "dvar": 65.2543640137,
        "dvar2": 133.450012207,
        "max": 127.708580017,
        "mean": 25.6183204651,
        "median": 21.4254417419,
        "min": 0.935492217541,
        "var": 291.927856445
    },
    "dissonance": {
        "dmean": 0.0199515800923,
        "dmean2": 0.033818166703,
        "dvar": 0.000402736797696,
        "dvar2": 0.00111711735372,
        "max": 0.500000059605,
        "mean": 0.464542537928,
        "median": 0.471761256456,
        "min": 0.262988895178,
        "var": 0.00081239384599
    },
    "dynamic_complexity": 3.14858722687,
    "erbbands_crest": {
        "dmean": 3.03143334389,
        "dmean2": 4.95428609848,
        "dvar": 7.96383333206,
        "dvar2": 20.3543548584,
        "max": 31.4981250763,
        "mean": 10.3728713989,
        "median": 9.18328094482,
        "min": 2.23844885826,
        "var": 27.265127182
    },
    "erbbands_flatness_db": {
        "dmean": 0.0170340649784,
        "dmean2": 0.0251151081175,
        "dvar": 0.000239171364228,
        "dvar2": 0.000494121166412,
        "max": 0.385079234838,
        "mean": 0.161305710673,
        "median": 0.151023507118,
        "min": 0.0499804504216,
        "var": 0.00339043838903
    },
    "erbbands_kurtosis": {
        "dmean": 1.13638627529,
        "dmean2": 1.82384824753,
        "dvar": 2.13672733307,
        "dvar2": 5.35743904114,
        "max": 21.6470184326,
        "mean": 1.25450265408,
        "median": 0.659895896912,
        "min": -1.70325553417,
        "var": 5.58039093018
    },
    "erbbands_skewness": {
        "dmean": 0.379835397005,
        "dmean2": 0.59201079607,
        "dvar": 0.12442150712,
        "dvar2": 0.289727985859,
        "max": 3.7332379818,
        "mean": 0.453622251749,
        "median": 0.464731037617,
        "min": -3.9980070591,
        "var": 0.669800579548
    },
    "erbbands_spread": {
        "dmean": 7.31513118744,
        "dmean2": 11.0519018173,
        "dvar": 74.4090957642,
        "dvar2": 157.968475342,
        "max": 137.089782715,
        "mean": 34.8192825317,
        "median": 28.2565670013,
        "min": 3.16018676758,
        "var": 513.878173828
    },
    "hfc": {
        "dmean": 8.55218696594,
        "dmean2": 12.7421245575,
        "dvar": 165.911331177,
        "dvar2": 380.144104004,
        "max": 164.215057373,
        "mean": 30.2024860382,
        "median": 24.1134872437,
        "min": 1.09610007372e-16,
        "var": 596.950683594
    },
    "melbands_crest": {
        "dmean": 3.46866440773,
        "dmean2": 5.43446731567,
        "dvar": 9.69756984711,
        "dvar2": 22.0053443909,
        "max": 36.1254081726,
        "mean": 14.7543449402,
        "median": 13.6071681976,
        "min": 2.29318237305,
        "var": 36.4243583679
    },
    "melbands_flatness_db": {
        "dmean": 0.0245694983751,
        "dmean2": 0.0362796224654,
        "dvar": 0.000662571110297,
        "dvar2": 0.00139483145904,
        "max": 0.445591300726,
        "mean": 0.179137244821,
        "median": 0.170862570405,
        "min": 0.00702683767304,
        "var": 0.00366284116171
    },
    "melbands_kurtosis": {
        "dmean": 7.43258142471,
        "dmean2": 11.4498319626,
        "dvar": 516.88494873,
        "dvar2": 1252.15209961,
        "max": 505.894714355,
        "mean": 12.2380361557,
        "median": 3.82570290565,
        "min": -1.76755058765,
        "var": 857.837158203
    },
    "melbands_skewness": {
        "dmean": 0.716734230518,
        "dmean2": 1.06605303288,
        "dvar": 0.883823275566,
        "dvar2": 1.93267643452,
        "max": 18.008146286,
        "mean": 2.18292307854,
        "median": 1.64204061031,
        "min": -1.63035857677,
        "var": 4.21210956573
    },
    "melbands_spread": {
        "dmean": 7.54027795792,
        "dmean2": 11.630648613,
        "dvar": 131.083053589,
        "dvar2": 289.901489258,
        "max": 198.696563721,
        "mean": 27.9562530518,
        "median": 23.8755950928,
        "min": 0.613790214062,
        "var": 445.124298096
    },
    "pitch_salience": {
        "dmean": 0.0702018588781,
        "dmean2": 0.111979544163,
        "dvar": 0.00424665771425,
        "dvar2": 0.0100611168891,
        "max": 0.97668492794,
        "mean": 0.53962212801,
        "median": 0.540469765663,
        "min": 0.0755125805736,
        "var": 0.0146954841912
    },
    "silence_rate_20dB": {
        "dmean": 0,
        "dmean2": 0,
        "dvar": 0,
        "dvar2": 0,
        "max": 1,
        "mean": 1,
        "median": 1,
        "min": 1,
        "var": 0
    },
    "silence_rate_30dB": {
        "dmean": 0.0303348507732,
        "dmean2": 0.060676779598,
        "dvar": 0.0294126309454,
        "dvar2": 0.0702982619405,
        "max": 1,
        "mean": 0.975734949112,
        "median": 1,
        "min": 0,
        "var": 0.0236786454916
    },
    "silence_rate_60dB": {
        "dmean": 0.00723369512707,
        "dmean2": 0.0144690778106,
        "dvar": 0.00718217622489,
        "dvar2": 0.0151916090399,
        "max": 1,
        "mean": 0.0367475487292,
        "median": 0,
        "min": 0,
        "var": 0.0353900752962
    },
    "spectral_centroid": {
        "dmean": 236.424560547,
        "dmean2": 370.741394043,
        "dvar": 102280.15625,
        "dvar2": 223499.90625,
        "max": 11366.1757812,
        "mean": 1451.99084473,
        "median": 1350.98071289,
        "min": 280.628845215,
        "var": 446965.375
    },
    "spectral_complexity": {
        "dmean": 3.66514992714,
        "dmean2": 5.72392082214,
        "dvar": 17.6052284241,
        "dvar2": 40.1980285645,
        "max": 59,
        "mean": 20.5328979492,
        "median": 20,
        "min": 0,
        "var": 91.018447876
    },
    "spectral_decrease": {
        "dmean": 2.93672353102e-09,
        "dmean2": 4.25038981788e-09,
        "dvar": 2.06586422382e-17,
        "dvar2": 3.98193000918e-17,
        "max": 9.11885926762e-21,
        "mean": -8.26743473681e-09,
        "median": -6.64725874344e-09,
        "min": -6.06903896028e-08,
        "var": 4.90700645462e-17
    },
    "spectral_energy": {
        "dmean": 0.0115944938734,
        "dmean2": 0.0168066117913,
        "dvar": 0.000307334703393,
        "dvar2": 0.000589126197156,
        "max": 0.232920840383,
        "mean": 0.0339426994324,
        "median": 0.0277484990656,
        "min": 1.02589039832e-20,
        "var": 0.000766930403188
    },
    "spectral_energyband_high": {
        "dmean": 0.00060050067259,
        "dmean2": 0.000889770570211,
        "dvar": 2.00698104891e-06,
        "dvar2": 4.6275463319e-06,
        "max": 0.022650776431,
        "mean": 0.00143794598989,
        "median": 0.000608871108852,
        "min": 7.0397117174e-21,
        "var": 4.58000886283e-06
    },
    "spectral_energyband_low": {
        "dmean": 0.00768464710563,
        "dmean2": 0.0106376260519,
        "dvar": 0.000270420510788,
        "dvar2": 0.000523731985595,
        "max": 0.220583572984,
        "mean": 0.0131462728605,
        "median": 0.00669174827635,
        "min": 7.46321738679e-23,
        "var": 0.000449744344223
    },
    "spectral_energyband_middle_high": {
        "dmean": 0.0029966707807,
        "dmean2": 0.00475960317999,
        "dvar": 2.06034110306e-05,
        "dvar2": 5.17903063155e-05,
        "max": 0.0785981416702,
        "mean": 0.00930721964687,
        "median": 0.00532590691,
        "min": 1.16721222688e-21,
        "var": 0.000101406971226
    },
    "spectral_energyband_middle_low": {
        "dmean": 0.0045256963931,
        "dmean2": 0.00728785665706,
        "dvar": 3.97703879571e-05,
        "dvar2": 0.000101771576738,
        "max": 0.0831625238061,
        "mean": 0.0110404100269,
        "median": 0.00846044532955,
        "min": 2.81387290738e-22,
        "var": 0.000104590602859
    },
    "spectral_entropy": {
        "dmean": 0.133815035224,
        "dmean2": 0.196830004454,
        "dvar": 0.0183215290308,
        "dvar2": 0.0367304496467,
        "max": 9.80265235901,
        "mean": 7.72032022476,
        "median": 7.75996160507,
        "min": 6.01173973083,
        "var": 0.18051700294
    },
    "spectral_flux": {
        "dmean": 0.0248622633517,
        "dmean2": 0.0389027409256,
        "dvar": 0.000916306802537,
        "dvar2": 0.0018705080729,
        "max": 0.381949961185,
        "mean": 0.0920000001788,
        "median": 0.0832465738058,
        "min": 6.9394635871e-11,
        "var": 0.00261083152145
    },
    "spectral_kurtosis": {
        "dmean": 1.22303831577,
        "dmean2": 2.0007712841,
        "dvar": 2.91354894638,
        "dvar2": 8.45374584198,
        "max": 38.20495224,
        "mean": 4.34231853485,
        "median": 3.60885238647,
        "min": -1.23196399212,
        "var": 11.7347269058
    },
    "spectral_rms": {
        "dmean": 0.000886292837095,
        "dmean2": 0.00127834011801,
        "dvar": 1.08846268176e-06,
        "dvar2": 2.0330537609e-06,
        "max": 0.0150744765997,
        "mean": 0.00530793564394,
        "median": 0.00520304776728,
        "min": 3.16365098181e-12,
        "var": 4.94066125611e-06
    },
    "spectral_rolloff": {
        "dmean": 496.666259766,
        "dmean2": 803.118041992,
        "dvar": 992930.0625,
        "dvar2": 1998049.625,
        "max": 18970.7519531,
        "mean": 1761.77734375,
        "median": 1442.72460938,
        "min": 21.533203125,
        "var": 2950396.5
    },
    "spectral_skewness": {
        "dmean": 0.177811190486,
        "dmean2": 0.280681878328,
        "dvar": 0.0354584790766,
        "dvar2": 0.0872227922082,
        "max": 4.29442119598,
        "mean": 1.64233076572,
        "median": 1.64472866058,
        "min": -0.0338253825903,
        "var": 0.270258814096
    },
    "spectral_spread": {
        "dmean": 501916.75,
        "dmean2": 692560.25,
        "dvar": 428710363136,
        "dvar2": 766239375360,
        "max": 41587460,
        "mean": 5131246.5,
        "median": 5077218,
        "min": 1302111.75,
        "var": 3.11811191603e+12
    },
    "spectral_strongpeak": {
        "dmean": 0.725524187088,
        "dmean2": 1.23584330082,
        "dvar": 1.40782129765,
        "dvar2": 3.4851796627,
        "max": 11.7606830597,
        "mean": 1.31862521172,
        "median": 0.534929513931,
        "min": 0,
        "var": 2.75943946838
    },
    "zerocrossingrate": {
        "dmean": 0.0114949755371,
        "dmean2": 0.0131171597168,
        "dvar": 0.000206178345252,
        "dvar2": 0.0002183826291,
        "max": 0.568359375,
        "mean": 0.073215469718,
        "median": 0.064453125,
        "min": 0.00244140625,
        "var": 0.00188247917686
    },
    "barkbands": {
        "dmean": [0.000371687609004, 0.0065666292794, 0.00204598926939, 0.000966837396845, 0.00129284395371, 0.000911411712877, 0.000684652884956, 0.00124073412735, 0.00120304361917, 0.00175993598532, 0.000399189419113, 0.000801276939455, 0.000506987737026, 0.000501155212987, 0.000501530477777, 0.000309003866278, 0.000318928796332, 0.000111838890007, 0.000124349855469, 0.000140575721161, 0.000133961424581, 0.000165334000485, 0.000104159596958, 0.000107083847979, 9.21959872358e-05, 7.15836940799e-05, 1.23558811538e-06],
        "dmean2": [0.00058349466417, 0.00958253350109, 0.00351809430867, 0.00166733912192, 0.00212252442725, 0.00145272840746, 0.00109467166476, 0.00195150228683, 0.00193560495973, 0.00284280325286, 0.000662008300424, 0.00129260658287, 0.000826082425192, 0.000810318510048, 0.000818896281999, 0.00050333578838, 0.00050879426999, 0.000183972588275, 0.000208657773328, 0.000236112784478, 0.000218575180043, 0.000281558430288, 0.000162193304277, 0.000158164737513, 0.000131488530315, 0.000103888618469, 2.21740106099e-06],
        "dvar": [5.00688713601e-07, 0.000240161694819, 5.12241240358e-05, 5.89718683841e-06, 5.94797074882e-06, 3.22562686961e-06, 3.20194226333e-06, 5.7166184888e-06, 1.00388888313e-05, 1.56673922902e-05, 9.05534250251e-07, 6.12681242274e-06, 1.00353622656e-06, 1.09994687136e-06, 1.31964816319e-06, 7.35895412163e-07, 4.23758166335e-07, 3.24587183798e-08, 6.64206680767e-08, 1.29365091084e-07, 9.93695223883e-08, 2.42365047143e-07, 5.19259870657e-08, 6.16891213667e-08, 4.09417957314e-08, 3.40982637681e-08, 5.57133089663e-11],
        "dvar2": [1.21199866499e-06, 0.000555357080884, 0.000138912670081, 1.59292285389e-05, 1.55952166097e-05, 7.85478096077e-06, 7.94875450083e-06, 1.34519295898e-05, 2.55032591667e-05, 4.04693928431e-05, 2.3004868126e-06, 1.51304584506e-05, 2.62075855062e-06, 2.67413793154e-06, 3.31420119437e-06, 1.85814917586e-06, 1.00147815374e-06, 7.91825343072e-08, 1.77635740783e-07, 3.56930172529e-07, 2.47301073841e-07, 6.67245274144e-07, 1.17025884094e-07, 1.31471452391e-07, 7.63984786545e-08, 6.74827660418e-08, 1.53814752601e-10],
        "max": [0.00789432786405, 0.188798964024, 0.092373073101, 0.0610352233052, 0.0396390631795, 0.0357930213213, 0.0369084142148, 0.0502585396171, 0.0673620477319, 0.0689095258713, 0.0268197879195, 0.0511966757476, 0.0196848902851, 0.0186442863196, 0.0258102435619, 0.0280211828649, 0.0174205452204, 0.00525531638414, 0.00615463685244, 0.00652519939467, 0.00637933099642, 0.0069041736424, 0.00356834940612, 0.00641394220293, 0.00602528359741, 0.00420092139393, 0.000158521259436],
        "mean": [0.000550624798052, 0.0100974263623, 0.00195922912098, 0.00105130544398, 0.00217661540955, 0.00161941803526, 0.00102169380989, 0.00235602818429, 0.00199554278515, 0.00301413633861, 0.000644883781206, 0.0014698964078, 0.00090822315542, 0.000879758794326, 0.000923735613469, 0.000613952521235, 0.000644598621875, 0.000215398089495, 0.000226354663027, 0.000242319743847, 0.00024720892543, 0.000262122513959, 0.000220599904424, 0.00025092670694, 0.000220252637519, 0.000129541993374, 8.71672682479e-07],
        "median": [8.50526994327e-05, 0.00411523506045, 0.000528714968823, 0.000269013573416, 0.00106291961856, 0.000766210723668, 0.000346323475242, 0.000676100724377, 0.000461762218038, 0.000533277867362, 0.000244845228735, 0.000319940241752, 0.000324701948557, 0.000289704184979, 0.000302102242131, 0.000236452266108, 0.000274032034213, 0.000138212461025, 0.000134957605042, 0.000103358521301, 9.07845387701e-05, 9.24763080548e-05, 9.20203601709e-05, 0.000112522255222, 8.03039511084e-05, 1.51514586832e-05, 7.96809618286e-10],
        "min": [1.00466193111e-23, 2.79757340024e-23, 1.31109715856e-23, 6.30325935125e-24, 4.43499083974e-23, 5.1568105587e-23, 3.43941524519e-23, 3.58704141282e-23, 3.06064873026e-23, 2.57070931013e-23, 4.62704123592e-23, 8.8450801806e-23, 8.20662223339e-23, 9.7528804844e-23, 7.12270210606e-23, 1.50460727874e-22, 4.77805193238e-23, 6.89389836476e-23, 1.76214385857e-22, 2.65025053386e-22, 4.17374490972e-22, 3.19316177444e-22, 5.70137518864e-22, 7.74848665573e-22, 1.1492850662e-21, 1.25879016798e-21, 2.09062528706e-21],
        "var": [1.00580984963e-06, 0.000307317706756, 3.58423385478e-05, 5.49624746782e-06, 1.06853303805e-05, 6.00682687946e-06, 4.88201021653e-06, 1.89523852896e-05, 2.2571255613e-05, 3.55788288289e-05, 1.96543351194e-06, 1.72107756953e-05, 2.62844901044e-06, 2.55285135609e-06, 3.33784169015e-06, 2.38875190917e-06, 1.20436038742e-06, 6.47726423608e-08, 8.31175626104e-08, 1.48673237277e-07, 1.82461576514e-07, 2.86939922489e-07, 1.24963207782e-07, 1.63084465044e-07, 1.23053126799e-07, 7.43284331861e-08, 4.16609975684e-11]
    },
    "erbbands": {
        "dmean": [0.24510550499, 1.29438769817, 2.07108974457, 3.03150558472, 3.80740475655, 4.06742620468, 7.30929803848, 6.99833393097, 10.3190307617, 9.50327205658, 31.2721233368, 31.3728351593, 36.6831169128, 49.0261726379, 17.6757259369, 36.7510719299, 20.8686923981, 26.8399181366, 28.1371994019, 16.6827774048, 15.7307710648, 13.710650444, 6.34604024887, 5.69042825699, 6.69465065002, 6.34334278107, 5.69820404053, 5.83516216278, 6.08071613312, 3.99662160873, 2.90176987648, 2.49891591072, 1.77349901199, 1.08621776104, 0.704623699188, 0.350702553988, 0.12080411613, 0.018079765141, 0.000347349501681, 2.36105952354e-05],
        "dmean2": [0.357764691114, 1.91543745995, 3.36817312241, 5.3247423172, 6.46800661087, 6.68042802811, 11.4455928802, 11.4191970825, 16.4384975433, 15.2430362701, 49.0861358643, 50.543056488, 59.2382316589, 78.6855392456, 28.8886165619, 58.9367713928, 33.7598381042, 43.6541900635, 45.6070518494, 27.0497932434, 25.0451412201, 21.6051330566, 10.3031177521, 9.44485187531, 11.3416643143, 10.5668773651, 9.39325809479, 9.80246734619, 10.4393987656, 6.41587924957, 4.52052354813, 3.78932404518, 2.66042590141, 1.59988689423, 0.998411655426, 0.498101174831, 0.181843608618, 0.0291202180088, 0.000552401761524, 3.43944157066e-05],
        "dvar": [0.300981968641, 10.1417064667, 40.9749145508, 84.2720031738, 81.4889831543, 59.8809280396, 241.977050781, 216.03578186, 758.024780273, 457.955474854, 3867.21118164, 7379.83300781, 10876.6240234, 14718.6962891, 1428.47167969, 14885.7939453, 1535.7364502, 3068.79248047, 3914.11669922, 2251.12060547, 1121.04223633, 884.932617188, 101.215805054, 104.23551178, 237.932785034, 225.918197632, 183.46697998, 248.227249146, 313.346618652, 109.723800659, 38.4198951721, 33.1839027405, 17.3459072113, 6.29072237015, 2.16546916962, 0.557069480419, 0.108253903687, 0.00460431957617, 1.57888291596e-06, 1.98962002429e-09],
        "dvar2": [0.685937523842, 23.2673149109, 101.668945312, 235.323410034, 217.828460693, 159.740325928, 562.853027344, 556.826599121, 1892.04858398, 1152.99731445, 9015.44921875, 18674.8359375, 28611.6757812, 37351.6875, 3647.58251953, 36407.703125, 3935.35644531, 7782.13769531, 9729.91113281, 5919.87939453, 2731.44848633, 1964.12463379, 238.529281616, 272.872467041, 651.325927734, 611.578125, 459.777282715, 669.036865234, 868.99786377, 271.493774414, 84.8124160767, 76.5122909546, 37.820766449, 12.6359205246, 4.06754255295, 1.03268682957, 0.230073586106, 0.0104192979634, 3.55775318894e-06, 3.94188903741e-09],
        "max": [6.61298418045, 40.9978485107, 79.6060638428, 164.94229126, 185.363113403, 167.063613892, 319.151397705, 270.287963867, 655.181518555, 572.462585449, 1389.92211914, 1988.95690918, 2099.82617188, 2551.24169922, 1070.97229004, 2614.79638672, 923.006835938, 1054.80273438, 2049.69995117, 1872.17883301, 809.237854004, 1215.14880371, 366.61807251, 198.352142334, 312.348754883, 251.906555176, 306.539215088, 340.252410889, 261.185974121, 168.331466675, 94.0893936157, 191.522491455, 114.206924438, 62.3936843872, 43.4007873535, 15.7415819168, 7.65481424332, 1.36842238903, 0.0245303567499, 0.000827073992696],
        "mean": [0.369105637074, 1.94042873383, 2.49131941795, 3.14818191528, 5.35452795029, 6.42664527893, 12.9813985825, 12.0091810226, 16.7183189392, 17.1954154968, 60.8780937195, 54.4969291687, 63.3007469177, 85.8116149902, 34.0899238586, 68.9910583496, 41.3481826782, 53.258846283, 55.3388175964, 34.9552726746, 35.4360466003, 29.2151641846, 13.5079288483, 11.3591976166, 11.9624166489, 11.5441932678, 9.90925121307, 9.97460365295, 9.51201915741, 7.48264455795, 6.1860408783, 5.39594078064, 4.04542064667, 2.49813818932, 1.54374742508, 0.770157337189, 0.184303328395, 0.0181341134012, 0.000402326957555, 6.0312642745e-05],
        "median": [0.100968182087, 0.754061222076, 0.865942060947, 0.966797828674, 1.65512621403, 3.12368059158, 5.0492143631, 5.44847011566, 5.64616203308, 7.31969261169, 18.8267822266, 15.6737098694, 16.1395606995, 17.6771240234, 15.0608043671, 15.8710832596, 18.5325984955, 19.0358715057, 19.1139202118, 14.1149597168, 15.7409381866, 13.9210577011, 8.9474401474, 7.33522415161, 6.70588493347, 4.98033332825, 3.4765496254, 3.85549974442, 3.32797074318, 2.74711847305, 2.60885238647, 2.4002828598, 1.75272524357, 1.04288673401, 0.458798289299, 0.129405617714, 0.0140208927915, 0.000349926238414, 3.95588140236e-05, 4.26224141847e-05],
        "min": [2.69204400596e-22, 6.48591833627e-21, 2.25732855495e-20, 1.82586678536e-20, 3.92930048761e-20, 1.1816010094e-19, 1.99319379105e-19, 2.62490335305e-19, 5.18306150248e-19, 3.55436820877e-19, 6.54858108045e-19, 8.34421493141e-19, 5.27907804305e-19, 8.18331589456e-19, 2.20281547204e-18, 3.27569292156e-18, 3.47985991509e-18, 4.06524570843e-18, 5.87759801694e-18, 6.15133772424e-18, 7.64044811529e-18, 4.05176266445e-18, 4.59779409937e-18, 4.52721574078e-18, 1.02623558855e-17, 1.28282403671e-17, 1.3491500252e-17, 1.39317447992e-17, 1.17784042403e-17, 1.42272798884e-17, 1.46869937857e-17, 1.40173910798e-17, 1.57025813263e-17, 1.23628271954e-17, 7.67424588794e-18, 4.88410653838e-18, 2.24933673008e-18, 9.93464388396e-19, 2.46309674397e-19, 2.91086634703e-20],
        "var": [0.422261148691, 12.6591024399, 36.5993385315, 61.3962669373, 122.161582947, 98.0119094849, 526.096496582, 396.301635742, 1296.58618164, 886.022583008, 13772.75, 16697.4472656, 20153.7167969, 35229.7265625, 3687.49023438, 41688.7148438, 3975.2590332, 8221.15234375, 10850.8105469, 6537.92626953, 3752.08666992, 2662.02368164, 251.565505981, 172.343505859, 268.143310547, 313.050598145, 288.912078857, 341.470855713, 369.75100708, 184.39680481, 97.8496246338, 77.6729125977, 43.3045082092, 17.0063667297, 6.33260011673, 1.74137985706, 0.193798556924, 0.00539662642404, 1.98938573703e-06, 4.12636458336e-09]
    },
    "gfcc": {
        "mean": [15.4391584396, 77.5655059814, -126.11277771, 26.7415180206, -64.3846664429, 30.7522163391, -43.0228118896, 19.6522979736, -21.2160549164, 7.63488721848, -15.3384437561, -0.203199014068, -5.07353496552],
        "cov": [[6603.53662109, -831.500183105, 1080.75488281, 533.357055664, 141.360321045, 405.676361084, 87.8949203491, 324.086578369, -97.7543258667, 381.039245605, -150.983978271, 324.044952393, -127.274269104], [-831.500183105, 1346.30529785, -23.6448707581, -121.895698547, 166.374832153, -42.6754646301, 64.8153991699, -41.8457984924, 128.428588867, -93.6116714478, 214.477355957, -108.111976624, 127.390632629], [1080.75488281, -23.6448707581, 1427.18786621, 713.268371582, 249.77645874, 75.8452377319, -57.1206359863, 71.8257141113, -73.0199127197, 164.609466553, -39.4096336365, 129.098892212, -81.423789978], [533.357055664, -121.895698547, 713.268371582, 717.719787598, 117.162277222, 45.8789672852, -67.1494750977, -8.88139533997, -28.4183750153, 52.2402420044, -35.2339439392, 31.2295970917, -8.34630298615], [141.360321045, 166.374832153, 249.77645874, 117.162277222, 306.570007324, 90.0063247681, 69.8273010254, 54.3417243958, 31.0424842834, 60.3426437378, 19.4164123535, 64.6447296143, 27.3247413635], [405.676361084, -42.6754646301, 75.8452377319, 45.8789672852, 90.0063247681, 229.764450073, 130.406845093, 88.2434844971, 11.3040037155, 42.8669319153, 18.0805931091, 31.1022205353, 16.3921489716], [87.8949203491, 64.8153991699, -57.1206359863, -67.1494750977, 69.8273010254, 130.406845093, 245.102462769, 67.7282791138, 26.990568161, 32.2004966736, 32.3716430664, 11.3382091522, 10.6187648773], [324.086578369, -41.8457984924, 71.8257141113, -8.88139533997, 54.3417243958, 88.2434844971, 67.7282791138, 148.625183105, 49.2143135071, 51.9712371826, 2.66333436966, 38.3045272827, 5.27379798889], [-97.7543258667, 128.428588867, -73.0199127197, -28.4183750153, 31.0424842834, 11.3040037155, 26.990568161, 49.2143135071, 129.505157471, 26.2190265656, 37.7178268433, -3.15987110138, 35.8105125427], [381.039245605, -93.6116714478, 164.609466553, 52.2402420044, 60.3426437378, 42.8669319153, 32.2004966736, 51.9712371826, 26.2190265656, 136.257400513, 14.6176195145, 53.8693389893, -13.5923585892], [-150.983978271, 214.477355957, -39.4096336365, -35.2339439392, 19.4164123535, 18.0805931091, 32.3716430664, 2.66333436966, 37.7178268433, 14.6176195145, 109.698387146, 5.62963533401, 38.9661979675], [324.044952393, -108.111976624, 129.098892212, 31.2295970917, 64.6447296143, 31.1022205353, 11.3382091522, 38.3045272827, -3.15987110138, 53.8693389893, 5.62963533401, 121.12727356, 15.8593826294], [-127.274269104, 127.390632629, -81.423789978, -8.34630298615, 27.3247413635, 16.3921489716, 10.6187648773, 5.27379798889, 35.8105125427, -13.5923585892, 38.9661979675, 15.8593826294, 102.429336548]],
        "icov": [[0.000250511511695, -0.000104931423266, 6.92576168149e-06, -0.000128305400722, 0.000264669593889, -0.000394200556912, 0.000114691560157, -0.000280935200863, 0.000231311714742, -0.000517299864441, 0.000450418214314, -0.000509773322847, 0.000189949132618], [-0.000104931423266, 0.00243492797017, -0.00117048493121, 0.00122601224575, -0.00169411848765, 0.00110904197209, -0.000549202377442, 0.000731103820726, -0.00149927020539, 0.00247194804251, -0.00400396483019, 0.00310848839581, -0.00180140777957], [6.92576168149e-06, -0.00117048493121, 0.00274484860711, -0.00244289869443, -0.000146615173435, -6.80171942804e-05, 0.000656188640278, -0.00147576292511, 0.00198548682965, -0.00209381035529, 0.00123379682191, -0.0022480734624, 0.00241189473309], [-0.000128305400722, 0.00122601224575, -0.00244289869443, 0.00396483903751, -0.000804746290669, -0.000391421664972, 0.000248100259341, 0.00192587519996, -0.00166422827169, 0.00149249611422, -0.00100120762363, 0.00256866775453, -0.00238756858744], [0.000264669593889, -0.00169411848765, -0.000146615173435, -0.000804746290669, 0.00624961592257, -0.00199005240574, -0.000531910161953, -0.000166445286595, -0.000145882164361, -0.0021961950697, 0.003258863464, -0.00376627896912, 7.16782742529e-05], [-0.000394200556912, 0.00110904197209, -6.80171942804e-05, -0.000391421664972, -0.00199005240574, 0.00922585837543, -0.00367037230171, -0.00317566376179, 0.00130539096426, 0.0011780661298, -0.00291771069169, 0.00215066387318, -0.00187973270658], [0.000114691560157, -0.000549202377442, 0.000656188640278, 0.000248100259341, -0.000531910161953, -0.00367037230171, 0.00693622464314, -0.00121090456378, 0.000491695478559, -0.00125747709535, -0.000190313832718, -0.000176695306436, 0.00120092811994], [-0.000280935200863, 0.000731103820726, -0.00147576292511, 0.00192587519996, -0.000166445286595, -0.00317566376179, -0.00121090456378, 0.0130360061303, -0.00593669945374, -8.36943763716e-06, 0.00112637795974, -0.000761910807341, -0.000503679329995], [0.000231311714742, -0.00149927020539, 0.00198548682965, -0.00166422827169, -0.000145882164361, 0.00130539096426, 0.000491695478559, -0.00593669945374, 0.0137269115075, -0.00465449271724, -0.000279915955616, 0.000596696569119, -0.00172318553086], [-0.000517299864441, 0.00247194804251, -0.00209381035529, 0.00149249611422, -0.0021961950697, 0.0011780661298, -0.00125747709535, -8.36943763716e-06, -0.00465449271724, 0.0151458159089, -0.00610750960186, -0.000313658936648, 0.00127730274107], [0.000450418214314, -0.00400396483019, 0.00123379682191, -0.00100120762363, 0.003258863464, -0.00291771069169, -0.000190313832718, 0.00112637795974, -0.000279915955616, -0.00610750960186, 0.0192310810089, -0.00518819503486, -0.00122731679585], [-0.000509773322847, 0.00310848839581, -0.0022480734624, 0.00256866775453, -0.00376627896912, 0.00215066387318, -0.000176695306436, -0.000761910807341, 0.000596696569119, -0.000313658936648, -0.00518819503486, 0.0170611478388, -0.00627724966034], [0.000189949132618, -0.00180140777957, 0.00241189473309, -0.00238756858744, 7.16782742529e-05, -0.00187973270658, 0.00120092811994, -0.000503679329995, -0.00172318553086, 0.00127730274107, -0.00122731679585, -0.00627724966034, 0.0163558758795]]
    },
    "melbands": {
        "dmean": [0.00197437475435, 0.00114410370588, 0.000535439758096, 0.000278193445411, 0.000230961537454, 0.000161472024047, 0.000151046842802, 0.000125113729155, 0.000252585683484, 0.000195740474737, 0.000186343168025, 0.000213840714423, 5.30850666109e-05, 9.31848189794e-05, 6.10392380622e-05, 5.33475795237e-05, 5.22070477018e-05, 4.66466117359e-05, 2.8894706702e-05, 2.57595147559e-05, 2.13819130295e-05, 1.81725135917e-05, 8.27779513202e-06, 5.54630969418e-06, 4.90398451802e-06, 5.29604812982e-06, 5.29712724529e-06, 4.1916068767e-06, 3.89294291381e-06, 3.34274977831e-06, 3.94719836549e-06, 3.99294640374e-06, 2.83087729258e-06, 2.13267549043e-06, 1.73163584805e-06, 1.82644862434e-06, 1.52759480443e-06, 1.41123553021e-06, 1.10531277642e-06, 9.67425080489e-07],
        "dmean2": [0.00288129481487, 0.00174942379817, 0.000933936273213, 0.000466773053631, 0.000364173785783, 0.000260825909209, 0.0002412663016, 0.000199639573111, 0.000397719268221, 0.000315068522468, 0.000300910935039, 0.000343223364325, 8.76083431649e-05, 0.000150507636135, 9.73903006525e-05, 8.70572112035e-05, 8.48601048347e-05, 7.587930304e-05, 4.66157798655e-05, 4.1668456106e-05, 3.42063976859e-05, 2.8764232411e-05, 1.35520904223e-05, 9.30332043936e-06, 8.18022908788e-06, 8.93991182238e-06, 9.1183155746e-06, 6.99528391124e-06, 6.51758455206e-06, 5.46759883946e-06, 6.83349026076e-06, 6.96064262229e-06, 4.67813197247e-06, 3.44045247402e-06, 2.73476030088e-06, 2.84863767774e-06, 2.34916910813e-06, 2.17629440158e-06, 1.6565269334e-06, 1.45445778799e-06],
        "dvar": [2.0843153834e-05, 8.6584377641e-06, 2.16442595047e-06, 3.59218233825e-07, 2.16075903836e-07, 1.06843138781e-07, 1.57076343044e-07, 6.68082122957e-08, 2.46297616968e-07, 3.11015014631e-07, 2.75441124131e-07, 2.82913305227e-07, 1.39694833479e-08, 8.01875117418e-08, 2.34743957606e-08, 1.32934800945e-08, 1.20387344538e-08, 1.1210038231e-08, 5.56009105424e-09, 6.58717391744e-09, 2.18949502973e-09, 1.71160108309e-09, 1.91865398569e-10, 8.13194719895e-11, 7.54725448804e-11, 1.35879890673e-10, 2.07471512192e-10, 9.00166816087e-11, 1.00675467962e-10, 5.70284999779e-11, 1.29322927367e-10, 1.38315275899e-10, 6.3490407376e-11, 2.70062774227e-11, 1.3387266122e-11, 1.49042167497e-11, 1.25679727042e-11, 1.14406002033e-11, 5.25962997114e-12, 5.53460229036e-12],
        "dvar2": [4.76745808555e-05, 1.82219664566e-05, 5.98158931098e-06, 9.64207288234e-07, 5.11452128649e-07, 2.70292446203e-07, 3.92916263081e-07, 1.70718834624e-07, 5.89201363255e-07, 7.75049898039e-07, 7.26442067389e-07, 7.15474982371e-07, 3.56156633075e-08, 1.97521075052e-07, 5.81332599836e-08, 3.50423867701e-08, 3.02541351971e-08, 2.71452869072e-08, 1.3668915777e-08, 1.66044458183e-08, 5.44410339032e-09, 3.81307474484e-09, 4.71807481972e-10, 2.07969724775e-10, 1.99417066193e-10, 3.6822658811e-10, 5.87213055958e-10, 2.39907843591e-10, 2.61542010271e-10, 1.39020905898e-10, 3.63402141712e-10, 3.97167909671e-10, 1.62429431017e-10, 6.64964472374e-11, 3.04128597306e-11, 3.43684802839e-11, 2.90983053625e-11, 2.63749421608e-11, 1.09096039494e-11, 1.17875049999e-11],
        "max": [0.0517039448023, 0.0357616171241, 0.0282563921064, 0.00972517579794, 0.00941431336105, 0.00613731425256, 0.00866901129484, 0.00570899760351, 0.0107183447108, 0.0130547033623, 0.0103152003139, 0.0113467415795, 0.00322835892439, 0.00608878815547, 0.00322681572288, 0.00263267452829, 0.00195542583242, 0.00384389818646, 0.00238201534376, 0.00280204438604, 0.00118857424241, 0.00150556443259, 0.000372149777832, 0.000203470364795, 0.000179131078767, 0.00031224891427, 0.00028010722599, 0.000184166769031, 0.000255622173427, 0.000211240549106, 0.000259247841313, 0.000173554508365, 0.00013133752509, 7.86840464571e-05, 7.11275861249e-05, 8.8609958766e-05, 0.000115902279504, 9.58731616265e-05, 5.81107051403e-05, 6.17171390331e-05],
        "mean": [0.00304727908224, 0.0017519533867, 0.000607823138125, 0.000425515376264, 0.000415939546656, 0.000282301713014, 0.000242780486587, 0.000228202523431, 0.000484768446768, 0.000326074950863, 0.000314829900162, 0.000366335414583, 9.27368746488e-05, 0.0001716602128, 0.000113117377623, 9.89917243714e-05, 9.56422518357e-05, 8.67208582349e-05, 5.32595695404e-05, 4.78167348774e-05, 4.28372441093e-05, 3.59297955583e-05, 1.54479039338e-05, 1.01181767604e-05, 8.9246650532e-06, 8.66304435476e-06, 8.88602880877e-06, 7.13632744009e-06, 5.88040757066e-06, 6.05867990089e-06, 5.84044391871e-06, 5.59402224098e-06, 4.66661822429e-06, 3.92674155592e-06, 3.44403406416e-06, 3.59387104254e-06, 3.16483760798e-06, 2.93477478408e-06, 2.43223462348e-06, 2.00600879907e-06],
        "median": [0.00113747920841, 0.000731280772015, 0.000198148802156, 0.000170541403349, 0.000178620335646, 0.000129186431877, 8.17845648271e-05, 8.86005727807e-05, 0.000154457520694, 7.45802244637e-05, 7.38818052923e-05, 6.61348167341e-05, 3.8520040107e-05, 4.05658684031e-05, 3.72783215425e-05, 3.24000502587e-05, 3.00935571431e-05, 2.88774499495e-05, 1.95218999579e-05, 1.69021113834e-05, 1.76762332558e-05, 1.48124272528e-05, 8.7182088464e-06, 6.57620557831e-06, 5.39690245205e-06, 4.65357106805e-06, 4.05374430557e-06, 2.85894338958e-06, 2.04913567359e-06, 2.06110144063e-06, 2.29046690947e-06, 1.9821738988e-06, 1.5247196643e-06, 1.49839024743e-06, 1.4294923858e-06, 1.45840999721e-06, 1.45525859807e-06, 1.23521590467e-06, 1.03893762571e-06, 8.14056420495e-07],
        "min": [5.78142825687e-24, 1.33651275809e-23, 3.54820681597e-24, 4.3698539637e-24, 6.82627137039e-24, 7.25161807074e-24, 7.13756298334e-24, 3.6642569326e-24, 4.62668025317e-24, 4.43079622965e-24, 2.66630114749e-24, 1.98052996587e-24, 8.03179282853e-24, 9.2042720588e-24, 7.42725952901e-24, 8.31422869843e-24, 6.03920039057e-24, 1.04584267917e-23, 6.1167525173e-24, 9.65348101267e-24, 8.26296536137e-24, 2.68846715285e-24, 8.24280286549e-24, 2.62360247327e-24, 3.1016206274e-24, 8.3871612557e-24, 3.98538209116e-24, 7.70337741192e-24, 8.14615478282e-24, 9.91331286219e-24, 6.93032133493e-24, 6.47884203938e-24, 6.99032682855e-24, 7.96489584605e-24, 7.60149050398e-24, 8.2384885852e-24, 6.40960845089e-24, 1.074986672e-23, 1.14608694205e-23, 9.16641620168e-24],
        "var": [2.77728140645e-05, 1.12829111458e-05, 1.75304182903e-06, 5.51794300918e-07, 4.76348191114e-07, 2.07319388323e-07, 2.64855771093e-07, 1.47375970982e-07, 8.25266113225e-07, 6.96895824603e-07, 5.13453244366e-07, 6.77288880979e-07, 3.37993846244e-08, 2.22254215032e-07, 6.38581170165e-08, 3.52724711661e-08, 3.04408764862e-08, 2.95846760423e-08, 1.33474662434e-08, 1.90037958703e-08, 5.54332491021e-09, 4.65112082182e-09, 4.63532739969e-10, 1.36547120833e-10, 1.22079887865e-10, 1.50566337176e-10, 2.03833394607e-10, 1.26912050313e-10, 1.18739795774e-10, 1.18115392467e-10, 1.39213821027e-10, 1.44480497011e-10, 8.68858596181e-11, 4.75840790382e-11, 3.19384241276e-11, 3.3867793986e-11, 2.85458236909e-11, 2.53012211876e-11, 1.44157298945e-11, 1.2616457358e-11]
    },
    "mfcc": {
        "mean": [-622.259521484, 105.808746338, -2.15446400642, 3.18157505989, 6.20086097717, 4.68674850464, -0.691188156605, 4.55129671097, 4.8773598671, 5.45377349854, 1.80865371227, 1.63508796692, -0.459197670221],
        "cov": [[5101.98535156, -745.588562012, 616.979614258, 257.317962646, 134.876525879, 237.50189209, 193.635635376, 144.185272217, 138.95690918, 187.23550415, 54.4896812439, 77.8204803467, 28.134355545], [-745.588562012, 1250.87255859, -159.175628662, -131.531967163, 71.9814758301, -52.2319831848, 56.0641670227, 22.4852809906, -9.07579040527, 12.64802742, 60.8274726868, 57.4493484497, 64.2377319336], [616.979614258, -159.175628662, 1025.53967285, 579.533630371, 313.153503418, 148.114456177, 83.6607589722, -10.5236177444, -3.41940331459, 4.23384380341, 12.3668403625, 34.2199325562, 27.6464557648], [257.317962646, -131.531967163, 579.533630371, 581.314086914, 269.300354004, 127.338493347, 29.6892642975, -26.1535377502, 10.7101078033, -8.81268787384, -27.0701446533, 20.5253238678, 33.2643585205], [134.876525879, 71.9814758301, 313.153503418, 269.300354004, 322.751190186, 82.4605026245, 23.6195640564, 10.1101894379, 28.6720657349, 12.0828390121, -9.74363327026, 19.2497596741, 34.8968772888], [237.50189209, -52.2319831848, 148.114456177, 127.338493347, 82.4605026245, 178.01473999, 107.916786194, 40.8630599976, 35.8150405884, 32.3587913513, 17.2313899994, 10.7822856903, 13.8744955063], [193.635635376, 56.0641670227, 83.6607589722, 29.6892642975, 23.6195640564, 107.916786194, 197.764297485, 74.4566268921, 36.9386444092, 43.2691230774, 36.5042915344, 11.6689777374, 9.86504840851], [144.185272217, 22.4852809906, -10.5236177444, -26.1535377502, 10.1101894379, 40.8630599976, 74.4566268921, 131.031356812, 57.5224876404, 31.6147766113, 17.5361194611, 13.6668844223, 6.44768285751], [138.95690918, -9.07579040527, -3.41940331459, 10.7101078033, 28.6720657349, 35.8150405884, 36.9386444092, 57.5224876404, 112.159912109, 53.0353393555, 16.5955715179, 18.3920440674, 15.1963825226], [187.23550415, 12.64802742, 4.23384380341, -8.81268787384, 12.0828390121, 32.3587913513, 43.2691230774, 31.6147766113, 53.0353393555, 109.202072144, 47.5451774597, 11.6769256592, 0.609211325645], [54.4896812439, 60.8274726868, 12.3668403625, -27.0701446533, -9.74363327026, 17.2313899994, 36.5042915344, 17.5361194611, 16.5955715179, 47.5451774597, 89.8555297852, 40.5732345581, 9.82930850983], [77.8204803467, 57.4493484497, 34.2199325562, 20.5253238678, 19.2497596741, 10.7822856903, 11.6689777374, 13.6668844223, 18.3920440674, 11.6769256592, 40.5732345581, 94.1224441528, 43.5980873108], [28.134355545, 64.2377319336, 27.6464557648, 33.2643585205, 34.8968772888, 13.8744955063, 9.86504840851, 6.44768285751, 15.1963825226, 0.609211325645, 9.82930850983, 43.5980873108, 72.2496261597]],
