{
"lowlevel": {
    "average_loudness": 0.921398580074,
    "barkbands_crest": {
        "dmean": 2.81621837616,
        "dmean2": 4.26246213913,
        "dvar": 6.15161466599,
        "dvar2": 13.2586011887,
        "max": 25.8640346527,
        "mean": 10.071805954,
        "median": 8.94576358795,
        "min": 1.92507648468,
        "var": 22.7140598297
    },
    "barkbands_flatness_db": {
        "dmean": 0.021453531459,
        "dmean2": 0.0317815542221,
        "dvar": 0.000391842913814,
        "dvar2": 0.00085543980822,
        "max": 0.344961553812,
        "mean": 0.13237772882,
        "median": 0.127880975604,
        "min": 0.0266160070896,
        "var": 0.0019781247247
    },
    "barkbands_kurtosis": {
        "dmean": 2.27634191513,
        "dmean2": 3.42470908165,
        "dvar": 23.0343704224,
        "dvar2": 43.1361808777,
        "max": 259.084533691,
        "mean": 2.29438996315,
        "median": 0.192023038864,
        "min": -1.90044021606,
        "var": 66.7954025269
    },
    "barkbands_skewness": {
        "dmean": 0.570260345936,
        "dmean2": 0.835467219353,
        "dvar": 0.365295916796,
        "dvar2": 0.747707784176,
        "max": 14.418346405,
        "mean": 1.04253852367,
        "median": 0.83159506321,
        "min": -2.80812621117,
        "var": 1.65921628475
    },
    "barkbands_spread": {
        "dmean": 6.30285692215,
        "dmean2": 9.60047054291,
        "dvar": 46.5981369019,
        "dvar2": 96.0107650757,
        "max": 109.33883667,
        "mean": 28.0532245636,
        "median": 26.7213382721,
        "min": 1.15903282166,
        "var": 224.856063843
    },
    "dissonance": {
        "dmean": 0.0148402759805,
        "dmean2": 0.0253448877484,
        "dvar": 0.000234734034166,
        "dvar2": 0.000646914239042,
        "max": 0.500000119209,
        "mean": 0.476875662804,
        "median": 0.482434272766,
        "min": 0.277732789516,
        "var": 0.000415752030676
    },
    "dynamic_complexity": 2.79741835594,
    "erbbands_crest": {
        "dmean": 2.97527694702,
        "dmean2": 4.76324987411,
        "dvar": 8.47099781036,
        "dvar2": 20.2890586853,
        "max": 31.1892700195,
        "mean": 9.90941429138,
        "median": 8.49763965607,
        "min": 2.18418645859,
        "var": 26.778219223
    },
    "erbbands_flatness_db": {
        "dmean": 0.0186596177518,
        "dmean2": 0.0264554694295,
        "dvar": 0.000295908830594,
        "dvar2": 0.000555880076718,
        "max": 0.385709404945,
        "mean": 0.160280436277,
        "median": 0.155016362667,
        "min": 0.0448835231364,
        "var": 0.00275989738293
    },
    "erbbands_kurtosis": {
        "dmean": 1.12908613682,
        "dmean2": 1.79536628723,
        "dvar": 2.02379179001,
        "dvar2": 4.82785129547,
        "max": 33.1699829102,
        "mean": 1.19852459431,
        "median": 0.564070224762,
        "min": -1.79504776001,
        "var": 5.49459123611
    },
    "erbbands_skewness": {
        "dmean": 0.374153465033,
        "dmean2": 0.566666305065,
        "dvar": 0.113623782992,
        "dvar2": 0.249302402139,
        "max": 3.21832036972,
        "mean": -0.117928303778,
        "median": -0.126984506845,
        "min": -3.60187387466,
        "var": 0.639704942703
    },
    "erbbands_spread": {
        "dmean": 7.61069536209,
        "dmean2": 11.4414958954,
        "dvar": 78.3159866333,
        "dvar2": 158.065673828,
        "max": 159.530761719,
        "mean": 32.5034294128,
        "median": 28.6391143799,
        "min": 3.34966492653,
        "var": 357.194641113
    },
    "hfc": {
        "dmean": 8.75221443176,
        "dmean2": 12.9940071106,
        "dvar": 162.455917358,
        "dvar2": 373.223876953,
        "max": 177.372055054,
        "mean": 27.4682636261,
        "median": 23.3844985962,
        "min": 1.18761695441e-16,
        "var": 466.828155518
    },
    "melbands_crest": {
        "dmean": 3.32641506195,
        "dmean2": 5.28227519989,
        "dvar": 9.58125400543,
        "dvar2": 22.0697593689,
        "max": 32.1403770447,
        "mean": 13.7383565903,
        "median": 12.9531488419,
        "min": 1.75596308708,
        "var": 30.8027877808
    },
    "melbands_flatness_db": {
        "dmean": 0.0271453503519,
        "dmean2": 0.0390337444842,
        "dvar": 0.000721829885151,
        "dvar2": 0.00144692370668,
        "max": 0.45045787096,
        "mean": 0.175281107426,
        "median": 0.170417010784,
        "min": 0.00150282366667,
        "var": 0.00364606222138
    },
    "melbands_kurtosis": {
        "dmean": 6.7596077919,
        "dmean2": 10.2471170425,
        "dvar": 212.326950073,
        "dvar2": 464.228942871,
        "max": 464.995178223,
        "mean": 10.3433008194,
        "median": 3.41754436493,
        "min": -1.75266945362,
        "var": 510.565551758
    },
    "melbands_skewness": {
        "dmean": 0.802369892597,
        "dmean2": 1.17678952217,
        "dvar": 0.832765817642,
        "dvar2": 1.7019777298,
        "max": 15.3666534424,
        "mean": 2.22208118439,
        "median": 1.79335463047,
        "min": -1.83695113659,
        "var": 3.63808560371
    },
    "melbands_spread": {
        "dmean": 9.15513515472,
        "dmean2": 13.8111495972,
        "dvar": 113.871040344,
        "dvar2": 237.299331665,
        "max": 247.696014404,
        "mean": 32.3418884277,
        "median": 29.3045864105,
        "min": 0.640131473541,
        "var": 405.522491455
    },
    "pitch_salience": {
        "dmean": 0.0776206627488,
        "dmean2": 0.117835924029,
        "dvar": 0.00555025180802,
        "dvar2": 0.0118308272213,
        "max": 0.962951362133,
        "mean": 0.535687923431,
        "median": 0.542030394077,
        "min": 0.0683856680989,
        "var": 0.020313417539
    },
    "silence_rate_20dB": {
        "dmean": 0,
        "dmean2": 0,
        "dvar": 0,
        "dvar2": 0,
        "max": 1,
        "mean": 1,
        "median": 1,
        "min": 1,
        "var": 0
    },
    "silence_rate_30dB": {
        "dmean": 0.0367061085999,
        "dmean2": 0.0734210833907,
        "dvar": 0.0353572182357,
        "dvar2": 0.0909714326262,
        "max": 1,
        "mean": 0.974526166916,
        "median": 1,
        "min": 0,
        "var": 0.0248270630836
    },
    "silence_rate_60dB": {
        "dmean": 0.0171456169337,
        "dmean2": 0.0342953763902,
        "dvar": 0.0168503075838,
        "dvar2": 0.0357839986682,
        "max": 1,
        "mean": 0.0612097084522,
        "median": 0,
        "min": 0,
        "var": 0.0574692897499
    },
    "spectral_centroid": {
        "dmean": 249.523132324,
        "dmean2": 381.34072876,
        "dvar": 74875.0078125,
        "dvar2": 161626.03125,
        "max": 10863.1298828,
        "mean": 1631.18188477,
        "median": 1640.32141113,
        "min": 202.112030029,
        "var": 312644.375
    },
    "spectral_complexity": {
        "dmean": 4.3093457222,
        "dmean2": 6.43666219711,
        "dvar": 21.3480911255,
        "dvar2": 41.4528579712,
        "max": 58,
        "mean": 21.2144145966,
        "median": 21,
        "min": 0,
        "var": 98.5299453735
    },
    "spectral_decrease": {
        "dmean": 3.241801938e-09,
        "dmean2": 5.07886177559e-09,
        "dvar": 3.56627936144e-17,
        "dvar2": 8.75584773545e-17,
        "max": 8.2620805722e-29,
        "mean": -7.5967214741e-09,
        "median": -5.67929214768e-09,
        "min": -6.10425843206e-08,
        "var": 5.35587766838e-17
    },
    "spectral_energy": {
        "dmean": 0.0127997342497,
        "dmean2": 0.0199864692986,
        "dvar": 0.000535528175533,
        "dvar2": 0.00131220999174,
        "max": 0.237149044871,
        "mean": 0.0311632994562,
        "median": 0.0240918118507,
        "min": 1.06630544139e-20,
        "var": 0.000826102274004
    },
    "spectral_energyband_high": {
        "dmean": 0.000436279806308,
        "dmean2": 0.00060727429809,
        "dvar": 6.75346029766e-07,
        "dvar2": 1.44684372572e-06,
        "max": 0.0150964464992,
        "mean": 0.000979366130196,
        "median": 0.000458786962554,
        "min": 7.79756263928e-21,
        "var": 1.87916373307e-06
    },
    "spectral_energyband_low": {
        "dmean": 0.00891265738755,
        "dmean2": 0.013896339573,
        "dvar": 0.000390554225305,
        "dvar2": 0.000956508156378,
        "max": 0.197021901608,
        "mean": 0.0144769912586,
        "median": 0.00540485046804,
        "min": 1.43701505736e-23,
        "var": 0.000526738411281
    },
    "spectral_energyband_middle_high": {
        "dmean": 0.00293283793144,
        "dmean2": 0.00454954057932,
        "dvar": 1.4826124243e-05,
        "dvar2": 3.59724108421e-05,
        "max": 0.0554930828512,
        "mean": 0.008738710545,
        "median": 0.00671326741576,
        "min": 1.4581258524e-21,
        "var": 5.781789514e-05
    },
    "spectral_energyband_middle_low": {
        "dmean": 0.00464233802631,
        "dmean2": 0.00786847621202,
        "dvar": 8.00948400865e-05,
        "dvar2": 0.000217235428863,
        "max": 0.0946246013045,
        "mean": 0.00791083369404,
        "median": 0.00543024763465,
        "min": 1.92182773357e-22,
        "var": 8.01806818345e-05
    },
    "spectral_entropy": {
        "dmean": 0.141270667315,
        "dmean2": 0.20132060349,
        "dvar": 0.018955104053,
        "dvar2": 0.0358947701752,
        "max": 9.80009746552,
        "mean": 7.71597385406,
        "median": 7.71013641357,
        "min": 6.06772661209,
        "var": 0.132735580206
    },
    "spectral_flux": {
        "dmean": 0.0299368351698,
        "dmean2": 0.045084092766,
        "dvar": 0.00160367263015,
        "dvar2": 0.00294246640988,
        "max": 0.443476676941,
        "mean": 0.0987607687712,
        "median": 0.0856209844351,
        "min": 6.87451415238e-11,
        "var": 0.0036685236264
    },
    "spectral_kurtosis": {
        "dmean": 1.28849279881,
        "dmean2": 2.08395910263,
        "dvar": 1.88375234604,
        "dvar2": 5.25604486465,
        "max": 23.0822105408,
        "mean": 4.8069229126,
        "median": 4.57613134384,
        "min": -1.47994661331,
        "var": 6.3243598938
    },
    "spectral_rms": {
        "dmean": 0.000968698062934,
        "dmean2": 0.00144940800965,
        "dvar": 1.76183186795e-06,
        "dvar2": 3.89889601138e-06,
        "max": 0.0152106843889,
        "mean": 0.005019208882,
        "median": 0.00484811374918,
        "min": 3.22536507051e-12,
        "var": 5.21069659953e-06
    },
    "spectral_rolloff": {
        "dmean": 570.979370117,
        "dmean2": 915.505187988,
        "dvar": 1218412.125,
        "dvar2": 2346799,
        "max": 18820.0195312,
        "mean": 1989.5057373,
        "median": 1830.32226562,
        "min": 86.1328125,
        "var": 3120250.5
    },
    "spectral_skewness": {
        "dmean": 0.175091549754,
        "dmean2": 0.279202669859,
        "dvar": 0.0281140636653,
        "dvar2": 0.0691714286804,
        "max": 3.28494715691,
        "mean": 1.70588839054,
        "median": 1.72204422951,
        "min": 0.021897405386,
        "var": 0.125543117523
    },
    "spectral_spread": {
        "dmean": 611862.0625,
        "dmean2": 832353.625,
        "dvar": 682756145152,
        "dvar2": 1.10649855181e+12,
        "max": 41558392,
        "mean": 4811282.5,
        "median": 4498649.5,
        "min": 1569891.125,
        "var": 3.49855206605e+12
    },
    "spectral_strongpeak": {
        "dmean": 0.806403279305,
        "dmean2": 1.35782253742,
        "dvar": 1.96095371246,
        "dvar2": 4.60861158371,
        "max": 14.1929044724,
        "mean": 1.29908251762,
        "median": 0.476516634226,
        "min": 0,
        "var": 4.05836486816
    },
    "zerocrossingrate": {
        "dmean": 0.0125550543889,
        "dmean2": 0.0138217024505,
        "dvar": 0.000266091257799,
        "dvar2": 0.000271393364528,
        "max": 0.5478515625,
        "mean": 0.0770530551672,
        "median": 0.06884765625,
        "min": 0.00439453125,
        "var": 0.00193520472385
    },
    "barkbands": {
        "dmean": [0.000132891145768, 0.00612351298332, 0.00376001722179, 0.00157435867004, 0.00141627877019, 0.000918609730434, 0.000778270361479, 0.00050745846238, 0.000789174693637, 0.000704046397004, 0.000556331651751, 0.00043909001397, 0.000448570062872, 0.000601879553869, 0.000845400674734, 0.000848420313559, 0.000470050115837, 0.000258709333139, 0.000177372596227, 0.00011131750216, 8.51052463986e-05, 7.02739853295e-05, 7.26401412976e-05, 7.98670298536e-05, 9.34355848585e-05, 7.7529977716e-05, 1.09707787033e-06],
        "dmean2": [0.000226805859711, 0.00930456444621, 0.0063176411204, 0.0027872659266, 0.00249675381929, 0.00154257181566, 0.00129187875427, 0.000834258389659, 0.00129185605329, 0.00112456246279, 0.000907117675524, 0.000694442656823, 0.000721850898117, 0.000964936451055, 0.00132132356521, 0.00129017501604, 0.00072075688513, 0.000422647775849, 0.000287864619168, 0.000182488525752, 0.000137154842378, 0.000113667752885, 0.00010889609257, 0.000115669994557, 0.000129823034513, 0.000109819302452, 1.94822382582e-06],
        "dvar": [5.32211785753e-08, 0.000155333022121, 0.000114680915431, 1.72385734913e-05, 1.10511964522e-05, 4.19000889451e-06, 3.69662279809e-06, 2.5087585982e-06, 2.40728832068e-06, 2.22911558012e-06, 1.43477132042e-06, 7.68252903072e-07, 1.04424645997e-06, 1.62763831213e-06, 2.8334925446e-06, 3.25697033077e-06, 1.09430754947e-06, 2.09990332678e-07, 1.04944142265e-07, 6.01901390951e-08, 3.03822957903e-08, 2.75796860905e-08, 2.14455599945e-08, 2.71248588035e-08, 5.10133624232e-08, 3.06456406918e-08, 7.66501237481e-11],
        "dvar2": [1.47107527937e-07, 0.000378729891963, 0.000308855174808, 4.89912672492e-05, 3.15373981721e-05, 1.10580422188e-05, 9.63265665632e-06, 6.33113768345e-06, 5.99059012529e-06, 5.43058331459e-06, 3.71734790861e-06, 1.77119704858e-06, 2.48673632086e-06, 3.76426055482e-06, 6.3979382503e-06, 7.54752454668e-06, 2.49283061748e-06, 5.50683012079e-07, 2.69908071004e-07, 1.63976977774e-07, 7.91944572143e-08, 7.24485502701e-08, 4.76430628282e-08, 5.84514161517e-08, 9.18455995702e-08, 6.03241758768e-08, 2.09883957436e-10],
        "max": [0.00362736778334, 0.159194082022, 0.130149841309, 0.0551274567842, 0.0352506749332, 0.0504779219627, 0.0311838760972, 0.038530305028, 0.0355274230242, 0.0367630943656, 0.0261354446411, 0.0185082480311, 0.0198203157634, 0.0261574834585, 0.0250174570829, 0.0431682355702, 0.0254071094096, 0.0125401401892, 0.00617389706895, 0.00501151196659, 0.00232504075393, 0.00274472730234, 0.00305795785971, 0.00416128803045, 0.00664116675034, 0.00360145140439, 0.000264749862254],
        "mean": [0.000212003898923, 0.00978699233383, 0.00366630149074, 0.00165576115251, 0.00175850675441, 0.0012234908063, 0.00105653633364, 0.00070878880797, 0.00122664775699, 0.00114297540858, 0.000861040723976, 0.000695656170137, 0.000650555593893, 0.000938040029723, 0.00137155968696, 0.00145272363443, 0.000918829289731, 0.000466978206532, 0.00029458408244, 0.000183970158105, 0.000143517521792, 0.000116415321827, 0.000150033010868, 0.000170885556145, 0.000190043385373, 0.000119614807772, 8.09771904642e-07],
        "median": [6.07229449088e-05, 0.00248444685712, 0.00108468555845, 0.000673018745147, 0.000969229266047, 0.000390984147089, 0.00022150130826, 0.000159916526172, 0.000428675673902, 0.000339193007676, 0.00026456854539, 0.000258728017798, 0.000262938963715, 0.000337746198056, 0.000479731941596, 0.000463466916699, 0.000317054102197, 0.000264306698227, 0.00018353528867, 9.93867724901e-05, 6.55768890283e-05, 4.57411661046e-05, 7.71586637711e-05, 7.58237438276e-05, 6.53209426673e-05, 1.96060373128e-05, 6.75738021094e-10],
        "min": [7.66890892352e-24, 3.75097522862e-24, 1.80260850237e-24, 1.13898766722e-23, 2.98284842789e-23, 1.9665515084e-23, 7.07258293286e-24, 2.90230509837e-23, 6.21793733903e-23, 3.25064651037e-23, 7.69312679554e-23, 1.68027600004e-22, 1.21140812754e-22, 6.3050534576e-23, 1.54205532632e-22, 5.71177515216e-23, 1.49013830756e-22, 1.78277149839e-22, 2.34579919693e-22, 2.70243324098e-22, 4.55283460518e-22, 4.18800297104e-22, 5.9268732872e-22, 7.90008678905e-22, 1.15556697385e-21, 1.63759001702e-21, 2.60218096012e-21],
        "var": [1.4163981632e-07, 0.000255778431892, 8.65831243573e-05, 1.16761384561e-05, 8.26057294034e-06, 6.64615527057e-06, 5.17749367646e-06, 4.73901855003e-06, 4.90674938192e-06, 4.94631149195e-06, 2.935946668e-06, 1.81410155164e-06, 1.68797066635e-06, 3.26635085912e-06, 6.12239955444e-06, 7.95945288701e-06, 4.2059059524e-06, 3.96536904645e-07, 1.39633655749e-07, 6.82089620341e-08, 4.34678533168e-08, 3.90992127564e-08, 5.62803954551e-08, 8.30961468523e-08, 1.39698144608e-07, 6.667094965e-08, 6.25072354987e-11]
    },
    "erbbands": {
        "dmean": [0.132005110383, 1.60845994949, 4.35171461105, 4.59641504288, 5.21767616272, 4.50129842758, 5.54111862183, 8.55724430084, 9.82046318054, 12.8729467392, 9.87105751038, 16.631526947, 21.159948349, 20.8870983124, 20.959815979, 15.0884599686, 18.7514953613, 25.8166027069, 36.8767738342, 43.1137504578, 39.3933143616, 25.2724533081, 13.8140640259, 10.771686554, 7.03810739517, 5.1771402359, 3.86981320381, 3.19840621948, 2.56579828262, 2.12489318848, 2.23753118515, 1.66324186325, 1.42772126198, 1.01673460007, 0.742260336876, 0.386913120747, 0.145021781325, 0.0141333257779, 0.000285508838715, 2.40357494476e-05],
        "dmean2": [0.199576690793, 2.46809649467, 7.19901609421, 8.00201129913, 9.21316337585, 7.9150519371, 9.77895736694, 14.3183488846, 16.3180103302, 20.9875659943, 16.0778903961, 27.162481308, 33.9744758606, 33.3608589172, 33.8196487427, 23.6472244263, 30.1583690643, 41.0907325745, 57.748298645, 67.0914382935, 59.8775672913, 38.1561546326, 22.069524765, 17.2515506744, 11.4493932724, 8.399102211, 6.2113161087, 5.24935007095, 4.17801856995, 3.323782444, 3.36475753784, 2.44727826118, 2.06659770012, 1.4449659586, 1.03076243401, 0.536196112633, 0.213781163096, 0.0225142613053, 0.000440354138846, 3.53667419404e-05],
        "dvar": [0.053805693984, 11.638715744, 143.284805298, 153.768829346, 175.855926514, 107.553901672, 188.074386597, 395.689697266, 624.545471191, 1147.57971191, 796.105529785, 1153.71618652, 2060.8815918, 1968.28100586, 1845.10339355, 916.354858398, 1931.62084961, 2851.5246582, 6609.25976562, 7753.40283203, 7657.27001953, 3354.95800781, 569.42364502, 363.364379883, 176.027435303, 142.24798584, 57.91381073, 51.2398986816, 37.745426178, 24.6504096985, 18.9394435883, 11.3019666672, 9.4261674881, 5.23162698746, 3.8410615921, 0.593735814095, 0.139665007591, 0.00270659895614, 1.15382033528e-06, 2.20704499121e-09],
        "dvar2": [0.140669330955, 28.6039638519, 382.175323486, 427.915802002, 505.304870605, 306.40802002, 525.780090332, 1047.9510498, 1635.25231934, 2925.54785156, 1965.78601074, 2913.99243164, 5420.77685547, 4776.05908203, 4759.77197266, 2120.01367188, 4682.0546875, 6446.36767578, 15446.1269531, 17865.8847656, 18056.8886719, 7567.07421875, 1441.07165527, 915.124755859, 462.377197266, 388.853179932, 149.531112671, 136.894714355, 100.19442749, 60.8207244873, 42.3762321472, 25.0484447479, 20.2343215942, 10.122428894, 7.05785369873, 1.10165035725, 0.291375935078, 0.00593115808442, 2.5647707389e-06, 4.83636108939e-09],
        "max": [3.56456017494, 38.5824012756, 135.09753418, 154.683303833, 172.595016479, 132.604446411, 176.346817017, 479.243225098, 434.923828125, 641.031311035, 704.385742188, 689.017333984, 1236.10876465, 1035.00097656, 910.661315918, 673.742370605, 1021.80401611, 1240.05236816, 1598.17285156, 1428.06469727, 2765.47216797, 1671.63195801, 636.426269531, 457.187194824, 206.611862183, 246.227127075, 110.037162781, 95.2070999146, 110.829559326, 98.1722564697, 104.372535706, 83.8404769897, 88.4641799927, 68.7775039673, 56.1898803711, 18.072221756, 8.81975078583, 1.30014109612, 0.0313983410597, 0.000792284612544],
        "mean": [0.22963117063, 2.34915184975, 4.73575019836, 4.84263515472, 6.12034893036, 5.45814323425, 6.50398731232, 11.6298837662, 13.1882572174, 18.620382309, 14.681687355, 25.8674907684, 34.8112411499, 37.5328216553, 36.0214118958, 25.4231853485, 29.6536464691, 44.1774101257, 60.3918685913, 80.9441604614, 74.3239974976, 54.8466491699, 28.0734996796, 19.3866786957, 12.3247814178, 8.77526283264, 6.62724685669, 5.07894420624, 4.14903974533, 3.91673994064, 4.51206064224, 3.53999638557, 2.89807033539, 2.03253483772, 1.41803622246, 0.683461844921, 0.198627710342, 0.0150200016797, 0.000341385952197, 5.47829331481e-05],
        "median": [0.085906997323, 0.454301118851, 1.38463926315, 2.21925878525, 3.0235915184, 2.87993741035, 2.97538948059, 3.44851303101, 3.44952130318, 4.26392698288, 4.8741440773, 9.05399131775, 13.2777853012, 14.0754756927, 13.8626117706, 11.0048103333, 13.1619272232, 18.1155033112, 25.4571495056, 29.866437912, 27.7137031555, 19.8383235931, 15.7841501236, 12.1319913864, 7.93787288666, 4.82266139984, 3.21655440331, 2.08899497986, 1.58218216896, 1.73673582077, 2.33016180992, 1.70029485226, 1.21900248528, 0.768453776836, 0.444402188063, 0.175312697887, 0.0154429916292, 0.000385338353226, 3.90564382542e-05, 3.74602277589e-05],
        "min": [2.39846885211e-22, 4.7798715505e-22, 1.72627565325e-21, 1.78307408271e-20, 7.58994369826e-20, 7.82539484351e-20, 9.410429286e-20, 2.22159955468e-19, 8.75896639248e-20, 4.19607218052e-19, 7.10126335769e-19, 1.20100079876e-18, 1.16110484384e-18, 1.77393700689e-18, 4.79539638077e-18, 6.56634044141e-18, 5.41133036772e-18, 3.47192849379e-18, 6.43734824233e-18, 8.11611005473e-18, 2.92047364918e-18, 7.63566866571e-18, 9.88791934629e-18, 1.11836373917e-17, 1.08930918559e-17, 1.28851934066e-17, 1.6506121117e-17, 1.62036707978e-17, 1.36968056529e-17, 2.00880067296e-17, 1.63898774255e-17, 1.52355882397e-17, 1.39610104492e-17, 1.37390282601e-17, 7.75010165883e-18, 6.30783946895e-18, 3.26332615781e-18, 1.20329643176e-18, 3.78585082578e-19, 3.62439654395e-20],
        "var": [0.0968291312456, 17.6576881409, 120.501480103, 105.960372925, 126.006599426, 81.1568908691, 162.522796631, 654.662597656, 839.667724609, 1818.34631348, 1417.11315918, 2286.92456055, 4233.24414062, 4669.73193359, 4078.02294922, 2145.40917969, 3078.05004883, 6841.62207031, 11792.7158203, 21230.0507812, 20152.9882812, 14988.0810547, 1339.95117188, 575.939575195, 226.37437439, 153.98878479, 87.8182907104, 63.9926719666, 50.2793960571, 45.5607910156, 48.9706840515, 32.8581161499, 26.8230113983, 13.9880971909, 9.54208469391, 1.60575437546, 0.255165189505, 0.00390531192534, 1.61396189924e-06, 4.02189881399e-09]
    },
    "gfcc": {
        "mean": [11.76308918, 74.1857528687, -130.268081665, 31.5417671204, -48.872127533, 31.618478775, -47.3461608887, 22.823097229, -23.4306926727, 2.90064167976, -18.5955600739, 0.0212747491896, -5.9343419075],
        "cov": [[5386.6328125, -438.419067383, 1094.04431152, 455.499816895, 270.977813721, 114.781272888, -62.661529541, 172.280303955, -98.4401473999, 300.184631348, -144.568023682, 196.118179321, -262.50579834], [-438.419067383, 1143.91296387, 30.8720607758, 191.679946899, 187.182022095, -58.8818817139, -11.5707654953, -110.726516724, 37.3337287903, -158.099502563, 136.915283203, -129.019592285, 117.764328003], [1094.04431152, 30.8720607758, 1224.09985352, 477.96862793, 283.812164307, 125.629402161, -60.8010368347, 14.1694307327, -94.130065918, 101.878089905, -71.6639709473, 110.129920959, -94.87134552], [455.499816895, 191.679946899, 477.96862793, 494.969573975, 238.852539062, 69.7561416626, -42.1075668335, 6.10759067535, 12.0021362305, 10.384221077, 15.5964565277, 27.6297359467, 7.55009078979], [270.977813721, 187.182022095, 283.812164307, 238.852539062, 361.505950928, 135.189376831, 59.5513076782, 30.9562339783, 25.4014339447, 25.5356025696, -3.83395171165, 18.8642845154, 0.734014332294], [114.781272888, -58.8818817139, 125.629402161, 69.7561416626, 135.189376831, 306.119567871, 171.373657227, 54.9211044312, 27.9082450867, 50.9289207458, -9.68977069855, 10.110871315, 2.07144236565], [-62.661529541, -11.5707654953, -60.8010368347, -42.1075668335, 59.5513076782, 171.373657227, 267.669250488, 63.7029762268, 33.0022010803, 35.0969352722, 1.52341067791, 0.709521353245, -1.62635993958], [172.280303955, -110.726516724, 14.1694307327, 6.10759067535, 30.9562339783, 54.9211044312, 63.7029762268, 167.856246948, 90.3399963379, 52.3489112854, 20.2479095459, 43.2753410339, -0.473094880581], [-98.4401473999, 37.3337287903, -94.130065918, 12.0021362305, 25.4014339447, 27.9082450867, 33.0022010803, 90.3399963379, 160.148788452, 34.9945297241, 47.2649269104, 14.5393228531, 28.0966053009], [300.184631348, -158.099502563, 101.878089905, 10.384221077, 25.5356025696, 50.9289207458, 35.0969352722, 52.3489112854, 34.9945297241, 139.872573853, 20.6277160645, 50.6825790405, -33.2871017456], [-144.568023682, 136.915283203, -71.6639709473, 15.5964565277, -3.83395171165, -9.68977069855, 1.52341067791, 20.2479095459, 47.2649269104, 20.6277160645, 133.573425293, 16.7739849091, 43.5858840942], [196.118179321, -129.019592285, 110.129920959, 27.6297359467, 18.8642845154, 10.110871315, 0.709521353245, 43.2753410339, 14.5393228531, 50.6825790405, 16.7739849091, 112.936592102, 4.9183807373], [-262.50579834, 117.764328003, -94.87134552, 7.55009078979, 0.734014332294, 2.07144236565, -1.62635993958, -0.473094880581, 28.0966053009, -33.2871017456, 43.5858840942, 4.9183807373, 99.7166824341]],
        "icov": [[0.00028998736525, -0.000106801977381, -1.18780553748e-05, -0.000203548872378, 3.46282540704e-05, -4.79005284433e-05, 0.000174430679181, -0.000418395095039, 0.000370971509255, -0.00051211490063, 0.000323598680552, -0.000293934543151, 0.000492814171594], [-0.000106801977381, 0.00254260748625, -0.000853050674777, 0.000279648171272, -0.00145935441833, 0.00132864364423, -0.0011543459259, 0.00180537963752, -0.00157224212307, 0.00249611050822, -0.00306698936038, 0.00290436460637, -0.00167027919088], [-1.18780553748e-05, -0.000853050674777, 0.00239393953234, -0.00175421976019, 0.000124818121549, -0.00100301823113, 0.00104506104253, -0.000940846395679, 0.0019656396471, -0.00163463072386, 0.00170540087856, -0.00228251959197, 0.00168675137684], [-0.000203548872378, 0.000279648171272, -0.00175421976019, 0.00483739050105, -0.00203766627237, -1.90894097614e-05, 0.000587702728808, 0.000812811544165, -0.00157689710613, 0.00156016927212, -0.00160405144561, 0.0010228517931, -0.00125671550632], [3.46282540704e-05, -0.00145935441833, 0.000124818121549, -0.00203766627237, 0.00572444638237, -0.00192208960652, -3.90445165976e-05, -0.000900771352462, 0.000202456343686, -0.00125457637478, 0.00206797313876, -0.0015933472896, 0.000779397843871], [-4.79005284433e-05, 0.00132864364423, -0.00100301823113, -1.90894097614e-05, -0.00192208960652, 0.00717715872452, -0.00438899267465, 0.00066999119008, -0.000875520519912, -0.000248572177952, -0.000677190429997, 0.00246744859032, -0.00251338980161], [0.000174430679181, -0.0011543459259, 0.00104506104253, 0.000587702728808, -3.90445165976e-05, -0.00438899267465, 0.00752144213766, -0.0025937629398, 0.00143549079075, -0.00152350834105, 0.0012093730038, -0.00118843175005, 0.00159103388432], [-0.000418395095039, 0.00180537963752, -0.000940846395679, 0.000812811544165, -0.000900771352462, 0.00066999119008, -0.0025937629398, 0.0123577686027, -0.00729084806517, 0.00173634511884, -0.00214584125206, -0.000617543933913, -0.000578876002692], [0.000370971509255, -0.00157224212307, 0.0019656396471, -0.00157689710613, 0.000202456343686, -0.000875520519912, 0.00143549079075, -0.00729084806517, 0.0129906618968, -0.00437523564324, 0.00065139302751, -0.000924604653846, -0.000531518424395], [-0.00051211490063, 0.00249611050822, -0.00163463072386, 0.00156016927212, -0.00125457637478, -0.000248572177952, -0.00152350834105, 0.00173634511884, -0.00437523564324, 0.0153057929128, -0.00618101516739, -0.000994173926301, 0.003121283371], [0.000323598680552, -0.00306698936038, 0.00170540087856, -0.00160405144561, 0.00206797313876, -0.000677190429997, 0.0012093730038, -0.00214584125206, 0.00065139302751, -0.00618101516739, 0.0143283996731, -0.00415404513478, -0.00207854248583], [-0.000293934543151, 0.00290436460637, -0.00228251959197, 0.0010228517931, -0.0015933472896, 0.00246744859032, -0.00118843175005, -0.000617543933913, -0.000924604653846, -0.000994173926301, -0.00415404513478, 0.0163729041815, -0.00557790696621], [0.000492814171594, -0.00167027919088, 0.00168675137684, -0.00125671550632, 0.000779397843871, -0.00251338980161, 0.00159103388432, -0.000578876002692, -0.000531518424395, 0.003121283371, -0.00207854248583, -0.00557790696621, 0.0174433030188]]
    },
    "melbands": {
        "dmean": [0.00145868991967, 0.0021461865399, 0.000830409408081, 0.000334141892381, 0.000193784813746, 0.000183862401173, 0.000154373221449, 0.000136583694257, 8.20702043711e-05, 0.000112686415378, 0.000109388936835, 8.82621607161e-05, 7.7466647781e-05, 5.33948223165e-05, 4.09817439504e-05, 4.56861926068e-05, 4.991809692e-05, 6.14961682004e-05, 6.39059508103e-05, 6.10738570685e-05, 4.66795099783e-05, 3.05959219986e-05, 1.99730202439e-05, 1.1714608263e-05, 9.28149620449e-06, 6.63399987388e-06, 4.34572575614e-06, 3.46261504092e-06, 2.83321651295e-06, 1.96476344172e-06, 1.96241012418e-06, 1.53059238528e-06, 1.42958788274e-06, 1.1865029137e-06, 1.38899042668e-06, 1.2795164821e-06, 1.02572710148e-06, 1.07779158043e-06, 9.51214019551e-07, 9.021998153e-07],
        "dmean2": [0.00218582712114, 0.00346738751978, 0.00144077406731, 0.00058743392583, 0.000341978186043, 0.000307301816065, 0.000256367406109, 0.000222234419198, 0.000134607573273, 0.00018432570505, 0.000175433116965, 0.000141172538861, 0.00012560756295, 8.43566886033e-05, 6.54832037981e-05, 7.33522247174e-05, 7.96983513283e-05, 9.74381473497e-05, 9.94290967355e-05, 9.35162679525e-05, 7.13126573828e-05, 4.58263166365e-05, 3.15124198096e-05, 1.89430902537e-05, 1.49641100506e-05, 1.08597769213e-05, 7.12851988283e-06, 5.6861745179e-06, 4.6038662731e-06, 3.19652281178e-06, 3.27171278514e-06, 2.51847586696e-06, 2.32613547269e-06, 1.86788747669e-06, 2.13252292269e-06, 1.93654318537e-06, 1.55435202487e-06, 1.6083065475e-06, 1.40006909533e-06, 1.30555463329e-06],
        "dvar": [7.65907861933e-06, 2.9326263757e-05, 4.58703698314e-06, 6.24275799055e-07, 2.23718359393e-07, 1.76074507863e-07, 1.48004431821e-07, 1.33891205678e-07, 4.6718472646e-08, 5.16645748405e-08, 5.39992619508e-08, 3.60829801593e-08, 2.82518612948e-08, 1.22317906914e-08, 1.13234248644e-08, 1.0328747635e-08, 1.11788427404e-08, 2.07260004714e-08, 1.75420566961e-08, 1.95290734695e-08, 1.15066791651e-08, 5.97893512477e-09, 1.66316616035e-09, 3.5731440029e-10, 3.02649710848e-10, 1.4234870227e-10, 9.32610863535e-11, 6.54456489002e-11, 3.05242185694e-11, 1.62707642498e-11, 2.05013835769e-11, 1.34948476005e-11, 1.18917540745e-11, 7.66455995893e-12, 8.38354125704e-12, 5.9746270431e-12, 4.4383758821e-12, 5.40579647018e-12, 4.39456891016e-12, 4.34296956037e-12],
        "dvar2": [1.89003349078e-05, 7.59252652642e-05, 1.27456596601e-05, 1.77913307198e-06, 6.31038744814e-07, 4.64587003535e-07, 3.86711803912e-07, 3.40932729159e-07, 1.14300952703e-07, 1.30187657987e-07, 1.41362832551e-07, 8.68412541877e-08, 7.40217771522e-08, 2.83222121311e-08, 2.63836703596e-08, 2.48820608562e-08, 2.55512251357e-08, 4.89242317769e-08, 4.03641564617e-08, 4.51127313283e-08, 2.67341029314e-08, 1.31375550438e-08, 3.90517085336e-09, 8.89960050099e-10, 7.65426388938e-10, 3.66745356306e-10, 2.55731352761e-10, 1.785949999e-10, 7.87117732104e-11, 4.31045581173e-11, 5.56142458474e-11, 3.61820989836e-11, 3.18081359862e-11, 1.8497202034e-11, 1.99889983038e-11, 1.33881265449e-11, 1.01821910278e-11, 1.22399859345e-11, 9.53139216858e-12, 8.78045986613e-12],
        "max": [0.0396195985377, 0.0562462545931, 0.0236939154565, 0.00946762878448, 0.00628677289933, 0.0102527681738, 0.00651574833319, 0.00693873781711, 0.00594100309536, 0.00397387612611, 0.00624776538461, 0.00463863788173, 0.0040394118987, 0.00279396912083, 0.00321778934449, 0.00199603266083, 0.002479335526, 0.0032991906628, 0.00252783251926, 0.00357250124216, 0.00293403514661, 0.0023216966074, 0.00137420080137, 0.000444634060841, 0.000448713370133, 0.000169785795151, 0.000213119696127, 0.000154791487148, 9.29435045691e-05, 5.81085878366e-05, 5.83800538152e-05, 6.03945591138e-05, 6.55902331346e-05, 5.96335958107e-05, 7.78351532063e-05, 6.22540974291e-05, 5.08861521666e-05, 6.70053559588e-05, 5.32461926923e-05, 6.13746742602e-05],
        "mean": [0.00244821351953, 0.00280896713957, 0.000918859732337, 0.000412742811022, 0.000232857622905, 0.000250810146099, 0.00020973609935, 0.000200037262402, 0.000117986659461, 0.000174211163539, 0.000176086745341, 0.000153754866915, 0.000125955179101, 8.54032114148e-05, 5.9013855207e-05, 7.11128304829e-05, 8.03649309091e-05, 9.15663258638e-05, 0.00010532556189, 0.000106106570456, 7.95080413809e-05, 5.94877055846e-05, 3.42458988598e-05, 2.08395158552e-05, 1.50878904606e-05, 1.05648614408e-05, 6.93546962793e-06, 5.42345014765e-06, 4.5109977691e-06, 3.14948965752e-06, 2.83155463876e-06, 2.3193688321e-06, 2.24426867135e-06, 2.13015596273e-06, 2.58632849182e-06, 2.51098890658e-06, 2.01464649763e-06, 2.05923333851e-06, 1.81875861927e-06, 1.68688620761e-06],
        "median": [0.000744853983633, 0.000786420772783, 0.00043983120122, 0.00021700259822, 0.000112501300464, 7.60715047363e-05, 5.35167382623e-05, 4.57139030914e-05, 3.60596568498e-05, 5.86135683989e-05, 6.34861353319e-05, 5.18255510542e-05, 4.27921622759e-05, 3.10681862175e-05, 2.25174790103e-05, 2.86539598164e-05, 2.91715714411e-05, 3.24328539136e-05, 3.62496793969e-05, 3.12884440063e-05, 2.515284541e-05, 1.80751703738e-05, 1.55712441483e-05, 1.17099971249e-05, 8.59326337377e-06, 6.35557626083e-06, 3.89303977499e-06, 2.75269394479e-06, 2.05489072869e-06, 1.49717982367e-06, 1.01565547084e-06, 7.91903914887e-07, 9.43774523421e-07, 9.18933039884e-07, 1.28643432618e-06, 1.30250714392e-06, 9.04736396024e-07, 8.42521046707e-07, 7.15235785265e-07, 6.12452026871e-07],
        "min": [2.27526950209e-24, 7.57172609177e-25, 3.78139843829e-24, 6.54177302366e-24, 3.59938337834e-24, 4.39357619442e-24, 1.43455795286e-24, 5.67194264627e-24, 5.25321724993e-24, 8.43565016896e-24, 5.28770112111e-24, 6.17797561772e-24, 1.44944734745e-23, 1.63149325187e-23, 1.56753351408e-23, 1.16089157354e-23, 6.01479934505e-24, 8.52056788997e-24, 1.44371832402e-23, 6.38429390444e-24, 2.74070709971e-24, 6.30439491652e-24, 1.01055771974e-23, 7.9489237793e-24, 8.60207773186e-24, 7.99238685974e-24, 7.41564197446e-24, 8.49863913452e-24, 8.73673155521e-24, 1.24005920852e-23, 8.80954341677e-24, 7.02474956301e-24, 1.02151002789e-23, 1.11039524593e-23, 9.933163758e-24, 8.32912554776e-24, 9.18375457551e-24, 9.07225539745e-24, 1.11091415864e-23, 1.12632928959e-23],
        "var": [1.36376365845e-05, 3.07525260723e-05, 3.25272799273e-06, 4.68295127121e-07, 1.85832192301e-07, 2.94557935376e-07, 2.03698746759e-07, 2.29757205261e-07, 7.99023069931e-08, 1.03441820443e-07, 1.10954779586e-07, 8.57076116745e-08, 5.94136118082e-08, 2.90493211708e-08, 1.80834511809e-08, 1.90427353886e-08, 2.55819347927e-08, 3.39411450057e-08, 3.78626268116e-08, 4.58097915157e-08, 2.91687545229e-08, 2.49612828185e-08, 3.42780603901e-09, 7.37033045706e-10, 4.34883712375e-10, 1.88814561208e-10, 1.0290583663e-10, 6.82624026749e-11, 4.62987322092e-11, 2.14545707589e-11, 2.33782247033e-11, 1.71443640534e-11, 1.55783805994e-11, 1.46904901438e-11, 1.78075089396e-11, 1.5623613514e-11, 1.1582357469e-11, 1.44307552019e-11, 1.05307576895e-11, 1.05750573229e-11]
    },
    "mfcc": {
        "mean": [-626.738464355, 104.293106079, -13.5135259628, 8.17049694061, 19.7288761139, 4.48638439178, 1.86009216309, 9.71360015869, 5.45435237885, 6.09716844559, -2.9863319397, -1.5975215435, -1.02910256386],
        "cov": [[4051.82666016, -323.473602295, 580.022644043, 359.746582031, 239.127700806, 95.8787918091, 93.7255783081, -1.75825870037, 27.8639602661, 94.1344146729, 45.1894454956, 97.7258911133, 124.93132019], [-323.473602295, 809.659606934, 8.72605514526, 141.198501587, 127.415283203, 25.4632434845, 42.9266700745, -0.575282454491, -55.4703903198, 5.30110931396, -51.3000450134, -28.0963497162, -21.3416614532], [580.022644043, 8.72605514526, 804.656860352, 339.766906738, 291.561401367, 146.649612427, 74.332611084, 0.622681081295, -6.6302075386, -24.4369773865, -7.00323152542, 27.7127437592, 26.0226364136], [359.746582031, 141.198501587, 339.766906738, 455.615112305, 293.508575439, 77.3591079712, 27.8290023804, -0.608748972416, -10.9653186798, -27.4705200195, -31.694519043, 35.5453605652, 33.0281944275], [239.127700806, 127.415283203, 291.561401367, 293.508575439, 396.804626465, 99.5041275024, 34.4118881226, 26.8494911194, 18.1152076721, 4.31873559952, -25.1086292267, 28.5107593536, 48.5267601013], [95.8787918091, 25.4632434845, 146.649612427, 77.3591079712, 99.5041275024, 287.036132812, 148.136642456, 66.094543457, 56.1231994629, 49.8242340088, 28.9693870544, -10.558054924, -0.678960382938], [93.7255783081, 42.9266700745, 74.332611084, 27.8290023804, 34.4118881226, 148.136642456, 196.396835327, 70.2272491455, 35.3316802979, 52.1236305237, 27.7705821991, -3.94509553909, -0.321202665567], [-1.75825870037, -0.575282454491, 0.622681081295, -0.608748972416, 26.8494911194, 66.094543457, 70.2272491455, 144.762313843, 80.2588653564, 42.7504806519, 34.3482704163, 23.083820343, 13.0292434692], [27.8639602661, -55.4703903198, -6.6302075386, -10.9653186798, 18.1152076721, 56.1231994629, 35.3316802979, 80.2588653564, 129.076477051, 53.2687721252, 36.7364807129, 19.1128025055, 11.8323450089], [94.1344146729, 5.30110931396, -24.4369773865, -27.4705200195, 4.31873559952, 49.8242340088, 52.1236305237, 42.7504806519, 53.2687721252, 115.425384521, 47.5494651794, 12.9380569458, 16.8037452698], [45.1894454956, -51.3000450134, -7.00323152542, -31.694519043, -25.1086292267, 28.9693870544, 27.7705821991, 34.3482704163, 36.7364807129, 47.5494651794, 102.444740295, 49.9030265808, 16.7688236237], [97.7258911133, -28.0963497162, 27.7127437592, 35.5453605652, 28.5107593536, -10.558054924, -3.94509553909, 23.083820343, 19.1128025055, 12.9380569458, 49.9030265808, 108.05317688, 50.5735702515], [124.93132019, -21.3416614532, 26.0226364136, 33.0281944275, 48.5267601013, -0.678960382938, -0.321202665567, 13.0292434692, 11.8323450089, 16.8037452698, 16.7688236237, 50.5735702515, 91.1644821167]],
