{
"lowlevel": {
    "average_loudness": 0.831774055958,
    "barkbands_crest": {
        "dmean": 3.14280343056,
        "dmean2": 5.2199883461,
        "dvar": 7.82685470581,
        "dvar2": 20.3894710541,
        "max": 25.8110961914,
        "mean": 12.073638916,
        "median": 11.2914772034,
        "min": 2.62332487106,
        "var": 21.0574359894
    },
    "barkbands_flatness_db": {
        "dmean": 0.024050174281,
        "dmean2": 0.0383780673146,
        "dvar": 0.000555454636924,
        "dvar2": 0.0013817360159,
        "max": 0.463432759047,
        "mean": 0.160679385066,
        "median": 0.148211374879,
        "min": 0.035808686167,
        "var": 0.00340036000125
    },
    "barkbands_kurtosis": {
        "dmean": 4.62120771408,
        "dmean2": 7.52244853973,
        "dvar": 131.457458496,
        "dvar2": 349.453857422,
        "max": 249.960800171,
        "mean": 6.84627199173,
        "median": 1.78195619583,
        "min": -1.96803236008,
        "var": 276.752105713
    },
    "barkbands_skewness": {
        "dmean": 0.660843253136,
        "dmean2": 1.02530002594,
        "dvar": 0.643323361874,
        "dvar2": 1.54784452915,
        "max": 12.0545425415,
        "mean": 1.6777023077,
        "median": 1.28236496449,
        "min": -2.2298605442,
        "var": 2.47350144386
    },
    "barkbands_spread": {
        "dmean": 6.30597448349,
        "dmean2": 9.6666059494,
        "dvar": 71.5397491455,
        "dvar2": 144.116378784,
        "max": 120.794036865,
        "mean": 23.3942222595,
        "median": 19.8523044586,
        "min": 0.329517900944,
        "var": 283.059356689
    },
    "dissonance": {
        "dmean": 0.0232993829995,
        "dmean2": 0.0394711308181,
        "dvar": 0.000537605199497,
        "dvar2": 0.00146915821824,
        "max": 0.499981403351,
        "mean": 0.4591768682,
        "median": 0.468620479107,
        "min": 0.239080861211,
        "var": 0.00113402318675
    },
    "dynamic_complexity": 3.41951704025,
    "erbbands_crest": {
        "dmean": 3.53528642654,
        "dmean2": 5.66967582703,
        "dvar": 10.2906646729,
        "dvar2": 24.5137443542,
        "max": 32.8791351318,
        "mean": 11.3150138855,
        "median": 9.92544555664,
        "min": 1.93834078312,
        "var": 34.2458763123
    },
    "erbbands_flatness_db": {
        "dmean": 0.0203215610236,
        "dmean2": 0.0300985667855,
        "dvar": 0.000370683032088,
        "dvar2": 0.00075595168164,
        "max": 0.339951962233,
        "mean": 0.156748771667,
        "median": 0.154198750854,
        "min": 0.0303303971887,
        "var": 0.00218911771663
    },
    "erbbands_kurtosis": {
        "dmean": 1.51772141457,
        "dmean2": 2.39654588699,
        "dvar": 4.69303178787,
        "dvar2": 11.0613098145,
        "max": 42.1430664062,
        "mean": 1.48584902287,
        "median": 0.489621162415,
        "min": -1.80959820747,
        "var": 10.6247625351
    },
    "erbbands_skewness": {
        "dmean": 0.461109906435,
        "dmean2": 0.706041097641,
        "dvar": 0.179431498051,
        "dvar2": 0.411364942789,
        "max": 4.96656560898,
        "mean": 0.61496591568,
        "median": 0.597257316113,
        "min": -4.07636117935,
        "var": 0.857002735138
    },
    "erbbands_spread": {
        "dmean": 9.51127147675,
        "dmean2": 14.3692111969,
        "dvar": 122.016838074,
        "dvar2": 258.182281494,
        "max": 173.911437988,
        "mean": 37.8083114624,
        "median": 32.5894203186,
        "min": 3.21504163742,
        "var": 535.172241211
    },
    "hfc": {
        "dmean": 7.12128210068,
        "dmean2": 10.8200941086,
        "dvar": 111.687240601,
        "dvar2": 258.543395996,
        "max": 146.121154785,
        "mean": 22.2678775787,
        "median": 16.4616298676,
        "min": 1.13965821364e-16,
        "var": 409.351806641
    },
    "melbands_crest": {
        "dmean": 3.34840989113,
        "dmean2": 5.53322982788,
        "dvar": 8.21301937103,
        "dvar2": 21.5642910004,
        "max": 33.0678749084,
        "mean": 15.4341077805,
        "median": 15.049536705,
        "min": 1.66898775101,
        "var": 23.8461647034
    },
    "melbands_flatness_db": {
        "dmean": 0.0283085219562,
        "dmean2": 0.0443570353091,
        "dvar": 0.0008098508697,
        "dvar2": 0.00194866675884,
        "max": 0.600433409214,
        "mean": 0.217538788915,
        "median": 0.20134884119,
        "min": 0.00518044317141,
        "var": 0.00630888389423
    },
    "melbands_kurtosis": {
        "dmean": 10.4448060989,
        "dmean2": 16.8514080048,
        "dvar": 494.761230469,
        "dvar2": 1303.62634277,
        "max": 568.355041504,
        "mean": 18.3401145935,
        "median": 6.84021472931,
        "min": -1.5397465229,
        "var": 991.464172363
    },
    "melbands_skewness": {
        "dmean": 0.938651323318,
        "dmean2": 1.45125877857,
        "dvar": 1.1735316515,
        "dvar2": 2.71274328232,
        "max": 19.2495727539,
        "mean": 2.74913597107,
        "median": 2.19357705116,
        "min": -2.25532269478,
        "var": 4.69531488419
    },
    "melbands_spread": {
        "dmean": 6.46342039108,
        "dmean2": 10.0444164276,
        "dvar": 70.2269515991,
        "dvar2": 158.410797119,
        "max": 183.960449219,
        "mean": 21.7715892792,
        "median": 20.0041599274,
        "min": 0.412399619818,
        "var": 221.980316162
    },
    "pitch_salience": {
        "dmean": 0.0757203474641,
        "dmean2": 0.126819625497,
        "dvar": 0.00521118845791,
        "dvar2": 0.0141817489639,
        "max": 0.945101082325,
        "mean": 0.470752120018,
        "median": 0.464461565018,
        "min": 0.092286631465,
        "var": 0.0135808624327
    },
    "silence_rate_20dB": {
        "dmean": 0,
        "dmean2": 0,
        "dvar": 0,
        "dvar2": 0,
        "max": 1,
        "mean": 1,
        "median": 1,
        "min": 1,
        "var": 0
    },
    "silence_rate_30dB": {
        "dmean": 0.0222007725388,
        "dmean2": 0.044406902045,
        "dvar": 0.0217074304819,
        "dvar2": 0.0513663552701,
        "max": 1,
        "mean": 0.981662452221,
        "median": 1,
        "min": 0,
        "var": 0.0180009268224
    },
    "silence_rate_60dB": {
        "dmean": 0.00892857182771,
        "dmean2": 0.0178592968732,
        "dvar": 0.00884910579771,
        "dvar2": 0.0233339704573,
        "max": 1,
        "mean": 0.0301604531705,
        "median": 0,
        "min": 0,
        "var": 0.0292562413961
    },
    "spectral_centroid": {
        "dmean": 247.427581787,
        "dmean2": 381.662322998,
        "dvar": 86523.265625,
        "dvar2": 183449.578125,
        "max": 11004.9980469,
        "mean": 1337.22705078,
        "median": 1265.09558105,
        "min": 121.363327026,
        "var": 434363.8125
    },
    "spectral_complexity": {
        "dmean": 3.16795372963,
        "dmean2": 5.04356241226,
        "dvar": 12.8419065475,
        "dvar2": 30.1350650787,
        "max": 51,
        "mean": 16.0992889404,
        "median": 15,
        "min": 0,
        "var": 77.2155380249
    },
    "spectral_decrease": {
        "dmean": 3.01219360566e-09,
        "dmean2": 4.89947327154e-09,
        "dvar": 3.22723457196e-17,
        "dvar2": 8.43066053734e-17,
        "max": 5.30140541904e-30,
        "mean": -7.40633954166e-09,
        "median": -6.21498186248e-09,
        "min": -7.86565266253e-08,
        "var": 4.07706537492e-17
    },
    "spectral_energy": {
        "dmean": 0.0118305450305,
        "dmean2": 0.0191860031337,
        "dvar": 0.000476764253108,
        "dvar2": 0.00124311540276,
        "max": 0.303806006908,
        "mean": 0.0299730561674,
        "median": 0.0253164563328,
        "min": 1.04273257107e-20,
        "var": 0.000635836040601
    },
    "spectral_energyband_high": {
        "dmean": 0.000360018166248,
        "dmean2": 0.000540049339179,
        "dvar": 7.18507010333e-07,
        "dvar2": 1.63100958162e-06,
        "max": 0.0148229291663,
        "mean": 0.000937795557547,
        "median": 0.000430092011811,
        "min": 7.02240312464e-21,
        "var": 1.8602304408e-06
    },
    "spectral_energyband_low": {
        "dmean": 0.00806809403002,
        "dmean2": 0.013727937825,
        "dvar": 0.000405621889513,
        "dvar2": 0.00108987907879,
        "max": 0.265873372555,
        "mean": 0.0132944304496,
        "median": 0.0108097074553,
        "min": 6.12488393774e-23,
        "var": 0.000322156382026
    },
    "spectral_energyband_middle_high": {
        "dmean": 0.00244387821294,
        "dmean2": 0.00377408973873,
        "dvar": 1.94711374206e-05,
        "dvar2": 4.76191416965e-05,
        "max": 0.0976793095469,
        "mean": 0.00583583163098,
        "median": 0.00291050318629,
        "min": 1.53486654418e-21,
        "var": 5.91629868723e-05
    },
    "spectral_energyband_middle_low": {
        "dmean": 0.00524949515238,
        "dmean2": 0.00823728647083,
        "dvar": 5.67775059608e-05,
        "dvar2": 0.000138353891089,
        "max": 0.141935288906,
        "mean": 0.0110952761024,
        "median": 0.00764977233484,
        "min": 2.43359474562e-22,
        "var": 0.000142811026308
    },
    "spectral_entropy": {
        "dmean": 0.169293224812,
        "dmean2": 0.251986086369,
        "dvar": 0.0312909074128,
        "dvar2": 0.0638586357236,
        "max": 9.80058383942,
        "mean": 7.57953262329,
        "median": 7.65760231018,
        "min": 5.26920318604,
        "var": 0.242760911584
    },
    "spectral_flux": {
        "dmean": 0.0274416208267,
        "dmean2": 0.0437611714005,
        "dvar": 0.00119439966511,
        "dvar2": 0.00236231181771,
        "max": 0.467084676027,
        "mean": 0.0915512442589,
        "median": 0.0822378993034,
        "min": 6.5813875183e-11,
        "var": 0.00274067511782
    },
    "spectral_kurtosis": {
        "dmean": 1.32830262184,
        "dmean2": 2.16626286507,
        "dvar": 3.0017812252,
        "dvar2": 7.56756067276,
        "max": 45.867641449,
        "mean": 4.2198843956,
        "median": 3.61116933823,
        "min": -1.47393536568,
        "var": 10.8364372253
    },
    "spectral_rms": {
        "dmean": 0.000953146256506,
        "dmean2": 0.00150538736489,
        "dvar": 1.43544457387e-06,
        "dvar2": 3.52459437636e-06,
        "max": 0.0172161590308,
        "mean": 0.00503639318049,
        "median": 0.00496980687603,
        "min": 3.18951419095e-12,
        "var": 3.87664476875e-06
    },
    "spectral_rolloff": {
        "dmean": 502.154571533,
        "dmean2": 840.348876953,
        "dvar": 1207322.5,
        "dvar2": 2590868.25,
        "max": 19379.8828125,
        "mean": 1319.00415039,
        "median": 818.26171875,
        "min": 64.599609375,
        "var": 2511034.25
    },
    "spectral_skewness": {
        "dmean": 0.196963205934,
        "dmean2": 0.309697628021,
        "dvar": 0.0460144095123,
        "dvar2": 0.103793404996,
        "max": 5.4351940155,
        "mean": 1.58687925339,
        "median": 1.53912556171,
        "min": -0.314529448748,
        "var": 0.272700577974
    },
    "spectral_spread": {
        "dmean": 572227,
        "dmean2": 803215.1875,
        "dvar": 734485151744,
        "dvar2": 1.1493090263e+12,
        "max": 39727796,
        "mean": 5110479,
        "median": 4682126.5,
        "min": 1706649.75,
        "var": 4.22480340582e+12
    },
    "spectral_strongpeak": {
        "dmean": 0.679241597652,
        "dmean2": 1.16037690639,
        "dvar": 1.27266764641,
        "dvar2": 3.18682837486,
        "max": 13.15275383,
        "mean": 1.03660190105,
        "median": 0.340634793043,
        "min": 0,
        "var": 2.13882684708
    },
    "zerocrossingrate": {
        "dmean": 0.0102833043784,
        "dmean2": 0.0120618492365,
        "dvar": 0.000198406894924,
        "dvar2": 0.000227861630265,
        "max": 0.66650390625,
        "mean": 0.0590369664133,
        "median": 0.052734375,
        "min": 0.0029296875,
        "var": 0.0014788111439
    },
    "barkbands": {
        "dmean": [0.000121028730064, 0.00629258574918, 0.00239916215651, 0.000784902775194, 0.0010379194282, 0.00103380833752, 0.000610656628851, 0.000688242202159, 0.00248093809932, 0.00142095563933, 0.000504960364196, 0.000497819390148, 0.00036273043952, 0.000357579963747, 0.00027041012072, 0.000246446725214, 0.000223249284318, 0.00025077603641, 0.000133338238811, 0.000118280840979, 9.46296277107e-05, 7.03503756085e-05, 6.52892995276e-05, 6.91139648552e-05, 9.0359862952e-05, 3.26244589814e-05, 6.24716562925e-07],
        "dmean2": [0.000208328478038, 0.0108071845025, 0.0042678443715, 0.00140558439307, 0.00178290263284, 0.00162793276832, 0.000931048009079, 0.00110404402949, 0.00380071438849, 0.00223540444858, 0.000806470867246, 0.000811682839412, 0.000594169774558, 0.000587205868214, 0.00044232266373, 0.000400139921112, 0.000359130412107, 0.000398282893002, 0.000218674176722, 0.00019410229288, 0.000159918723512, 0.000113648311526, 0.000103881859104, 0.000106176164991, 0.000132766988827, 4.87927100039e-05, 1.05123933736e-06],
        "dvar": [4.06528926078e-08, 0.000229607569054, 4.35134061263e-05, 3.69832650904e-06, 4.8668925956e-06, 4.44118495579e-06, 2.59396711044e-06, 3.6316519072e-06, 3.48915091308e-05, 1.77659621841e-05, 2.2536673896e-06, 1.9123497168e-06, 1.13470423457e-06, 1.60701290497e-06, 6.68160396344e-07, 6.24153415174e-07, 5.23032042565e-07, 6.09341270774e-07, 8.47463326181e-08, 6.82972256527e-08, 4.89377462998e-08, 4.07532994018e-08, 2.15591899888e-08, 4.41462368883e-08, 1.0331956446e-07, 8.74921290972e-09, 2.68321285329e-11],
        "dvar2": [1.15894053465e-07, 0.000624100852292, 0.00012397201499, 1.05749704744e-05, 1.34098145281e-05, 1.04750024548e-05, 4.93169909532e-06, 8.37257994135e-06, 8.25858296594e-05, 4.39859904873e-05, 5.26919802724e-06, 4.86532917421e-06, 3.02838975585e-06, 4.25297957918e-06, 1.69913255377e-06, 1.52098641593e-06, 1.28555223e-06, 1.45481851632e-06, 2.1350935242e-07, 1.67940584106e-07, 1.3229460194e-07, 9.96917890461e-08, 5.20868468357e-08, 9.69085647284e-08, 2.0946313839e-07, 2.01346388451e-08, 6.89778165142e-11],
        "max": [0.00426282826811, 0.203021556139, 0.104478344321, 0.0231715422124, 0.0322956703603, 0.0391498357058, 0.0445213131607, 0.051189918071, 0.11762817204, 0.093591734767, 0.0619847550988, 0.0305531546474, 0.0246890857816, 0.0328102633357, 0.018248135224, 0.0155155807734, 0.0205558091402, 0.0246242843568, 0.00640429602936, 0.00788250472397, 0.00359757826664, 0.00522788753733, 0.00335426535457, 0.00528795272112, 0.00985402893275, 0.0023176856339, 0.000164086392033],
        "mean": [0.000164365759701, 0.00990462955087, 0.00274697225541, 0.000836840772536, 0.00146763317753, 0.00157477904577, 0.00098160142079, 0.000982514116913, 0.00387061899528, 0.00220070849173, 0.000737612193916, 0.000703446159605, 0.000518665241543, 0.00048658036394, 0.000378808588721, 0.000367813598132, 0.000359221594408, 0.000410775304772, 0.000234174673096, 0.000206790573429, 0.000175914785359, 0.000134104833705, 0.000144688179716, 0.000142412056448, 0.00018382979033, 5.70683369006e-05, 4.52073919632e-07],
        "median": [7.14124762453e-05, 0.00803744420409, 0.00135457271244, 0.000377650925657, 0.000628424109891, 0.000530259800144, 0.000182352057891, 0.000185687618796, 0.000624955166131, 0.000271361233899, 0.000159209594131, 0.000161534480867, 0.000103079342807, 8.47191040521e-05, 0.000112959955004, 0.000104040242149, 0.000138068309752, 0.000166021083714, 0.00012572936248, 9.43364721024e-05, 7.14996713214e-05, 5.89294977544e-05, 6.20100763626e-05, 5.16053733008e-05, 4.62432726636e-05, 1.0826689504e-05, 6.29819918441e-10],
        "min": [5.46096179717e-24, 3.14879825662e-23, 5.16433944718e-24, 2.85318860682e-24, 4.21484090256e-23, 3.00156115519e-23, 3.53866562221e-23, 2.01127708182e-23, 2.35595455046e-23, 4.12646008219e-23, 6.26370200004e-23, 7.25124541285e-23, 7.54422267325e-23, 6.43905315749e-23, 9.82266690661e-23, 1.29376507983e-22, 1.06911693156e-22, 2.02965757247e-22, 2.7941652687e-22, 3.5114728295e-22, 2.6423576334e-22, 4.83658875632e-22, 5.46870691242e-22, 6.97865837669e-22, 9.24864968146e-22, 1.58486462408e-21, 2.3614047589e-21],
        "var": [6.16724236124e-08, 0.000183259879122, 2.98363011098e-05, 2.70990653917e-06, 6.00652901994e-06, 8.96203073353e-06, 8.57246413943e-06, 6.68403617965e-06, 8.15433086245e-05, 3.64963780157e-05, 4.25271355198e-06, 2.94899314213e-06, 1.9538667857e-06, 2.89349486593e-06, 8.43229372549e-07, 9.40525580972e-07, 8.21530193207e-07, 8.97557470125e-07, 1.32320678858e-07, 1.15327992489e-07, 7.67525847323e-08, 5.90547024615e-08, 4.98058199128e-08, 9.53519858626e-08, 2.2891389051e-07, 1.66834528414e-08, 2.04661669556e-11]
    },
    "erbbands": {
        "dmean": [0.142309904099, 1.56800866127, 3.00351786613, 2.5653693676, 2.80622506142, 3.77839040756, 5.62784051895, 9.42047786713, 10.3421993256, 8.93956756592, 17.2376747131, 56.1248779297, 64.1258773804, 18.8405303955, 22.0421676636, 17.5279788971, 14.2784547806, 18.9188690186, 15.2037763596, 11.5371837616, 12.5855588913, 12.4521284103, 14.2197847366, 8.62109375, 6.12636518478, 5.21266841888, 3.77803659439, 3.83797001839, 2.62305140495, 2.3856446743, 1.78785455227, 1.47542440891, 1.19278919697, 1.06891930103, 0.656053423882, 0.221439987421, 0.0416786521673, 0.00523274019361, 0.000121817123727, 1.72560703504e-05],
        "dmean2": [0.238342151046, 2.71703934669, 5.33852767944, 4.54972982407, 4.92291307449, 6.44984102249, 8.97912025452, 14.885011673, 15.7043733597, 14.2309846878, 27.0117473602, 86.1735305786, 99.6167755127, 29.1797733307, 34.973815918, 28.469669342, 23.151102066, 30.7228717804, 24.7103652954, 18.9670257568, 20.1647834778, 19.8029727936, 22.5170383453, 13.8607473373, 10.1499900818, 8.47045612335, 6.29913187027, 6.45585727692, 4.30217313766, 3.77996063232, 2.85162520409, 2.34437465668, 1.7866743803, 1.60905408859, 0.970421552658, 0.326094567776, 0.0652984455228, 0.00882369559258, 0.000197459667106, 2.7559697628e-05],
        "dvar": [0.0774411708117, 15.7612295151, 73.1868896484, 44.3366165161, 37.6498718262, 72.3418426514, 159.380737305, 437.615783691, 765.827270508, 633.747680664, 1931.79980469, 18785.6074219, 24872.9414062, 3028.85766602, 4236.17382812, 2316.53149414, 1553.7623291, 3591.35205078, 2766.73901367, 1133.32885742, 1840.84729004, 1812.06616211, 1821.4362793, 487.743499756, 210.542648315, 138.0859375, 66.9891738892, 94.6743469238, 60.0599594116, 31.0240936279, 17.9206142426, 16.7484588623, 16.6319255829, 13.7061138153, 5.45696258545, 0.417340934277, 0.0206374153495, 0.000991435954347, 4.23390929427e-07, 1.09211695243e-09],
        "dvar2": [0.201959192753, 43.291343689, 207.078079224, 126.263313293, 105.477287292, 193.93296814, 387.309020996, 1047.18688965, 1507.68713379, 1548.19616699, 4357.30078125, 43687.3867188, 61487.265625, 7254.69775391, 10189.8798828, 5932.24707031, 4078.78027344, 9459.84863281, 7115.02636719, 2965.69726562, 4355.12988281, 4347.72607422, 4307.9609375, 1166.66809082, 559.313354492, 329.192565918, 180.054321289, 254.704116821, 152.527359009, 73.0653839111, 44.2524719238, 40.2394065857, 35.5344810486, 28.3597202301, 11.3697452545, 0.921435832977, 0.0507850348949, 0.00252652075142, 1.01245257156e-06, 2.78297718204e-09],
        "max": [4.38574504852, 53.1187667847, 115.819007874, 102.50856781, 80.4224319458, 191.298675537, 317.737915039, 398.326080322, 800.209838867, 725.998962402, 819.179626465, 2956.00366211, 3353.76293945, 1605.1986084, 2809.46875, 1141.71838379, 950.680053711, 1445.91162109, 1427.87084961, 958.073242188, 1031.05126953, 1388.85070801, 1443.27612305, 698.854064941, 326.825378418, 429.278198242, 122.347694397, 205.866210938, 168.858444214, 173.89225769, 97.068649292, 132.734039307, 135.795455933, 110.779090881, 70.7788314819, 16.0189914703, 3.3197081089, 0.784094572067, 0.0147161213681, 0.000539719534572],
        "mean": [0.237695023417, 2.34441447258, 3.77382779121, 3.05796551704, 3.44653105736, 5.25535011292, 8.84876060486, 13.6072702408, 16.8736362457, 14.0985641479, 25.8055400848, 89.2950744629, 103.326271057, 32.3677101135, 33.5555038452, 26.4414978027, 22.2864074707, 27.4445858002, 22.3806610107, 18.4545631409, 20.9431114197, 21.3613319397, 24.2053031921, 15.180346489, 10.789563179, 9.58143424988, 6.99586391449, 6.94473648071, 4.82266712189, 5.02991437912, 3.85353922844, 2.96195411682, 2.43915200233, 2.0787332058, 1.26674997807, 0.444903284311, 0.0603248998523, 0.0045050997287, 0.000143109558849, 4.41699376097e-05],
        "median": [0.147666797042, 1.83088099957, 2.3092212677, 1.57327914238, 1.49889969826, 2.10308146477, 3.0042245388, 4.40280389786, 3.35995459557, 3.7457177639, 6.73387289047, 16.0476589203, 18.5944442749, 8.14005661011, 8.31506252289, 7.42514562607, 5.68618583679, 5.39440441132, 6.30252361298, 5.89911842346, 6.94072628021, 8.33302211761, 9.66008281708, 7.80379247665, 5.59781074524, 4.42803955078, 3.19252419472, 2.71199178696, 2.04422140121, 2.08653330803, 1.63372409344, 1.13522779942, 0.832341253757, 0.569774866104, 0.27860558033, 0.0944718569517, 0.00994463451207, 0.000243103611865, 3.12509801006e-05, 3.52987044607e-05],
        "min": [2.95001439618e-22, 8.24558676193e-21, 8.2239427411e-21, 6.8500644061e-21, 3.74083901727e-20, 1.31169170434e-19, 1.52797164642e-19, 2.10716596703e-19, 2.56472803144e-19, 6.48444614865e-19, 6.09115123569e-19, 5.71711980823e-19, 1.78932732257e-18, 1.38716482665e-18, 3.14050596687e-18, 3.21016884331e-18, 3.7738651338e-18, 3.16265352097e-18, 4.92432943644e-18, 5.33961132707e-18, 7.31029469022e-18, 6.7027094372e-18, 7.59754887436e-18, 1.24169347337e-17, 1.74957798542e-17, 1.45611018595e-17, 1.11280409283e-17, 1.13790124893e-17, 1.61365649434e-17, 1.62090127302e-17, 1.74745626715e-17, 1.51791265455e-17, 1.22398461179e-17, 9.48499470683e-18, 7.33487270776e-18, 4.45871898221e-18, 3.27080800645e-18, 1.22897056701e-18, 2.81857631975e-19, 3.23966740935e-20],
        "var": [0.0886110812426, 11.8105955124, 48.773235321, 32.1119918823, 36.0594177246, 97.7097244263, 363.9168396, 736.262390137, 2549.5871582, 1324.67504883, 3304.76074219, 44544.5859375, 54056.9414062, 6626.02099609, 7409.74902344, 3668.24707031, 2725.8034668, 5760.19677734, 3796.33032227, 1700.72705078, 3067.24609375, 2901.91308594, 2786.01318359, 813.002563477, 307.221405029, 248.767700195, 102.65335083, 146.003860474, 78.682434082, 68.3724365234, 37.7755584717, 30.812286377, 36.0436172485, 29.6205615997, 11.646402359, 0.922127008438, 0.0261938814074, 0.000789776153397, 3.87178886285e-07, 1.58136725936e-09]
    },
    "gfcc": {
        "mean": [-5.17829656601, 91.1123809814, -111.287971497, 40.095035553, -60.3476295471, 29.7320575714, -32.9479293823, 26.0328407288, -21.7469940186, 3.87159729004, -14.8826332092, 0.887063503265, -4.5723361969],
        "cov": [[6693.61035156, -1237.2644043, -277.006347656, 149.596343994, -397.862609863, 193.588485718, -72.5804824829, 485.65826416, -125.279174805, 253.490341187, -188.020278931, 191.670852661, -118.526847839], [-1237.2644043, 1283.33435059, 149.529983521, 20.0660114288, 270.231903076, -111.405601501, 203.075790405, -141.111755371, 102.999328613, -163.561813354, 148.040130615, -103.197525024, 72.9224395752], [-277.006347656, 149.529983521, 1120.68054199, 333.554107666, 136.326644897, 49.8245353699, -12.4018144608, -13.5653762817, -2.19714379311, 89.1142425537, 20.9981498718, 14.6889772415, -11.0835752487], [149.596343994, 20.0660114288, 333.554107666, 446.817504883, 80.9080810547, -25.7507572174, -33.1137771606, -7.06585645676, 19.3396911621, 10.7757530212, 7.35835886002, 2.29374241829, 27.5667743683], [-397.862609863, 270.231903076, 136.326644897, 80.9080810547, 291.254241943, 29.7098445892, 52.9389801025, -13.3513936996, 37.4086875916, -18.6386432648, 7.38241863251, -29.703207016, 14.1333055496], [193.588485718, -111.405601501, 49.8245353699, -25.7507572174, 29.7098445892, 220.119110107, 72.4480056763, 34.0466766357, -9.17070293427, 28.7285919189, -4.9632062912, -22.2759132385, -17.4178562164], [-72.5804824829, 203.075790405, -12.4018144608, -33.1137771606, 52.9389801025, 72.4480056763, 239.596450806, 45.6541595459, 2.58747172356, -35.7027397156, 18.93516922, -24.0799255371, -16.0851192474], [485.65826416, -141.111755371, -13.5653762817, -7.06585645676, -13.3513936996, 34.0466766357, 45.6541595459, 168.614074707, 29.0859012604, 15.9114723206, -43.3843269348, 5.36520433426, -12.294798851], [-125.279174805, 102.999328613, -2.19714379311, 19.3396911621, 37.4086875916, -9.17070293427, 2.58747172356, 29.0859012604, 122.983055115, 8.13589572906, 7.95991373062, -27.7464466095, 17.604516983], [253.490341187, -163.561813354, 89.1142425537, 10.7757530212, -18.6386432648, 28.7285919189, -35.7027397156, 15.9114723206, 8.13589572906, 122.276947021, 17.4542388916, 27.6245136261, -20.2495536804], [-188.020278931, 148.040130615, 20.9981498718, 7.35835886002, 7.38241863251, -4.9632062912, 18.93516922, -43.3843269348, 7.95991373062, 17.4542388916, 117.305984497, 20.0081882477, 12.412651062], [191.670852661, -103.197525024, 14.6889772415, 2.29374241829, -29.703207016, -22.2759132385, -24.0799255371, 5.36520433426, -27.7464466095, 27.6245136261, 20.0081882477, 101.953582764, 16.6966133118], [-118.526847839, 72.9224395752, -11.0835752487, 27.5667743683, 14.1333055496, -17.4178562164, -16.0851192474, -12.294798851, 17.604516983, -20.2495536804, 12.412651062, 16.6966133118, 88.3967132568]],
        "icov": [[0.000285308720777, -0.00019112713926, 0.000216565254959, -0.000354975345545, 0.000352890987415, -0.00036172370892, 0.000245266244747, -0.000820197165012, 0.000425867649028, -0.000585573608987, 0.000410845765145, -0.000482632749481, 0.000295451056445], [-0.00019112713926, 0.00312321726233, -0.000893308257218, 0.00106917775702, -0.00188439164776, 0.00236235745251, -0.00242648553103, 0.00215828209184, -0.00191580574028, 0.00308863725513, -0.00333005096763, 0.00245651626028, -0.00156008417252], [0.000216565254959, -0.000893308257218, 0.00165103108156, -0.00138930953108, 0.000254173122812, -0.00101971183904, 0.000695231487043, -0.000867472030222, 0.000971931091044, -0.00198863609694, 0.00108792458195, -0.00100116664544, 0.000819100590888], [-0.000354975345545, 0.00106917775702, -0.00138930953108, 0.00378332170658, -0.0013771840604, 0.00150571274571, -0.000524139381014, 0.00117926928215, -0.0010843971977, 0.00167895958293, -0.00148447381798, 0.0014070966281, -0.0015832510544], [0.000352890987415, -0.00188439164776, 0.000254173122812, -0.0013771840604, 0.00564176542684, -0.00208984455094, 0.000595824152697, -0.00106930092443, 8.18039479782e-05, -0.00159683800302, 0.00243746046908, -0.00132399774157, 0.000660639605485], [-0.00036172370892, 0.00236235745251, -0.00101971183904, 0.00150571274571, -0.00208984455094, 0.00788284931332, -0.00363334850408, 0.00136865710374, -0.000310418196023, 0.000255519145867, -0.0024123089388, 0.00400023767725, -0.00191113026813], [0.000245266244747, -0.00242648553103, 0.000695231487043, -0.000524139381014, 0.000595824152697, -0.00363334850408, 0.00806908495724, -0.00421903654933, 0.00203736289404, 0.000233609302086, 0.000113074114779, -0.0014477558434, 0.0025568488054], [-0.000820197165012, 0.00215828209184, -0.000867472030222, 0.00117926928215, -0.00106930092443, 0.00136865710374, -0.00421903654933, 0.0118779474869, -0.00520452018827, 0.00184080167674, 0.00138233357575, 0.000134421949042, -0.000793074315879], [0.000425867649028, -0.00191580574028, 0.000971931091044, -0.0010843971977, 8.18039479782e-05, -0.000310418196023, 0.00203736289404, -0.00520452018827, 0.0126936258748, -0.00454067857936, 0.000264193862677, 0.00280825095251, -0.00195156584959], [-0.000585573608987, 0.00308863725513, -0.00198863609694, 0.00167895958293, -0.00159683800302, 0.000255519145867, 0.000233609302086, 0.00184080167674, -0.00454067857936, 0.0160068701953, -0.00600108271465, -0.000705205777194, 0.00204509380274], [0.000410845765145, -0.00333005096763, 0.00108792458195, -0.00148447381798, 0.00243746046908, -0.0024123089388, 0.000113074114779, 0.00138233357575, 0.000264193862677, -0.00600108271465, 0.0152661651373, -0.00554561009631, 0.000721618533134], [-0.000482632749481, 0.00245651626028, -0.00100116664544, 0.0014070966281, -0.00132399774157, 0.00400023767725, -0.0014477558434, 0.000134421949042, 0.00280825095251, -0.000705205777194, -0.00554561009631, 0.0164022054523, -0.00552300969139], [0.000295451056445, -0.00156008417252, 0.000819100590888, -0.0015832510544, 0.000660639605485, -0.00191113026813, 0.0025568488054, -0.000793074315879, -0.00195156584959, 0.00204509380274, 0.000721618533134, -0.00552300969139, 0.0152639886364]]
    },
    "melbands": {
        "dmean": [0.00154863903299, 0.00173333392013, 0.000434162793681, 0.000236916079302, 0.000182184565347, 0.000210991507629, 0.000144650432048, 0.000107655658212, 0.000156579932082, 0.000391941954149, 0.00032257050043, 7.93091021478e-05, 6.92187895766e-05, 6.01625652052e-05, 3.41906998074e-05, 4.05305509048e-05, 3.64352708857e-05, 2.679391946e-05, 1.9075392629e-05, 1.72660220414e-05, 1.51980448209e-05, 1.44460173033e-05, 1.37892329803e-05, 1.15325237857e-05, 7.34971536076e-06, 4.63748483526e-06, 4.89736021336e-06, 3.53082077709e-06, 2.49783397521e-06, 2.36187838709e-06, 2.30243222177e-06, 1.67823952779e-06, 1.37239646847e-06, 1.40182964969e-06, 1.10758230676e-06, 1.04796492906e-06, 9.98097334559e-07, 9.34340050662e-07, 8.39810240905e-07, 1.01773957795e-06],
        "dmean2": [0.00262845330872, 0.0030298451893, 0.000768598110881, 0.000408485502703, 0.000295297330013, 0.000331540388288, 0.000220875168452, 0.000173777676537, 0.00024607667001, 0.000599335937295, 0.000501942064147, 0.00012366406736, 0.00010996889614, 9.6838499303e-05, 5.60462576686e-05, 6.5832369728e-05, 5.93676159042e-05, 4.40358671767e-05, 3.10460309265e-05, 2.846435018e-05, 2.44873808697e-05, 2.33290556935e-05, 2.18769655476e-05, 1.83966640179e-05, 1.19432224892e-05, 7.70737642597e-06, 8.16922511149e-06, 5.81361746299e-06, 4.16119110014e-06, 3.97774601879e-06, 3.91013736589e-06, 2.84068642031e-06, 2.19878916141e-06, 2.23668098442e-06, 1.7912501562e-06, 1.71777139713e-06, 1.60354579748e-06, 1.43660793128e-06, 1.28509338992e-06, 1.54612962433e-06],
        "dvar": [1.18166417451e-05, 2.29036504606e-05, 1.24167866034e-06, 2.85173683778e-07, 1.45024444009e-07, 1.97212173703e-07, 1.37718103588e-07, 9.73093889911e-08, 1.64079736464e-07, 9.46809393554e-07, 6.3906060177e-07, 6.52217266861e-08, 4.25737809451e-08, 2.94618622831e-08, 8.84759998598e-09, 1.7027820931e-08, 1.51555923367e-08, 1.04283275348e-08, 3.36106098509e-09, 2.61067145679e-09, 2.87896639861e-09, 2.74444222903e-09, 1.80641512859e-09, 1.76987946521e-09, 3.2333283273e-10, 1.08452420655e-10, 1.57864388228e-10, 5.81519415954e-11, 2.71459989903e-11, 2.8303208735e-11, 3.66142359487e-11, 2.81918707129e-11, 1.31362013281e-11, 9.71629027235e-12, 6.15090877537e-12, 7.20598103757e-12, 8.07151220861e-12, 1.03794152093e-11, 8.06799939357e-12, 1.36679331048e-11],
        "dvar2": [3.16601363011e-05, 6.36557451799e-05, 3.53869404535e-06, 7.84296275924e-07, 3.65750310038e-07, 4.70699859534e-07, 2.72891753639e-07, 2.34272647504e-07, 3.70447168052e-07, 2.20879314838e-06, 1.58462955824e-06, 1.58031710384e-07, 9.97440920969e-08, 7.43738510778e-08, 2.35008776883e-08, 4.50742767555e-08, 3.99691089115e-08, 2.71407820662e-08, 8.526567008e-09, 6.67792088294e-09, 6.92316870499e-09, 6.78509248786e-09, 4.45648007386e-09, 4.38088809673e-09, 7.81957110174e-10, 2.92562724047e-10, 4.10447953403e-10, 1.42197906228e-10, 7.18297851754e-11, 7.65680227555e-11, 9.81454570392e-11, 7.48374209825e-11, 2.99950897453e-11, 2.37463590458e-11, 1.5249190799e-11, 1.84058202707e-11, 1.95524100383e-11, 2.28356066695e-11, 1.84112568941e-11, 2.9702271892e-11],
        "max": [0.0468184612691, 0.0647301822901, 0.0166008584201, 0.00857079960406, 0.00950213894248, 0.00796499289572, 0.0102600576356, 0.00998842716217, 0.00733541930094, 0.0211681630462, 0.0169617328793, 0.00878341589123, 0.00954744964838, 0.00422596978024, 0.00198734225705, 0.00331192626618, 0.00337971909903, 0.00287610921077, 0.00162719085347, 0.00114158529323, 0.00151507102419, 0.0018219454214, 0.0014095203951, 0.00180749688298, 0.000453806685982, 0.000213160528801, 0.000278253370197, 0.000244362861849, 8.47947667353e-05, 8.3292266936e-05, 0.000144743840792, 0.00012472513481, 0.000124329133541, 8.07943943073e-05, 6.26694309176e-05, 6.51260634186e-05, 8.55747566675e-05, 0.000111736393592, 9.53047565417e-05, 0.000113453963422],
        "mean": [0.00251237372868, 0.00248524895869, 0.00054636906134, 0.000310654286295, 0.000294553959975, 0.00031622935785, 0.000234913211898, 0.000162041789736, 0.000220861053094, 0.000621260609478, 0.000511234451551, 0.000125777980429, 0.000103033082269, 8.7112064648e-05, 4.92718645546e-05, 5.75955600652e-05, 5.00676724187e-05, 3.68501605408e-05, 2.6687150239e-05, 2.56671610259e-05, 2.34633444052e-05, 2.24790346692e-05, 2.20065794565e-05, 1.83480515261e-05, 1.18870393635e-05, 7.60307329983e-06, 7.54002576286e-06, 6.12117491983e-06, 4.26374936069e-06, 4.14168653151e-06, 3.84925078833e-06, 2.62953722086e-06, 2.7192604648e-06, 2.73589694189e-06, 2.20121455641e-06, 1.95466691366e-06, 1.82151825356e-06, 1.75390073309e-06, 1.60021022566e-06, 1.82134454008e-06],
        "median": [0.00191056332551, 0.00185197999235, 0.000302301428746, 0.000128407904413, 0.000107587082312, 0.000103207676148, 4.61400486529e-05, 3.4109045373e-05, 4.71251187264e-05, 0.00010059971828, 7.86795717431e-05, 2.25002859224e-05, 2.31213580264e-05, 2.2023827114e-05, 1.2329918718e-05, 9.46392719925e-06, 8.65659512783e-06, 9.01982821233e-06, 7.76510751166e-06, 7.45512897993e-06, 7.63708158047e-06, 8.0843374235e-06, 8.64475077833e-06, 7.10092717782e-06, 5.69311941945e-06, 3.95042752643e-06, 3.19400442095e-06, 2.5535275654e-06, 1.84747159437e-06, 1.67770781445e-06, 1.43801094055e-06, 1.12255861495e-06, 1.0374321846e-06, 1.13872056318e-06, 9.55806967795e-07, 7.13392921625e-07, 6.31974216958e-07, 5.46556634617e-07, 5.55714620987e-07, 4.43297494712e-07],
        "min": [6.08725976906e-24, 6.74834059043e-24, 1.74273021257e-24, 8.79304754638e-24, 5.23205645058e-24, 4.76924161824e-24, 4.99745592268e-24, 6.50208188164e-24, 4.73951655047e-24, 3.33030292357e-24, 8.72213447302e-24, 5.06401093396e-24, 8.44170309869e-24, 1.03502392518e-23, 7.82828564765e-24, 6.82612858657e-24, 5.3470068951e-24, 7.382688099e-24, 8.84361510812e-24, 6.78152796871e-24, 8.5778186813e-24, 6.56544318955e-24, 5.3477827398e-24, 9.62296787285e-24, 8.96558957015e-24, 1.23288585965e-23, 1.34871627852e-23, 8.97814192487e-24, 6.009547898e-24, 6.74186246467e-24, 6.30602509758e-24, 8.44767635346e-24, 8.90448677101e-24, 8.0174024279e-24, 8.67320537538e-24, 9.73795302726e-24, 8.44059080481e-24, 8.00352557572e-24, 9.0655934671e-24, 6.41710775709e-24],
        "var": [1.05472545329e-05, 1.59193677973e-05, 9.07906155589e-07, 3.06760682633e-07, 3.22573924905e-07, 3.61660084991e-07, 4.51683774827e-07, 2.08715377426e-07, 2.77228650702e-07, 2.29259603657e-06, 1.38054076615e-06, 1.33316234496e-07, 7.71351338358e-08, 4.68492196148e-08, 1.38267628458e-08, 2.90307173856e-08, 2.44732465404e-08, 1.47663561378e-08, 4.37970548717e-09, 3.8514387235e-09, 4.66057770154e-09, 3.97207200464e-09, 2.59026533556e-09, 2.23003726596e-09, 5.29937926874e-10, 1.42224482191e-10, 2.20467186174e-10, 1.03582170619e-10, 4.30492724801e-11, 4.20237351861e-11, 5.20536357074e-11, 2.84287385299e-11, 2.58077101356e-11, 1.9495431311e-11, 1.24222498607e-11, 1.18319798403e-11, 1.40983709082e-11, 2.16048689355e-11, 1.4295646264e-11, 2.72498724974e-11]
    },
    "mfcc": {
        "mean": [-647.313049316, 114.57170105, 10.1215276718, 19.7308082581, 6.80614614487, 4.7814655304, 7.04663944244, 13.9151325226, 8.17214298248, 5.64129972458, 3.40110230446, 0.454099774361, -1.26055431366],
        "cov": [[6191.91503906, -1319.56774902, -265.769683838, -126.083885193, -253.291168213, -244.067123413, -25.540397644, 104.548271179, 97.5751190186, 137.932693481, 55.4847068787, 13.2261867523, -55.0585746765], [-1319.56774902, 1162.01306152, 8.36252212524, 113.488800049, 68.259552002, 80.039855957, 100.121688843, 63.3828353882, -16.5847511292, -10.9397182465, 21.4826660156, -2.69241070747, 21.3881530762], [-265.769683838, 8.36252212524, 851.308410645, 258.6769104, 162.206039429, 99.6068191528, 57.7903404236, -47.6248931885, 9.12418174744, -0.940293848515, 20.4975700378, 62.2820396423, 43.9215507507], [-126.083885193, 113.488800049, 258.6769104, 460.457824707, 141.798706055, 28.7637443542, 1.09316492081, 9.47330474854, 15.8668050766, -22.7238998413, -23.2661476135, 16.4535541534, 28.0243988037], [-253.291168213, 68.259552002, 162.206039429, 141.798706055, 270.907470703, 60.7586708069, -16.2845001221, -24.6570949554, 33.4611701965, 26.9128284454, -12.0382881165, 3.79338479042, 15.5657215118], [-244.067123413, 80.039855957, 99.6068191528, 28.7637443542, 60.7586708069, 176.959640503, 74.9206314087, 1.15268623829, -2.42258310318, 14.4844713211, 21.177778244, 5.4828248024, 1.76787257195], [-25.540397644, 100.121688843, 57.7903404236, 1.09316492081, -16.2845001221, 74.9206314087, 181.978744507, 65.6061172485, 7.45911407471, 19.3181877136, 34.7834129333, -0.120814628899, -6.63421869278], [104.548271179, 63.3828353882, -47.6248931885, 9.47330474854, -24.6570949554, 1.15268623829, 65.6061172485, 140.500076294, 50.7393951416, 27.8268909454, 8.37422847748, -11.4208688736, -11.9915838242], [97.5751190186, -16.5847511292, 9.12418174744, 15.8668050766, 33.4611701965, -2.42258310318, 7.45911407471, 50.7393951416, 119.862129211, 58.3536109924, -1.17602527142, -12.7443161011, -8.92573165894], [137.932693481, -10.9397182465, -0.940293848515, -22.7238998413, 26.9128284454, 14.4844713211, 19.3181877136, 27.8268909454, 58.3536109924, 125.989852905, 39.442565918, -8.31373596191, -19.0377731323], [55.4847068787, 21.4826660156, 20.4975700378, -23.2661476135, -12.0382881165, 21.177778244, 34.7834129333, 8.37422847748, -1.17602527142, 39.442565918, 97.2222137451, 27.2497901917, -13.0464391708], [13.2261867523, -2.69241070747, 62.2820396423, 16.4535541534, 3.79338479042, 5.4828248024, -0.120814628899, -11.4208688736, -12.7443161011, -8.31373596191, 27.2497901917, 82.8963928223, 28.6292800903], [-55.0585746765, 21.3881530762, 43.9215507507, 28.0243988037, 15.5657215118, 1.76787257195, -6.63421869278, -11.9915838242, -8.92573165894, -19.0377731323, -13.0464391708, 28.6292800903, 84.9605941772]],
