{
"lowlevel": {
    "average_loudness": 0.88273859024,
    "barkbands_crest": {
        "dmean": 2.66635274887,
        "dmean2": 4.29209041595,
        "dvar": 5.30684614182,
        "dvar2": 13.190363884,
        "max": 25.2111129761,
        "mean": 9.55056285858,
        "median": 8.79540538788,
        "min": 2.65558505058,
        "var": 14.7089109421
    },
    "barkbands_flatness_db": {
        "dmean": 0.0190946850926,
        "dmean2": 0.0304839164019,
        "dvar": 0.000281544780592,
        "dvar2": 0.000692274188623,
        "max": 0.316872030497,
        "mean": 0.125902399421,
        "median": 0.119727507234,
        "min": 0.0351280160248,
        "var": 0.00162020337302
    },
    "barkbands_kurtosis": {
        "dmean": 1.58242571354,
        "dmean2": 2.53631997108,
        "dvar": 8.69945049286,
        "dvar2": 19.4434623718,
        "max": 74.774848938,
        "mean": 1.67297101021,
        "median": 0.562117338181,
        "min": -1.89883708954,
        "var": 17.0429172516
    },
    "barkbands_skewness": {
        "dmean": 0.431537389755,
        "dmean2": 0.674080431461,
        "dvar": 0.184880524874,
        "dvar2": 0.41941010952,
        "max": 7.38451576233,
        "mean": 1.0312217474,
        "median": 0.928410112858,
        "min": -2.32607913017,
        "var": 0.738852977753
    },
    "barkbands_spread": {
        "dmean": 6.28881263733,
        "dmean2": 9.7681427002,
        "dvar": 52.0787315369,
        "dvar2": 109.646179199,
        "max": 122.745193481,
        "mean": 27.8223838806,
        "median": 26.7621173859,
        "min": 1.74006676674,
        "var": 239.304275513
    },
    "dissonance": {
        "dmean": 0.0182855688035,
        "dmean2": 0.0316421762109,
        "dvar": 0.000335304561304,
        "dvar2": 0.000942115322687,
        "max": 0.500000119209,
        "mean": 0.472375184298,
        "median": 0.478388845921,
        "min": 0.153162539005,
        "var": 0.000535446102731
    },
    "dynamic_complexity": 2.94983506203,
    "erbbands_crest": {
        "dmean": 3.26421499252,
        "dmean2": 5.39730548859,
        "dvar": 8.75356483459,
        "dvar2": 22.4848194122,
        "max": 31.5964202881,
        "mean": 9.86037254333,
        "median": 8.72058010101,
        "min": 2.34341883659,
        "var": 23.6306591034
    },
    "erbbands_flatness_db": {
        "dmean": 0.017741208896,
        "dmean2": 0.0272636916488,
        "dvar": 0.000239957531448,
        "dvar2": 0.000539762084372,
        "max": 0.338329792023,
        "mean": 0.159219741821,
        "median": 0.146532431245,
        "min": 0.0585378222167,
        "var": 0.00289698806591
    },
    "erbbands_kurtosis": {
        "dmean": 1.06517505646,
        "dmean2": 1.7315158844,
        "dvar": 1.81967139244,
        "dvar2": 4.63603925705,
        "max": 29.1507072449,
        "mean": 0.976502180099,
        "median": 0.393316984177,
        "min": -1.7602083683,
        "var": 4.18035984039
    },
    "erbbands_skewness": {
        "dmean": 0.37809073925,
        "dmean2": 0.600346446037,
        "dvar": 0.112672463059,
        "dvar2": 0.268995732069,
        "max": 4.96313285828,
        "mean": 0.496469944715,
        "median": 0.455064594746,
        "min": -2.53071904182,
        "var": 0.469937175512
    },
    "erbbands_spread": {
        "dmean": 7.20502138138,
        "dmean2": 11.1283779144,
        "dvar": 63.3244819641,
        "dvar2": 141.79888916,
        "max": 153.740814209,
        "mean": 32.4805488586,
        "median": 30.5858192444,
        "min": 3.49755144119,
        "var": 292.648040771
    },
    "hfc": {
        "dmean": 9.39869117737,
        "dmean2": 13.8281841278,
        "dvar": 155.762435913,
        "dvar2": 313.157897949,
        "max": 240.940917969,
        "mean": 27.6588611603,
        "median": 21.4214344025,
        "min": 1.17085020192e-16,
        "var": 566.534729004
    },
    "melbands_crest": {
        "dmean": 3.69618558884,
        "dmean2": 6.03969717026,
        "dvar": 10.4930181503,
        "dvar2": 27.3171710968,
        "max": 34.2915878296,
        "mean": 14.5151481628,
        "median": 13.3898839951,
        "min": 1.79812932014,
        "var": 34.298248291
    },
    "melbands_flatness_db": {
        "dmean": 0.0226989295334,
        "dmean2": 0.0359421521425,
        "dvar": 0.000438806542661,
        "dvar2": 0.00106120132841,
        "max": 0.4291664958,
        "mean": 0.16373488307,
        "median": 0.161071017385,
        "min": 0.00376051082276,
        "var": 0.00217877724208
    },
    "melbands_kurtosis": {
        "dmean": 3.89140629768,
        "dmean2": 6.12597751617,
        "dvar": 49.0302772522,
        "dvar2": 110.990196228,
        "max": 123.867706299,
        "mean": 6.7071890831,
        "median": 3.95903158188,
        "min": -1.697281003,
        "var": 98.6685256958
    },
    "melbands_skewness": {
        "dmean": 0.599818527699,
        "dmean2": 0.937614500523,
        "dvar": 0.372822642326,
        "dvar2": 0.833038508892,
        "max": 9.61069774628,
        "mean": 1.87302041054,
        "median": 1.70749330521,
        "min": -1.14695250988,
        "var": 1.56056141853
    },
    "melbands_spread": {
        "dmean": 7.53874921799,
        "dmean2": 11.9401836395,
        "dvar": 85.1844024658,
        "dvar2": 187.565643311,
        "max": 227.447540283,
        "mean": 29.5316963196,
        "median": 27.824596405,
        "min": 1.30837523937,
        "var": 283.582672119
    },
    "pitch_salience": {
        "dmean": 0.0718047842383,
        "dmean2": 0.11773237586,
        "dvar": 0.00412439601496,
        "dvar2": 0.0102902054787,
        "max": 0.921337783337,
        "mean": 0.558461010456,
        "median": 0.55814486742,
        "min": 0.138165563345,
        "var": 0.0130469063297
    },
    "silence_rate_20dB": {
        "dmean": 0,
        "dmean2": 0,
        "dvar": 0,
        "dvar2": 0,
        "max": 1,
        "mean": 1,
        "median": 1,
        "min": 1,
        "var": 0
    },
    "silence_rate_30dB": {
        "dmean": 0.001462701126,
        "dmean2": 0.00292575894855,
        "dvar": 0.00146048003808,
        "dvar2": 0.00437975022942,
        "max": 1,
        "mean": 0.999268710613,
        "median": 1,
        "min": 0,
        "var": 0.00073068839265
    },
    "silence_rate_60dB": {
        "dmean": 0.0141394445673,
        "dmean2": 0.0282823350281,
        "dvar": 0.0139380823821,
        "dvar2": 0.0345471166074,
        "max": 1,
        "mean": 0.0477757453918,
        "median": 0,
        "min": 0,
        "var": 0.0454992763698
    },
    "spectral_centroid": {
        "dmean": 246.632583618,
        "dmean2": 388.101989746,
        "dvar": 80024.3984375,
        "dvar2": 179375.125,
        "max": 11208.109375,
        "mean": 1566.97729492,
        "median": 1526.15112305,
        "min": 207.537475586,
        "var": 286697.84375
    },
    "spectral_complexity": {
        "dmean": 3.88761568069,
        "dmean2": 5.98951625824,
        "dvar": 14.1539335251,
        "dvar2": 29.7523193359,
        "max": 55,
        "mean": 22.8213291168,
        "median": 22,
        "min": 0,
        "var": 106.865753174
    },
    "spectral_decrease": {
        "dmean": 2.40847941591e-09,
        "dmean2": 3.77077968849e-09,
        "dvar": 9.4612099555e-18,
        "dvar2": 2.13552275757e-17,
        "max": 4.79757484812e-29,
        "mean": -6.82172807132e-09,
        "median": -5.7329678782e-09,
        "min": -3.92865402432e-08,
        "var": 2.62542146797e-17
    },
    "spectral_energy": {
        "dmean": 0.00970349926502,
        "dmean2": 0.0151040963829,
        "dvar": 0.000148291932419,
        "dvar2": 0.000333104806487,
        "max": 0.151895448565,
        "mean": 0.0282555222511,
        "median": 0.0238911658525,
        "min": 1.05049070127e-20,
        "var": 0.000431623775512
    },
    "spectral_energyband_high": {
        "dmean": 0.000575111131184,
        "dmean2": 0.00082530110376,
        "dvar": 1.16560693186e-06,
        "dvar2": 2.34107210417e-06,
        "max": 0.0221182759851,
        "mean": 0.00123752106447,
        "median": 0.000707187748048,
        "min": 7.6192519029e-21,
        "var": 3.10964628625e-06
    },
    "spectral_energyband_low": {
        "dmean": 0.00510414177552,
        "dmean2": 0.00823319982737,
        "dvar": 7.41314288462e-05,
        "dvar2": 0.000167011821759,
        "max": 0.104847230017,
        "mean": 0.0101704746485,
        "median": 0.00662963557988,
        "min": 5.62552299405e-23,
        "var": 0.000143120094435
    },
    "spectral_energyband_middle_high": {
        "dmean": 0.00329091935419,
        "dmean2": 0.00516265910119,
        "dvar": 2.39194923779e-05,
        "dvar2": 5.94087323407e-05,
        "max": 0.0802450031042,
        "mean": 0.00879761110991,
        "median": 0.00562793202698,
        "min": 1.43071660888e-21,
        "var": 8.05856107036e-05
    },
    "spectral_energyband_middle_low": {
        "dmean": 0.00486679375172,
        "dmean2": 0.00796864647418,
        "dvar": 5.32429148734e-05,
        "dvar2": 0.000138616538607,
        "max": 0.0872657671571,
        "mean": 0.00891572888941,
        "median": 0.00574087584391,
        "min": 2.93386609791e-22,
        "var": 8.28119809739e-05
    },
    "spectral_entropy": {
        "dmean": 0.134526327252,
        "dmean2": 0.204341188073,
        "dvar": 0.0177526287735,
        "dvar2": 0.038500033319,
        "max": 9.81622409821,
        "mean": 7.81981420517,
        "median": 7.84535694122,
        "min": 6.37019300461,
        "var": 0.109599135816
    },
    "spectral_flux": {
        "dmean": 0.0231776665896,
        "dmean2": 0.0345346853137,
        "dvar": 0.000707018596586,
        "dvar2": 0.00125002127606,
        "max": 0.355705946684,
        "mean": 0.0955548062921,
        "median": 0.0871038213372,
        "min": 6.65062033223e-11,
        "var": 0.00251726945862
    },
    "spectral_kurtosis": {
        "dmean": 1.10527276993,
        "dmean2": 1.82048988342,
        "dvar": 1.57211410999,
        "dvar2": 4.38949108124,
        "max": 21.2886619568,
        "mean": 3.97013688087,
        "median": 3.51773262024,
        "min": -1.50764870644,
        "var": 5.66298770905
    },
    "spectral_rms": {
        "dmean": 0.00083328090841,
        "dmean2": 0.00127588573378,
        "dvar": 7.70612587075e-07,
        "dvar2": 1.6411551087e-06,
        "max": 0.0121733592823,
        "mean": 0.00486927572638,
        "median": 0.00482788309455,
        "min": 3.20135758181e-12,
        "var": 3.85651264878e-06
    },
    "spectral_rolloff": {
        "dmean": 531.871582031,
        "dmean2": 879.62121582,
        "dvar": 1006074.875,
        "dvar2": 1946152.875,
        "max": 18927.6855469,
        "mean": 1818.54138184,
        "median": 1485.79101562,
        "min": 64.599609375,
        "var": 2708147.75
    },
    "spectral_skewness": {
        "dmean": 0.172183275223,
        "dmean2": 0.272601187229,
        "dvar": 0.0302692782134,
        "dvar2": 0.0751031264663,
        "max": 3.31562685966,
        "mean": 1.58721315861,
        "median": 1.56453680992,
        "min": -0.0399652458727,
        "var": 0.136795610189
    },
    "spectral_spread": {
        "dmean": 568682.4375,
        "dmean2": 806672.875,
        "dvar": 777805561856,
        "dvar2": 1.26346670899e+12,
        "max": 42136708,
        "mean": 5052645.5,
        "median": 4856312,
        "min": 1772452.625,
        "var": 3.61082257408e+12
    },
    "spectral_strongpeak": {
        "dmean": 0.653484880924,
        "dmean2": 1.1456502676,
        "dvar": 1.17569065094,
        "dvar2": 3.2516283989,
        "max": 15.5876808167,
        "mean": 0.90789681673,
        "median": 0.387893646955,
        "min": 0,
        "var": 1.47978174686
    },
    "zerocrossingrate": {
        "dmean": 0.0115357935429,
        "dmean2": 0.0135007416829,
        "dvar": 0.00024820593535,
        "dvar2": 0.000245455710683,
        "max": 0.69970703125,
        "mean": 0.0754181817174,
        "median": 0.0673828125,
        "min": 0.00390625,
        "var": 0.00174450292252
    },
    "barkbands": {
        "dmean": [0.000514167826623, 0.00366755435243, 0.00214733905159, 0.00113822100684, 0.000729022431187, 0.000767097459175, 0.00140875950456, 0.00098807644099, 0.00133342784829, 0.00156378664542, 0.000815329316538, 0.000596847617999, 0.000671926245559, 0.00044373201672, 0.000606603280175, 0.000431527296314, 0.000337423145538, 0.00021197910246, 0.000178063797648, 0.000106984109152, 0.000107131134428, 0.000110345172288, 9.60281322477e-05, 0.000103814578324, 0.000150271909661, 6.57608616166e-05, 3.1662001021e-08],
        "dmean2": [0.000789185287431, 0.00596000254154, 0.00371434935369, 0.00207967846654, 0.00122653832659, 0.00124535290524, 0.00235770549625, 0.00162487186026, 0.00222924631089, 0.00262136943638, 0.0013470161939, 0.00097221811302, 0.00110175693408, 0.000730991421733, 0.000984283047728, 0.000689870852511, 0.000545876275282, 0.00034125422826, 0.000280850974377, 0.000171929219505, 0.000173578882823, 0.000181001247256, 0.00014627413475, 0.000150784864672, 0.000209702076972, 0.000102204314317, 5.90467976735e-08],
        "dvar": [1.2348598375e-06, 4.82109135191e-05, 3.47289460478e-05, 1.14748936539e-05, 1.66399240698e-06, 4.1241182771e-06, 1.27858511405e-05, 8.62383876665e-06, 9.95853315544e-06, 1.28540486912e-05, 4.39822315457e-06, 2.54920905718e-06, 3.0265582609e-06, 1.00941053915e-06, 1.67048585809e-06, 9.27181247334e-07, 4.75010210721e-07, 1.28065877902e-07, 7.82549989253e-08, 3.56449554317e-08, 4.4582659342e-08, 6.83445762206e-08, 2.86405761329e-08, 6.1603316226e-08, 2.38575950107e-07, 2.30342518392e-08, 1.13679072124e-13],
        "dvar2": [2.92939307656e-06, 0.000119376010844, 9.30430032895e-05, 3.29180656991e-05, 4.33428840552e-06, 1.02515678009e-05, 3.50081427314e-05, 2.15086183744e-05, 2.76567425317e-05, 3.47049390257e-05, 1.21160683193e-05, 6.36152481093e-06, 7.71168924985e-06, 2.430879249e-06, 4.0790496314e-06, 2.2925084977e-06, 1.12496252314e-06, 3.05360316588e-07, 1.8135268931e-07, 9.11369255618e-08, 1.13139790869e-07, 1.96236811689e-07, 6.20801046125e-08, 1.18870964627e-07, 4.13747130779e-07, 5.16583718024e-08, 3.40242048945e-13],
        "max": [0.0138547923416, 0.0836821347475, 0.065175883472, 0.0395818091929, 0.0204378478229, 0.0603476911783, 0.0741891488433, 0.0728303790092, 0.0838649049401, 0.0757145285606, 0.0398073904216, 0.0406413264573, 0.032513204962, 0.0201167855412, 0.0257866922766, 0.0199093203992, 0.0131985489279, 0.0077271098271, 0.00509551214054, 0.00324005750008, 0.00657595507801, 0.00427520601079, 0.00577999977395, 0.00742459949106, 0.0164860263467, 0.0027943351306, 1.82313342521e-05],
        "mean": [0.000967078842223, 0.00660798652098, 0.00209365156479, 0.000975047529209, 0.00106271938421, 0.00113316625357, 0.00183773040771, 0.00134650152177, 0.001910390798, 0.00227965321392, 0.00115798809566, 0.000946997082792, 0.00101355533116, 0.000674390990753, 0.000929191766772, 0.000679872639012, 0.000572176824789, 0.000400617165724, 0.00033501337748, 0.000204796771868, 0.000200185968424, 0.000189779893844, 0.000191437022295, 0.000201136135729, 0.000264254660578, 8.02253562142e-05, 2.13876685251e-08],
        "median": [9.56955482252e-05, 0.00372223602608, 0.000492537859827, 0.000247648422373, 0.00060546642635, 0.000426616170444, 0.000439745461335, 0.000399119046051, 0.000703067868017, 0.000719289295375, 0.000353542593075, 0.000282563210931, 0.000332983530825, 0.000290597177809, 0.000373266055249, 0.000306426722091, 0.000293326505926, 0.000227701239055, 0.000203782547032, 0.000109999651613, 0.000109754240839, 0.00010249173647, 0.000115372000437, 9.98273972073e-05, 0.000100359684438, 2.2885053113e-05, 6.40053288148e-10],
        "min": [7.25964157501e-24, 1.39585434636e-23, 1.17438480267e-23, 1.36946016488e-23, 3.16635672265e-23, 1.21587344314e-23, 2.4648790443e-23, 6.14334517618e-23, 5.41002828284e-23, 6.19164933822e-23, 3.26021823305e-23, 1.11848662379e-22, 5.01453002811e-23, 4.77554240807e-23, 1.02543410603e-22, 5.90214117254e-23, 1.44487725535e-22, 1.90900729236e-22, 1.57308406563e-22, 2.79992912823e-22, 4.47274793147e-22, 5.09414767668e-22, 4.57945493731e-22, 8.53110180207e-22, 1.00869414945e-21, 1.56824235293e-21, 2.3798256834e-21],
        "var": [4.08838604926e-06, 7.81443086453e-05, 2.56890543824e-05, 6.95667858963e-06, 2.13877774513e-06, 6.12558869761e-06, 1.69111717696e-05, 1.30281850943e-05, 1.52744123625e-05, 2.07724388019e-05, 6.9365478339e-06, 4.70493250759e-06, 5.21782112628e-06, 1.5996233742e-06, 2.80042468148e-06, 1.51342624122e-06, 8.57411464494e-07, 2.95841459774e-07, 1.68494437958e-07, 7.21527442238e-08, 8.49055865615e-08, 8.59497149008e-08, 6.79214977595e-08, 1.42683987292e-07, 5.72795045173e-07, 3.46212374325e-08, 8.11012837291e-14]
    },
    "erbbands": {
        "dmean": [0.144118741155, 0.754272520542, 2.0718562603, 3.65177702904, 2.66166234016, 2.46640086174, 4.31578397751, 6.99500131607, 17.9085216522, 19.6690444946, 22.8438262939, 33.5358314514, 36.5386314392, 45.9371414185, 27.3711471558, 26.256061554, 32.5867767334, 19.7517147064, 30.9249992371, 22.5152568817, 22.5592842102, 15.4578714371, 11.4133386612, 11.2191505432, 6.93425321579, 5.25206756592, 4.62082529068, 3.94549274445, 4.05388832092, 3.29221010208, 2.80522632599, 2.17657351494, 1.81147682667, 1.64689350128, 1.14221429825, 0.400812000036, 0.111474834383, 0.00648578256369, 0.000140137723065, 1.8552862457e-05],
        "dmean2": [0.218139022589, 1.23584830761, 3.49800753593, 6.53565406799, 4.72160434723, 4.14745235443, 6.9655957222, 11.4485340118, 29.864276886, 32.6547813416, 37.124797821, 55.8788108826, 60.658657074, 76.6806259155, 45.3169212341, 42.3276634216, 53.3868370056, 32.1519889832, 49.7934799194, 36.3304328918, 35.7341766357, 24.2459068298, 18.1473388672, 17.934305191, 11.0235853195, 8.44060230255, 7.39868307114, 6.42947340012, 6.73997735977, 5.21572494507, 4.24870538712, 3.21061968803, 2.61686968803, 2.37484455109, 1.62028777599, 0.58820271492, 0.18289385736, 0.0112973088399, 0.000232088219491, 2.81458524114e-05],
        "dvar": [0.0722490102053, 2.67610931396, 28.590511322, 113.593711853, 43.0658760071, 19.1528205872, 122.732162476, 423.359558105, 1973.63989258, 2302.484375, 4882.23535156, 7285.53173828, 9763.20410156, 12808.7333984, 4832.17382812, 5224.6015625, 7537.53613281, 2019.59606934, 4486.34423828, 2172.81542969, 2976.71826172, 1183.77709961, 367.225524902, 343.864593506, 131.488067627, 82.9845199585, 75.2367782593, 64.3950958252, 93.1278457642, 45.7153091431, 24.3805465698, 25.5296211243, 20.3412647247, 27.1947784424, 15.9906272888, 1.03135490417, 0.0733718276024, 0.000449907995062, 1.49739676658e-07, 7.45973116612e-10],
        "dvar2": [0.166214570403, 6.69826555252, 71.3088684082, 320.994750977, 122.354980469, 49.6803855896, 292.926544189, 1049.89831543, 5382.6796875, 5942.53173828, 12323.4667969, 20198.8144531, 26110.5371094, 34117.65625, 13362.6533203, 13113.1816406, 19462.9277344, 4703.36572266, 11111.7333984, 5341.29296875, 7467.38037109, 2713.88671875, 847.044921875, 840.78729248, 316.705474854, 212.670196533, 184.928390503, 169.112258911, 270.567901611, 118.416717529, 51.6381759644, 53.319152832, 37.5152931213, 52.8364906311, 27.9315910339, 2.00051212311, 0.182378903031, 0.00121681729797, 3.87020065773e-07, 1.62491109457e-09],
        "max": [3.30731153488, 18.6613502502, 63.3451423645, 126.220558167, 93.2281265259, 68.8887405396, 215.330734253, 717.473815918, 870.352966309, 855.086120605, 2016.69885254, 2549.12036133, 1837.13757324, 2396.32250977, 1422.1027832, 1981.51855469, 1686.90112305, 1171.7947998, 1198.39978027, 1249.02197266, 1229.42041016, 754.11126709, 512.244934082, 289.319152832, 246.737442017, 164.651428223, 269.049499512, 211.311523438, 152.748809814, 133.968917847, 178.691940308, 134.723648071, 128.085891724, 165.582305908, 157.09211731, 28.7381687164, 3.67866754532, 0.279991328716, 0.00534651661292, 0.000465905788587],
        "mean": [0.250886589289, 1.23808670044, 2.39584350586, 3.21953630447, 2.92616701126, 3.58208370209, 6.62446069717, 9.97671508789, 23.995016098, 25.6166744232, 33.0415802002, 48.1156768799, 55.3495559692, 69.9384994507, 43.4792060852, 44.5404281616, 50.8107528687, 33.5338287354, 50.5173149109, 38.6983032227, 38.3726463318, 29.0743427277, 23.2939987183, 21.1103420258, 13.2834434509, 10.2109556198, 8.83486557007, 7.21913146973, 6.75037670135, 6.06127977371, 5.54483556747, 4.24938344955, 3.36813664436, 2.86859345436, 1.89597499371, 0.593296945095, 0.109820730984, 0.00503056915477, 0.000150084699271, 4.62661191705e-05],
        "median": [0.112054981291, 0.602833151817, 0.814916312695, 0.932995021343, 1.31300747395, 2.01325559616, 2.45396184921, 4.2298002243, 6.45926189423, 9.04025363922, 11.2111415863, 17.9701900482, 18.9229831696, 23.661775589, 16.6231460571, 15.4485702515, 18.2044506073, 16.9381103516, 19.9400615692, 19.6859207153, 17.4757843018, 15.5845127106, 13.7014598846, 12.8086385727, 8.15209770203, 5.41360664368, 4.78534936905, 4.07578229904, 3.58871150017, 3.39954137802, 3.33090281487, 2.25615406036, 1.57683002949, 1.10854923725, 0.664768159389, 0.208926156163, 0.0202488750219, 0.000510530953761, 4.62281313958e-05, 3.64856787201e-05],
        "min": [5.65873681495e-22, 3.10198364068e-21, 1.34709593929e-20, 2.64518885898e-20, 8.06521906001e-20, 1.39976847425e-19, 1.31948516743e-19, 1.18817308862e-19, 3.66708268247e-19, 4.46007049193e-19, 1.19729079032e-18, 1.14159868423e-18, 1.76746597296e-18, 1.31647148996e-18, 2.58112094173e-18, 4.24629693296e-18, 2.89464224622e-18, 4.13404811024e-18, 3.55651226092e-18, 5.88842539757e-18, 5.24491155464e-18, 7.09779364522e-18, 9.49665629911e-18, 9.74996299091e-18, 8.56624437329e-18, 1.37360868058e-17, 1.58886175548e-17, 1.80036704046e-17, 1.65098781713e-17, 1.74252345828e-17, 1.22246756254e-17, 1.38558211995e-17, 1.68355457959e-17, 1.17186222431e-17, 6.38474203691e-18, 5.19593501775e-18, 3.01213332606e-18, 1.2547026049e-18, 3.39871892538e-19, 3.6617844614e-20],
        "var": [0.141778290272, 3.47198152542, 24.8703403473, 71.4844894409, 30.1661434174, 25.3325309753, 220.454284668, 564.524414062, 2683.70410156, 2645.94287109, 8281.95800781, 10551.5263672, 15937.5966797, 20657.796875, 8225.72460938, 9777.82714844, 12529.0273438, 3450.64086914, 8207.72167969, 3565.04736328, 5175.35791016, 2252.77636719, 977.702941895, 681.378540039, 270.159362793, 175.29800415, 154.421264648, 116.062927246, 113.200515747, 75.6586456299, 57.8141784668, 54.0031547546, 47.2939376831, 58.1528129578, 36.3083496094, 2.12233161926, 0.0750147774816, 0.000325369299389, 1.39355648798e-07, 1.72150227407e-09]
    },
    "gfcc": {
        "mean": [15.4592599869, 74.1845550537, -134.255859375, 26.1991577148, -64.8673477173, 30.5315704346, -41.6745529175, 25.0613193512, -20.5627422333, 7.17599534988, -15.2029876709, 1.71966862679, -6.79837846756],
        "cov": [[5912.2109375, -457.357086182, 1155.41662598, 818.673339844, 332.969573975, 500.428283691, 24.8138217926, 330.952697754, -9.34205532074, 434.222259521, -98.0434265137, 189.973739624, -247.997375488], [-457.357086182, 872.954406738, 117.97769165, 100.113288879, 130.635360718, -81.5439453125, 46.7706642151, -83.6648025513, 28.6687812805, -75.8222961426, 83.6831970215, -32.6721839905, 62.2419662476], [1155.41662598, 117.97769165, 1334.18896484, 567.972473145, 281.571502686, 164.283432007, -129.714401245, 146.006118774, 29.0482940674, 204.484420776, -26.5197906494, 111.991149902, -112.324867249], [818.673339844, 100.113288879, 567.972473145, 529.707580566, 212.972229004, 128.847259521, -12.7638196945, 83.1130905151, 55.7285728455, 97.5394897461, 6.68150043488, 49.7570915222, -29.5269298553], [332.969573975, 130.635360718, 281.571502686, 212.972229004, 270.102996826, 133.787750244, 61.6307449341, 55.9435081482, 23.3676242828, 59.2833213806, 3.96986317635, 41.6979904175, -16.9378414154], [500.428283691, -81.5439453125, 164.283432007, 128.847259521, 133.787750244, 266.577911377, 116.569892883, 67.9624404907, 11.8690605164, 67.0274505615, -9.55733013153, 20.8722915649, -5.93126535416], [24.8138217926, 46.7706642151, -129.714401245, -12.7638196945, 61.6307449341, 116.569892883, 220.899002075, 34.6502227783, 22.5748214722, 5.01522397995, 5.23401212692, 5.81267213821, 15.1574935913], [330.952697754, -83.6648025513, 146.006118774, 83.1130905151, 55.9435081482, 67.9624404907, 34.6502227783, 159.496917725, 83.3255462646, 66.6890487671, -3.04054665565, 28.7315750122, -6.49155664444], [-9.34205532074, 28.6687812805, 29.0482940674, 55.7285728455, 23.3676242828, 11.8690605164, 22.5748214722, 83.3255462646, 120.318557739, 44.6266670227, 26.5955162048, 9.96995353699, 17.3619060516], [434.222259521, -75.8222961426, 204.484420776, 97.5394897461, 59.2833213806, 67.0274505615, 5.01522397995, 66.6890487671, 44.6266670227, 138.820175171, 29.4623222351, 41.3551597595, -27.7443504333], [-98.0434265137, 83.6831970215, -26.5197906494, 6.68150043488, 3.96986317635, -9.55733013153, 5.23401212692, -3.04054665565, 26.5955162048, 29.4623222351, 106.928291321, 37.875995636, 27.5902404785], [189.973739624, -32.6721839905, 111.991149902, 49.7570915222, 41.6979904175, 20.8722915649, 5.81267213821, 28.7315750122, 9.96995353699, 41.3551597595, 37.875995636, 92.499420166, 10.1824417114], [-247.997375488, 62.2419662476, -112.324867249, -29.5269298553, -16.9378414154, -5.93126535416, 15.1574935913, -6.49155664444, 17.3619060516, -27.7443504333, 27.5902404785, 10.1824417114, 93.3075637817]],
        "icov": [[0.000371539092157, -0.000241171670496, 0.000299266772345, -0.000583903980441, 0.000448419188615, -0.000547624658793, 0.000318694539601, -0.000723801727872, 0.000861219305079, -0.000960978853982, 0.000687668099999, -0.000792689679656, 0.000705498096067], [-0.000241171670496, 0.0031142742373, -0.00166518881451, 0.000705449958332, -0.00242767482996, 0.00256709940732, -0.00236203661188, 0.0025893507991, -0.00207413430326, 0.00291101261973, -0.00362891401164, 0.00375222065486, -0.00229833321646], [0.000299266772345, -0.00166518881451, 0.00321206194349, -0.00219913804904, 0.000766986224335, -0.00189011648763, 0.00292992941104, -0.00244392827153, 0.00227297283709, -0.00315706408583, 0.00301481410861, -0.00360617227852, 0.00259050843306], [-0.000583903980441, 0.000705449958332, -0.00219913804904, 0.00532424915582, -0.00264227134176, 0.000460813113023, -0.000497649481986, 0.00200867280364, -0.00332106766291, 0.00218851352111, -0.00182695058174, 0.00204836716875, -0.00162940123118], [0.000448419188615, -0.00242767482996, 0.000766986224335, -0.00264227134176, 0.00908466801047, -0.00392640940845, 0.000362549850252, -0.00215923250653, 0.0018966543721, -0.00232572946697, 0.0029865137767, -0.00452695693821, 0.00265529309399], [-0.000547624658793, 0.00256709940732, -0.00189011648763, 0.000460813113023, -0.00392640940845, 0.0101649556309, -0.00580104766414, 0.000762674666476, 0.000589815375861, 0.00019627106667, -0.00254325428978, 0.0050301766023, -0.0042169187218], [0.000318694539601, -0.00236203661188, 0.00292992941104, -0.000497649481986, 0.000362549850252, -0.00580104766414, 0.0099231004715, -0.00290364865214, 0.000692762667313, -0.00162800110411, 0.00285727693699, -0.00415538297966, 0.00267096539028], [-0.000723801727872, 0.0025893507991, -0.00244392827153, 0.00200867280364, -0.00215923250653, 0.000762674666476, -0.00290364865214, 0.0168558303267, -0.0122424764559, 0.00170716107823, 0.000181002862519, 0.000730431289412, -0.00200415030122], [0.000861219305079, -0.00207413430326, 0.00227297283709, -0.00332106766291, 0.0018966543721, 0.000589815375861, 0.000692762667313, -0.0122424764559, 0.0205543451011, -0.00697754416615, -0.00028143657255, 0.000443469296442, -0.00108910410199], [-0.000960978853982, 0.00291101261973, -0.00315706408583, 0.00218851352111, -0.00232572946697, 0.00019627106667, -0.00162800110411, 0.00170716107823, -0.00697754416615, 0.0188319049776, -0.00833373330534, 0.00179913116153, 0.00153533474077], [0.000687668099999, -0.00362891401164, 0.00301481410861, -0.00182695058174, 0.0029865137767, -0.00254325428978, 0.00285727693699, 0.000181002862519, -0.00028143657255, -0.00833373330534, 0.0192360002548, -0.0105189802125, 0.000262856396148], [-0.000792689679656, 0.00375222065486, -0.00360617227852, 0.00204836716875, -0.00452695693821, 0.0050301766023, -0.00415538297966, 0.000730431289412, 0.000443469296442, 0.00179913116153, -0.0105189802125, 0.0221871063113, -0.00693735387176], [0.000705498096067, -0.00229833321646, 0.00259050843306, -0.00162940123118, 0.00265529309399, -0.0042169187218, 0.00267096539028, -0.00200415030122, -0.00108910410199, 0.00153533474077, 0.000262856396148, -0.00693735387176, 0.0177074875683]]
    },
    "melbands": {
        "dmean": [0.00109676888678, 0.000957573822234, 0.00058779848041, 0.000173139778781, 0.00013720660354, 0.000156768568559, 0.000283473782474, 0.000211761085666, 0.000203222909477, 0.000204158262932, 0.000186231103726, 0.000195325003006, 0.000104721213575, 6.5798034484e-05, 7.30481333449e-05, 6.13866723143e-05, 3.92302899854e-05, 5.14933635714e-05, 4.09511631005e-05, 2.90275256702e-05, 2.89672607323e-05, 1.74666947714e-05, 1.65570654644e-05, 9.67648793448e-06, 1.012640314e-05, 6.25899338047e-06, 4.10131269746e-06, 3.69119220522e-06, 2.99621319755e-06, 2.97870269605e-06, 2.35463789977e-06, 2.46731519837e-06, 2.21136701839e-06, 1.82758617484e-06, 1.78321113253e-06, 1.47814989759e-06, 1.40409179039e-06, 1.35022924042e-06, 1.27003386297e-06, 1.5193299987e-06],
        "dmean2": [0.00172836973798, 0.00154732959345, 0.00104407011531, 0.000298358703731, 0.000222114074859, 0.00025551932049, 0.000473802268971, 0.000350828195224, 0.000331497663865, 0.000341380364262, 0.000309396447847, 0.000326993816998, 0.000173406559043, 0.000107728155854, 0.000120260221593, 0.000100155077234, 6.45373220323e-05, 8.33940866869e-05, 6.60838777549e-05, 4.69384613098e-05, 4.62816788058e-05, 2.79037394648e-05, 2.65486887656e-05, 1.57073191076e-05, 1.63320619322e-05, 9.94877154881e-06, 6.78513970342e-06, 5.97586222284e-06, 4.81317329104e-06, 4.94903133585e-06, 3.88381477023e-06, 4.17797173213e-06, 3.66018252862e-06, 2.90472394227e-06, 2.77091226053e-06, 2.25462099479e-06, 2.11837368624e-06, 1.99033001991e-06, 1.86022816706e-06, 2.23366009777e-06],
        "dvar": [4.01800252803e-06, 4.50312290923e-06, 2.88849378194e-06, 1.21123107988e-07, 1.01105364081e-07, 1.86465214824e-07, 5.08749792516e-07, 2.66744734745e-07, 3.38558862722e-07, 2.7742447628e-07, 2.53346001955e-07, 2.32435013459e-07, 8.36518196934e-08, 2.68961652949e-08, 3.03841503069e-08, 2.94833224501e-08, 8.83085071735e-09, 1.20201493203e-08, 8.10969513765e-09, 3.57577034649e-09, 5.17040099624e-09, 1.93547711191e-09, 8.87696138818e-10, 2.72345451746e-10, 2.96924373977e-10, 1.11684023141e-10, 6.42711578402e-11, 4.05780790913e-11, 2.93006209573e-11, 3.98058426498e-11, 2.07202675157e-11, 3.40580064151e-11, 2.90395311964e-11, 1.18592809184e-11, 9.61082862599e-12, 9.28776326681e-12, 1.15898627501e-11, 1.16804890413e-11, 1.01671336281e-11, 2.62506873877e-11],
        "dvar2": [9.6037692856e-06, 1.00391471278e-05, 8.14950635686e-06, 3.28632069113e-07, 2.39686841041e-07, 4.65093933144e-07, 1.39578980907e-06, 6.79344623222e-07, 8.62945398694e-07, 7.79077140578e-07, 6.78256242281e-07, 6.21890762886e-07, 2.34228423324e-07, 6.91438017952e-08, 7.99979034127e-08, 7.21394286529e-08, 2.12957278478e-08, 2.99333926534e-08, 1.97082616893e-08, 8.73239880406e-09, 1.28899362295e-08, 4.54978010822e-09, 2.08020489723e-09, 6.80152212329e-10, 7.34218297271e-10, 2.6202123804e-10, 1.74055214686e-10, 1.02325772855e-10, 7.10865602493e-11, 1.03984085231e-10, 5.42602039688e-11, 1.01388827889e-10, 8.09854683315e-11, 2.97215342615e-11, 2.19179813188e-11, 1.97865335227e-11, 2.49629379667e-11, 2.24645978902e-11, 1.99463189021e-11, 5.150771476e-11],
        "max": [0.0242057666183, 0.0245732739568, 0.0212549734861, 0.00474861497059, 0.00701848976314, 0.0139567228034, 0.0143486130983, 0.00913808122277, 0.0161784123629, 0.014937594533, 0.00950662791729, 0.010264294222, 0.00633616931736, 0.00394284818321, 0.0045593441464, 0.00327796814963, 0.00214953999966, 0.00177852855995, 0.00187200971413, 0.00140581419691, 0.00154788838699, 0.000993292080238, 0.000643478357233, 0.00032186700264, 0.000291554286378, 0.000327584450133, 0.000118221032608, 0.000104920516605, 0.000146612539538, 0.000191777333384, 0.000105735874968, 9.09912050702e-05, 9.8798336694e-05, 8.63052264322e-05, 9.77150193648e-05, 0.000106988671178, 8.50341239129e-05, 0.000113521709864, 9.71100525931e-05, 0.000161170508363],
        "mean": [0.00205623917282, 0.00141365907621, 0.000549470249098, 0.000230623132666, 0.00021855745581, 0.000224106915994, 0.000376481824787, 0.000275140686426, 0.000288635754259, 0.000288954150164, 0.000273403566098, 0.000289636984235, 0.000155312460265, 0.000106250518002, 0.00011848097347, 9.13504627533e-05, 5.92026481172e-05, 8.01345013315e-05, 6.17281766608e-05, 4.65239245386e-05, 4.51919040643e-05, 2.91985506919e-05, 2.85277765215e-05, 1.75452369149e-05, 1.73163025465e-05, 1.09839902507e-05, 7.14970838089e-06, 6.66937148708e-06, 5.56787381356e-06, 4.85400005346e-06, 4.0226764213e-06, 3.83851738661e-06, 3.60148146683e-06, 3.25793030242e-06, 3.30389389092e-06, 2.7776764e-06, 2.5227700462e-06, 2.36043024415e-06, 2.22967855734e-06, 2.51241340266e-06],
        "median": [0.00112276547588, 0.000670073728543, 0.000184327655006, 0.000126041166368, 9.3420232588e-05, 9.10922899493e-05, 9.44571147556e-05, 9.74422728177e-05, 9.75497969193e-05, 0.000102452140709, 8.33599187899e-05, 9.18609148357e-05, 4.97848777741e-05, 3.50091941073e-05, 4.02868026868e-05, 3.18880229315e-05, 2.62605572061e-05, 3.01057025354e-05, 2.60083888861e-05, 2.302786379e-05, 1.79493308679e-05, 1.52191350935e-05, 1.45636240632e-05, 9.832352589e-06, 9.85160932032e-06, 6.40176494926e-06, 3.93123991671e-06, 3.29867611981e-06, 2.94605342788e-06, 2.44358443524e-06, 2.23225310947e-06, 1.98136763174e-06, 1.81883092409e-06, 1.8309965526e-06, 1.93843970919e-06, 1.59411354161e-06, 1.2422636928e-06, 1.08228073259e-06, 9.36481683311e-07, 8.98780285752e-07],
        "min": [4.99466453837e-24, 9.11655703703e-24, 9.31148220012e-24, 6.71818559346e-24, 5.40790932357e-24, 2.55270971308e-24, 5.42760639151e-24, 6.36704703847e-24, 9.38287647863e-24, 7.31021308106e-24, 8.48916333733e-24, 5.65761732666e-24, 6.36931738016e-24, 1.27778435139e-23, 6.82289504572e-24, 5.49723559374e-24, 7.08130457903e-24, 3.6450473807e-24, 8.89336225453e-24, 6.15735045492e-24, 6.99808212011e-24, 7.20715313696e-24, 5.8961909525e-24, 1.16565818668e-23, 7.29626286481e-24, 6.62755730837e-24, 5.63221994981e-24, 1.03250816886e-23, 9.58228394939e-24, 1.00695002217e-23, 1.05676863937e-23, 1.0090896496e-23, 7.50188024862e-24, 9.59183311065e-24, 6.98085576452e-24, 6.47100786173e-24, 8.19351641385e-24, 1.31421536794e-23, 9.21005677582e-24, 1.02750095315e-23],
        "var": [7.67886558606e-06, 5.3588105402e-06, 1.84268549219e-06, 1.19656249353e-07, 1.87243571759e-07, 2.56179959024e-07, 6.85737404638e-07, 3.10593605946e-07, 5.79690947689e-07, 3.97428266297e-07, 4.13084848105e-07, 3.71853843717e-07, 1.35228262366e-07, 5.11687581195e-08, 5.43857900936e-08, 4.78772754775e-08, 1.38735760657e-08, 2.13343014366e-08, 1.21064411829e-08, 5.77779246669e-09, 8.62067572882e-09, 3.01349101228e-09, 1.88148230329e-09, 5.59721546889e-10, 5.26427734737e-10, 2.17270285097e-10, 9.27138019136e-11, 8.37579380852e-11, 6.22767323821e-11, 6.03505370678e-11, 3.69121157251e-11, 3.8386151896e-11, 3.47418586955e-11, 2.12753807627e-11, 2.05535432424e-11, 1.89672964834e-11, 2.27987802248e-11, 2.46284884847e-11, 2.26193265507e-11, 5.3642500164e-11]
    },
    "mfcc": {
        "mean": [-619.426635742, 102.763557434, -9.86218738556, 2.78541707993, 4.25726509094, 1.28441464901, -0.819017767906, 9.26523208618, 5.28702449799, 6.32620811462, 3.44491887093, 1.20653426647, 0.796689212322],
        "cov": [[4429.26123047, -612.18963623, 708.753601074, 436.504119873, 389.557952881, 351.6612854, 264.2371521, 108.09854126, 190.997299194, 188.069656372, 159.36517334, 163.743331909, 178.195877075], [-612.18963623, 733.428161621, 18.6030693054, 100.632820129, 35.977394104, 4.83445453644, 7.2029671669, 0.952336013317, -56.7928733826, -21.1318206787, -18.6076107025, -19.6413860321, -14.8201303482], [708.753601074, 18.6030693054, 927.034484863, 406.514923096, 408.779785156, 129.320999146, 31.0188407898, 3.9814286232, 29.0807952881, 70.6126327515, 83.3008651733, 49.5053215027, 75.5040588379], [436.504119873, 100.632820129, 406.514923096, 424.909393311, 270.633666992, 95.2177734375, 21.2852592468, 29.6292362213, 22.7845191956, 38.6344032288, 39.0863265991, 47.7058334351, 49.4922599792], [389.557952881, 35.977394104, 408.779785156, 270.633666992, 365.477050781, 104.280487061, 33.874004364, 27.9339256287, 35.3617134094, 58.1041679382, 43.3108482361, 31.7111873627, 56.3545684814], [351.6612854, 4.83445453644, 129.320999146, 95.2177734375, 104.280487061, 223.697418213, 134.376419067, 52.795337677, 50.5818252563, 30.9354171753, 25.4279632568, 22.769525528, 30.6959629059], [264.2371521, 7.2029671669, 31.0188407898, 21.2852592468, 33.874004364, 134.376419067, 162.239944458, 59.932346344, 46.4567184448, 21.2358398438, 21.2272529602, 18.7790660858, 23.241317749], [108.09854126, 0.952336013317, 3.9814286232, 29.6292362213, 27.9339256287, 52.795337677, 59.932346344, 121.589988708, 62.220123291, 33.6057434082, 21.7488498688, 19.6763782501, 11.0255222321], [190.997299194, -56.7928733826, 29.0807952881, 22.7845191956, 35.3617134094, 50.5818252563, 46.4567184448, 62.220123291, 132.353713989, 67.0246734619, 25.6268749237, 13.212469101, 12.2646131516], [188.069656372, -21.1318206787, 70.6126327515, 38.6344032288, 58.1041679382, 30.9354171753, 21.2358398438, 33.6057434082, 67.0246734619, 111.949073792, 51.475933075, 13.4151802063, 19.5388088226], [159.36517334, -18.6076107025, 83.3008651733, 39.0863265991, 43.3108482361, 25.4279632568, 21.2272529602, 21.7488498688, 25.6268749237, 51.475933075, 87.8334197998, 48.3010139465, 22.2233905792], [163.743331909, -19.6413860321, 49.5053215027, 47.7058334351, 31.7111873627, 22.769525528, 18.7790660858, 19.6763782501, 13.212469101, 13.4151802063, 48.3010139465, 101.925918579, 45.7976989746], [178.195877075, -14.8201303482, 75.5040588379, 49.4922599792, 56.3545684814, 30.6959629059, 23.241317749, 11.0255222321, 12.2646131516, 19.5388088226, 22.2233905792, 45.7976989746, 78.5052337646]],
