{
"lowlevel": {
    "average_loudness": 0.746149361134,
    "barkbands_crest": {
        "dmean": 2.63120985031,
        "dmean2": 4.14705562592,
        "dvar": 5.64728546143,
        "dvar2": 13.3118944168,
        "max": 26.2813053131,
        "mean": 12.1817407608,
        "median": 10.9578390121,
        "min": 2.61655116081,
        "var": 30.1901016235
    },
    "barkbands_flatness_db": {
        "dmean": 0.0202926639467,
        "dmean2": 0.0300377868116,
        "dvar": 0.0003606423561,
        "dvar2": 0.000760653521866,
        "max": 0.403121441603,
        "mean": 0.152689352632,
        "median": 0.138972684741,
        "min": 0.0298417322338,
        "var": 0.00340362009592
    },
    "barkbands_kurtosis": {
        "dmean": 3.14617347717,
        "dmean2": 4.71677303314,
        "dvar": 70.9087371826,
        "dvar2": 145.852523804,
        "max": 272.741485596,
        "mean": 5.32112169266,
        "median": 0.904129862785,
        "min": -1.95810711384,
        "var": 230.947463989
    },
    "barkbands_skewness": {
        "dmean": 0.496941298246,
        "dmean2": 0.741496562958,
        "dvar": 0.34933924675,
        "dvar2": 0.724851369858,
        "max": 15.429485321,
        "mean": 1.27257716656,
        "median": 0.785830616951,
        "min": -2.13764476776,
        "var": 2.76576137543
    },
    "barkbands_spread": {
        "dmean": 5.2445268631,
        "dmean2": 7.82836055756,
        "dvar": 47.684928894,
        "dvar2": 87.3820800781,
        "max": 125.33908844,
        "mean": 22.2927017212,
        "median": 20.5458660126,
        "min": 0.531310737133,
        "var": 220.852737427
    },
    "dissonance": {
        "dmean": 0.0217303670943,
        "dmean2": 0.0370942093432,
        "dvar": 0.000424133002525,
        "dvar2": 0.00116978259757,
        "max": 0.499997138977,
        "mean": 0.461626648903,
        "median": 0.468417018652,
        "min": 0.271163731813,
        "var": 0.000870525836945
    },
    "dynamic_complexity": 3.92573547363,
    "erbbands_crest": {
        "dmean": 2.90554761887,
        "dmean2": 4.70988273621,
        "dvar": 7.26865291595,
        "dvar2": 17.5825614929,
        "max": 31.2207679749,
        "mean": 11.3752937317,
        "median": 10.1587238312,
        "min": 2.4241194725,
        "var": 30.7579917908
    },
    "erbbands_flatness_db": {
        "dmean": 0.0167551711202,
        "dmean2": 0.0248412042856,
        "dvar": 0.000228700213484,
        "dvar2": 0.000480458460515,
        "max": 0.391388714314,
        "mean": 0.16877527535,
        "median": 0.164744764566,
        "min": 0.0299438666552,
        "var": 0.00250107911415
    },
    "erbbands_kurtosis": {
        "dmean": 1.19819760323,
        "dmean2": 1.89113605022,
        "dvar": 2.84216213226,
        "dvar2": 7.01987981796,
        "max": 39.7249641418,
        "mean": 1.72765111923,
        "median": 0.854802966118,
        "min": -1.84936797619,
        "var": 9.56988334656
    },
    "erbbands_skewness": {
        "dmean": 0.353385299444,
        "dmean2": 0.547479093075,
        "dvar": 0.102357886732,
        "dvar2": 0.237684801221,
        "max": 5.17469120026,
        "mean": 0.595871210098,
        "median": 0.587121248245,
        "min": -3.17423224449,
        "var": 0.529450535774
    },
    "erbbands_spread": {
        "dmean": 6.26927471161,
        "dmean2": 9.32568264008,
        "dvar": 68.3093109131,
        "dvar2": 135.822250366,
        "max": 150.059829712,
        "mean": 30.402961731,
        "median": 24.8648490906,
        "min": 2.0572040081,
        "var": 433.77355957
    },
    "hfc": {
        "dmean": 5.49218702316,
        "dmean2": 8.35017681122,
        "dvar": 57.4855308533,
        "dvar2": 129.800628662,
        "max": 135.584274292,
        "mean": 22.7736415863,
        "median": 16.6043491364,
        "min": 1.17336311044e-16,
        "var": 446.308380127
    },
    "melbands_crest": {
        "dmean": 3.24406814575,
        "dmean2": 5.14830350876,
        "dvar": 8.65969657898,
        "dvar2": 20.8377113342,
        "max": 34.2100830078,
        "mean": 16.4665298462,
        "median": 15.38630867,
        "min": 1.47192323208,
        "var": 45.7840843201
    },
    "melbands_flatness_db": {
        "dmean": 0.0242163464427,
        "dmean2": 0.0352836512029,
        "dvar": 0.0005328929401,
        "dvar2": 0.00109496398363,
        "max": 0.492012441158,
        "mean": 0.201664924622,
        "median": 0.184634357691,
        "min": 0.00101045530755,
        "var": 0.00612521776929
    },
    "melbands_kurtosis": {
        "dmean": 6.58179521561,
        "dmean2": 9.89146995544,
        "dvar": 258.925384521,
        "dvar2": 571.132385254,
        "max": 486.364593506,
        "mean": 13.3550624847,
        "median": 2.93932437897,
        "min": -1.64217758179,
        "var": 906.147338867
    },
    "melbands_skewness": {
        "dmean": 0.648820698261,
        "dmean2": 0.969799280167,
        "dvar": 0.585376858711,
        "dvar2": 1.24202096462,
        "max": 16.9070644379,
        "mean": 2.10532808304,
        "median": 1.43403029442,
        "min": -1.82982957363,
        "var": 5.02803897858
    },
    "melbands_spread": {
        "dmean": 5.80786323547,
        "dmean2": 8.98854446411,
        "dvar": 46.4665260315,
        "dvar2": 101.697685242,
        "max": 181.55821228,
        "mean": 25.8533554077,
        "median": 26.0029830933,
        "min": 0.548049509525,
        "var": 253.772689819
    },
    "pitch_salience": {
        "dmean": 0.0647956803441,
        "dmean2": 0.103046610951,
        "dvar": 0.00370874814689,
        "dvar2": 0.00906714890152,
        "max": 0.988185882568,
        "mean": 0.48916170001,
        "median": 0.496474295855,
        "min": 0.0446470975876,
        "var": 0.0167570635676
    },
    "silence_rate_20dB": {
        "dmean": 0,
        "dmean2": 0,
        "dvar": 0,
        "dvar2": 0,
        "max": 1,
        "mean": 1,
        "median": 1,
        "min": 1,
        "var": 0
    },
    "silence_rate_30dB": {
        "dmean": 0.000240760797169,
        "dmean2": 0.000481579569168,
        "dvar": 0.000240696797846,
        "dvar2": 0.000722113240045,
        "max": 1,
        "mean": 0.999879658222,
        "median": 1,
        "min": 0,
        "var": 0.000120349905046
    },
    "silence_rate_60dB": {
        "dmean": 0.00842662807554,
        "dmean2": 0.0168552845716,
        "dvar": 0.00835646037012,
        "dvar2": 0.0194590315223,
        "max": 1,
        "mean": 0.0476649031043,
        "median": 0,
        "min": 0,
        "var": 0.0453846864402
    },
    "spectral_centroid": {
        "dmean": 193.220474243,
        "dmean2": 295.780761719,
        "dvar": 54737.3671875,
        "dvar2": 107059.445312,
        "max": 11550.9775391,
        "mean": 1385.12268066,
        "median": 1389.05322266,
        "min": 219.225372314,
        "var": 297553.0625
    },
    "spectral_complexity": {
        "dmean": 3.02853012085,
        "dmean2": 4.782807827,
        "dvar": 10.1602172852,
        "dvar2": 22.5378646851,
        "max": 53,
        "mean": 17.500120163,
        "median": 16,
        "min": 0,
        "var": 102.847396851
    },
    "spectral_decrease": {
        "dmean": 1.65700297927e-09,
        "dmean2": 2.56208521066e-09,
        "dvar": 3.70571744545e-18,
        "dvar2": 9.0960080607e-18,
        "max": 7.09956759106e-29,
        "mean": -6.40492192616e-09,
        "median": -5.3312518844e-09,
        "min": -2.90521029456e-08,
        "var": 2.07423231377e-17
    },
    "spectral_energy": {
        "dmean": 0.00660020625219,
        "dmean2": 0.0102021321654,
        "dvar": 5.77620558033e-05,
        "dvar2": 0.000142358767334,
        "max": 0.115344002843,
        "mean": 0.0262392386794,
        "median": 0.0217380784452,
        "min": 1.07693059251e-20,
        "var": 0.000347405992215
    },
    "spectral_energyband_high": {
        "dmean": 0.000276710925391,
        "dmean2": 0.000387301843148,
        "dvar": 3.20542000054e-07,
        "dvar2": 5.50989966541e-07,
        "max": 0.010178710334,
        "mean": 0.0007246210007,
        "median": 0.000344321771991,
        "min": 7.94957727168e-21,
        "var": 1.17245895126e-06
    },
    "spectral_energyband_low": {
        "dmean": 0.00398902781308,
        "dmean2": 0.00612689228728,
        "dvar": 3.7461752072e-05,
        "dvar2": 8.76457779668e-05,
        "max": 0.0796995609999,
        "mean": 0.00925380736589,
        "median": 0.00621390389279,
        "min": 7.4243076115e-23,
        "var": 9.83428326435e-05
    },
    "spectral_energyband_middle_high": {
        "dmean": 0.00292940367945,
        "dmean2": 0.00467908242717,
        "dvar": 2.16776879824e-05,
        "dvar2": 5.78607941861e-05,
        "max": 0.0789580270648,
        "mean": 0.00982914771885,
        "median": 0.00503572449088,
        "min": 1.48222869587e-21,
        "var": 0.000129477615701
    },
    "spectral_energyband_middle_low": {
        "dmean": 0.00246476731263,
        "dmean2": 0.0039048185572,
        "dvar": 1.32456843858e-05,
        "dvar2": 3.30555449182e-05,
        "max": 0.080813460052,
        "mean": 0.00682914955541,
        "median": 0.00460498128086,
        "min": 3.37847365767e-22,
        "var": 4.54382461612e-05
    },
    "spectral_entropy": {
        "dmean": 0.146752640605,
        "dmean2": 0.208810657263,
        "dvar": 0.0215357076377,
        "dvar2": 0.0400864370167,
        "max": 9.79092121124,
        "mean": 7.60862970352,
        "median": 7.6322722435,
        "min": 5.56785964966,
        "var": 0.180534243584
    },
    "spectral_flux": {
        "dmean": 0.0199515949935,
        "dmean2": 0.0319800786674,
        "dvar": 0.000428291008575,
        "dvar2": 0.00107252143789,
        "max": 0.274820208549,
        "mean": 0.0762112960219,
        "median": 0.0695736333728,
        "min": 7.11649836282e-11,
        "var": 0.00165253260639
    },
    "spectral_kurtosis": {
        "dmean": 1.32158970833,
        "dmean2": 2.13710284233,
        "dvar": 2.19553780556,
        "dvar2": 5.88363170624,
        "max": 35.5859870911,
        "mean": 4.90161275864,
        "median": 4.48997306824,
        "min": -1.58850562572,
        "var": 9.05337429047
    },
    "spectral_rms": {
        "dmean": 0.000612563744653,
        "dmean2": 0.000928879075218,
        "dvar": 3.38266403332e-07,
        "dvar2": 7.72448402131e-07,
        "max": 0.0106080500409,
        "mean": 0.00471461098641,
        "median": 0.00460520200431,
        "min": 3.24139478279e-12,
        "var": 3.37174788001e-06
    },
    "spectral_rolloff": {
        "dmean": 409.900543213,
        "dmean2": 675.934326172,
        "dvar": 1035739.5625,
        "dvar2": 2100570.25,
        "max": 18626.2207031,
        "mean": 1479.7989502,
        "median": 1205.859375,
        "min": 43.06640625,
        "var": 2353849
    },
    "spectral_skewness": {
        "dmean": 0.184724375606,
        "dmean2": 0.285696178675,
        "dvar": 0.0327987521887,
        "dvar2": 0.0720951259136,
        "max": 4.60547208786,
        "mean": 1.75326037407,
        "median": 1.73500072956,
        "min": -0.282013058662,
        "var": 0.20513574779
    },
    "spectral_spread": {
        "dmean": 558809.625,
        "dmean2": 776022.4375,
        "dvar": 759291183104,
        "dvar2": 1.09689720013e+12,
        "max": 42217824,
        "mean": 4867380,
        "median": 4463880,
        "min": 1927216.5,
        "var": 4.23540686848e+12
    },
    "spectral_strongpeak": {
        "dmean": 0.767617762089,
        "dmean2": 1.30177998543,
        "dvar": 1.45757496357,
        "dvar2": 3.73482441902,
        "max": 13.4683036804,
        "mean": 1.49111092091,
        "median": 0.430422961712,
        "min": 0,
        "var": 3.42773842812
    },
    "zerocrossingrate": {
        "dmean": 0.00962261483073,
        "dmean2": 0.0110907917842,
        "dvar": 0.000184541393537,
        "dvar2": 0.000189617712749,
        "max": 0.6396484375,
        "mean": 0.0609416477382,
        "median": 0.0576171875,
        "min": 0.00244140625,
        "var": 0.00149659533054
    },
    "barkbands": {
        "dmean": [0.000202273076866, 0.00365481618792, 0.000851860968396, 0.000298763508908, 0.000583001063205, 0.000534216174856, 0.000634446099866, 0.000730213883799, 0.000952155678533, 0.00103261612821, 0.00141067116056, 0.000910276488867, 0.000450492108939, 0.000388146901969, 0.000341336010024, 0.000317761587212, 0.000195873188204, 0.000147248065332, 0.00011180050933, 7.30433675926e-05, 6.59281940898e-05, 5.44438917132e-05, 4.57764836028e-05, 4.97267537867e-05, 7.50995022827e-05, 2.31811027334e-05, 7.4135404482e-09],
        "dmean2": [0.000332450610586, 0.00564020313323, 0.00145063945092, 0.000512580678333, 0.00096650631167, 0.000866886402946, 0.00101001362782, 0.00114953215234, 0.00150312564801, 0.00164044462144, 0.00223034527153, 0.00147339550313, 0.000712477427442, 0.000631326343864, 0.000560524000321, 0.000505018630065, 0.000310316274408, 0.000237760948949, 0.000177536174306, 0.000117830990348, 0.000102050697024, 8.18424232421e-05, 6.99223382981e-05, 7.27244841983e-05, 0.000105100887595, 3.49063011527e-05, 1.32806334818e-08],
        "dvar": [1.2684496653e-07, 3.54228068318e-05, 7.6147348409e-06, 4.94947585139e-07, 1.00282409221e-06, 1.011239533e-06, 2.01457896765e-06, 3.8629809751e-06, 5.51897619516e-06, 5.3076128097e-06, 1.04983300844e-05, 6.29846726952e-06, 1.14315582778e-06, 1.00193017261e-06, 7.44256283269e-07, 6.26677660875e-07, 2.50850064276e-07, 8.19527699036e-08, 4.11010283585e-08, 1.59478599215e-08, 2.28314434025e-08, 2.38288109244e-08, 9.2936289775e-09, 1.19296084122e-08, 3.80924909393e-08, 3.24161142373e-09, 6.75092628148e-15],
        "dvar2": [3.05285539071e-07, 8.12155849417e-05, 1.95595530386e-05, 1.33412834202e-06, 2.50335574492e-06, 2.54627616414e-06, 4.97584414916e-06, 9.46493491938e-06, 1.37983643071e-05, 1.27445027829e-05, 2.61433760897e-05, 1.68900060089e-05, 2.66139795713e-06, 2.55778604696e-06, 1.98413658836e-06, 1.4117642877e-06, 5.55349174647e-07, 1.9832344833e-07, 9.71999298827e-08, 4.00754132102e-08, 4.89218230371e-08, 5.03026065246e-08, 1.93963636264e-08, 2.49950993236e-08, 6.99325255482e-08, 6.67473809557e-09, 1.73269974486e-14],
        "max": [0.00620671687648, 0.0728652626276, 0.0334268435836, 0.0115418573841, 0.01827923581, 0.0194713231176, 0.0283314846456, 0.046435110271, 0.0718977078795, 0.0403672084212, 0.0564072839916, 0.0554442256689, 0.0303352400661, 0.024184288457, 0.0240878071636, 0.021294971928, 0.0183487739414, 0.0100363884121, 0.00401782849804, 0.00232992647216, 0.00296704634093, 0.00338950008154, 0.0020603123121, 0.00352195603773, 0.00487471465021, 0.00139645859599, 3.46739398083e-06],
        "mean": [0.000335225369781, 0.00789234042168, 0.000847910705488, 0.000330766488332, 0.00104609015398, 0.000899673032109, 0.0010162886465, 0.00135932466947, 0.00178220833186, 0.00183666287921, 0.00263995979913, 0.00173883326352, 0.000877810700331, 0.000728844606783, 0.000669913424645, 0.000566040398553, 0.000346182467183, 0.000291721982649, 0.000230264224228, 0.000167052116012, 0.000131970649818, 0.000105418148451, 0.000100657038274, 0.000104421356809, 0.000155592584633, 3.80691635655e-05, 5.45649792016e-09],
        "median": [0.000177198235178, 0.00498507451266, 0.000235149520449, 0.000127519626403, 0.000653844559565, 0.000442551827291, 0.000353808456566, 0.000154056237079, 0.000358362798579, 0.000421105592977, 0.000422203098424, 0.000298044440569, 0.000191100203665, 0.000171686144313, 0.000165673729498, 0.000165240926435, 0.000139539697557, 0.000146801321534, 0.000121047487482, 8.06736643426e-05, 5.02996117575e-05, 3.63441795344e-05, 4.49429644505e-05, 4.09389431297e-05, 4.68914586236e-05, 1.22075834952e-05, 5.98546434638e-10],
        "min": [5.73398379545e-24, 3.56862340395e-23, 1.2944876922e-23, 7.74450309749e-24, 1.14996435117e-23, 6.0155351945e-23, 5.62650875463e-23, 2.98804228809e-23, 6.23264359957e-23, 4.58674464316e-23, 2.40901601707e-23, 7.4794085991e-23, 1.1422559495e-22, 7.52061175081e-23, 1.1175705354e-22, 7.75747323295e-23, 1.94002997321e-22, 1.19251105922e-22, 2.18694532981e-22, 3.09303778131e-22, 4.65649017082e-22, 4.51892898482e-22, 5.94959450076e-22, 7.31534421104e-22, 1.16225873575e-21, 1.76011129849e-21, 2.36277194951e-21],
        "var": [2.46731559628e-07, 8.10826386441e-05, 6.3575976128e-06, 4.34736051602e-07, 1.98339353119e-06, 1.94051790459e-06, 3.55229576599e-06, 1.21227876662e-05, 1.33976973302e-05, 1.33526382342e-05, 2.91830747301e-05, 1.805109423e-05, 4.44734496341e-06, 3.04868035528e-06, 2.74896933661e-06, 1.48906474351e-06, 5.82410109473e-07, 2.26529607517e-07, 1.02260386825e-07, 4.67338701071e-08, 5.4735806998e-08, 5.15995388639e-08, 2.65300030833e-08, 3.31994982616e-08, 1.1632110386e-07, 6.59063914554e-09, 5.04575282042e-15]
    },
    "erbbands": {
        "dmean": [0.136477977037, 0.747784376144, 0.939319849014, 0.998773276806, 1.08492827415, 2.28563952446, 3.76721787453, 4.77584171295, 8.08323669434, 12.2881603241, 14.8608789444, 21.5465354919, 26.1037845612, 39.5910758972, 49.8897972107, 34.7758293152, 20.3484973907, 18.8847427368, 17.4222888947, 16.6916675568, 14.4974021912, 9.97999191284, 7.98357915878, 6.93620824814, 4.18723344803, 3.38618969917, 3.25277018547, 2.04233837128, 2.12211680412, 1.5808660984, 1.27983117104, 0.945642530918, 0.939411103725, 0.807077229023, 0.585246682167, 0.18410860002, 0.0264568384737, 0.000833732774481, 2.91561755148e-05, 9.29993257159e-06],
        "dmean2": [0.199856638908, 1.17156803608, 1.54228246212, 1.67948007584, 1.85107207298, 3.82259273529, 6.13490533829, 7.72244882584, 13.0560073853, 19.1339149475, 23.9401321411, 34.2307434082, 42.0060844421, 63.096321106, 78.5955657959, 56.2469978333, 32.1138763428, 29.9889526367, 27.6538486481, 26.6749401093, 22.8298377991, 15.6143312454, 12.7242174149, 11.0655155182, 6.65748691559, 5.424015522, 5.04213285446, 3.15656423569, 3.23169922829, 2.42157030106, 1.97271180153, 1.41533958912, 1.37092936039, 1.17111945152, 0.834327936172, 0.271342277527, 0.0408415384591, 0.00131972064264, 4.34420289821e-05, 1.3968249732e-05],
        "dvar": [0.044924993068, 1.68875789642, 7.27398300171, 6.20045471191, 4.46674871445, 18.0530872345, 53.2147483826, 91.8981552124, 385.733184814, 945.11315918, 1514.26074219, 3591.6237793, 3393.46069336, 9971.46191406, 15001.2880859, 12259.1083984, 2165.76318359, 2003.49645996, 1579.81604004, 1618.28710938, 1659.41003418, 622.70123291, 265.666900635, 174.974990845, 58.8728027344, 38.0263137817, 52.4851264954, 25.2478179932, 41.3425140381, 12.6977319717, 7.46590852737, 3.66225528717, 5.04743766785, 4.22179317474, 2.67284345627, 0.20047545433, 0.00606620870531, 2.07720004255e-05, 9.51299483631e-09, 1.31631816558e-10],
        "dvar2": [0.100536353886, 3.90690875053, 18.2016983032, 15.1064052582, 12.0769138336, 46.7699127197, 132.934753418, 230.131607056, 953.627319336, 2171.64208984, 3993.57495117, 9255.08007812, 8617.93457031, 25756.3105469, 39012.53125, 33492.0273438, 5123.86669922, 4736.72998047, 3913.50268555, 3777.14941406, 3530.09155273, 1321.20373535, 597.571350098, 422.50668335, 141.539001465, 94.2293319702, 117.386749268, 52.8263893127, 91.7816085815, 26.5289554596, 16.2729797363, 7.7364988327, 10.7088317871, 8.40185832977, 4.93944883347, 0.39259955287, 0.013346333988, 5.25801842741e-05, 2.1647769799e-08, 2.91080493042e-10],
        "max": [2.85995364189, 17.6939563751, 32.5288009644, 31.3943786621, 41.8131752014, 94.7279968262, 135.714706421, 216.60975647, 395.668731689, 751.061706543, 893.782531738, 2138.31494141, 1063.16638184, 2449.54248047, 2632.49707031, 2780.35888672, 1690.24755859, 1176.01416016, 777.929321289, 1072.87365723, 1310.24536133, 941.505065918, 718.25567627, 328.256652832, 181.343551636, 158.404769897, 157.055892944, 100.271652222, 152.694854736, 84.2848205566, 65.0223312378, 57.8181304932, 62.1524581909, 58.0451622009, 44.6123466492, 11.3224525452, 2.01444602013, 0.202982112765, 0.00383069110103, 0.00023501351825],
        "mean": [0.30743303895, 1.45087873936, 1.17694914341, 1.1538015604, 1.60441112518, 3.84286022186, 6.53682565689, 7.93118906021, 12.9929971695, 23.5492630005, 27.7812290192, 40.2954101562, 51.1596908569, 76.4525985718, 106.389213562, 71.5760192871, 44.2599029541, 38.1523513794, 36.1608581543, 32.891910553, 28.0411319733, 19.98254776, 16.8441944122, 14.3582992554, 9.38537502289, 7.8564248085, 6.75734758377, 4.04304790497, 3.89237713814, 3.3222181797, 2.78918099403, 2.04629540443, 1.88367283344, 1.64051747322, 1.14389038086, 0.334796190262, 0.0379410721362, 0.0010474108858, 5.967594916e-05, 3.69011322618e-05],
        "median": [0.207654178143, 0.81415951252, 0.479403287172, 0.439187765121, 0.929047822952, 2.20670104027, 2.98303890228, 3.77283811569, 5.09021091461, 4.66007900238, 5.27194499969, 9.64531135559, 14.583814621, 19.9977264404, 20.026348114, 13.6308479309, 12.0557327271, 10.4484128952, 11.5412473679, 10.7395458221, 9.79679489136, 8.95331001282, 8.73979568481, 7.67991256714, 5.31121063232, 3.67622303963, 2.62159609795, 1.59776258469, 1.33688616753, 1.29479002953, 1.22663497925, 0.891363382339, 0.675252616405, 0.500179946423, 0.341226369143, 0.110790595412, 0.01059387438, 0.000259337277384, 2.85264541162e-05, 3.03045271721e-05],
        "min": [6.35183682203e-22, 6.30643104856e-21, 2.34847836546e-20, 2.27920715904e-20, 1.95916742575e-20, 4.90606152743e-20, 2.37939175285e-19, 4.31429800355e-19, 5.52951989819e-19, 8.7652627879e-19, 6.4610245296e-19, 1.16815997068e-18, 1.76393080982e-18, 1.72037147876e-18, 1.65645409545e-18, 3.12046213985e-18, 4.63922716266e-18, 4.61445972076e-18, 5.67263630963e-18, 4.09756489573e-18, 6.43755710543e-18, 1.27264855712e-17, 7.69911010997e-18, 1.02670269744e-17, 9.64553226576e-18, 1.63894936137e-17, 2.05397830017e-17, 1.58097657357e-17, 1.33576516756e-17, 1.5187148543e-17, 1.64773451578e-17, 1.63026760453e-17, 1.08322378326e-17, 1.14639424315e-17, 8.25881029093e-18, 6.09749157508e-18, 3.66648509618e-18, 1.32157374677e-18, 3.54479488565e-19, 3.33589080969e-20],
        "var": [0.107467018068, 3.5642888546, 7.21350669861, 6.20876026154, 5.05988454819, 31.2067070007, 119.67363739, 173.326705933, 625.869384766, 3313.41479492, 3759.38378906, 7651.68896484, 8933.84277344, 25593.8222656, 51829.125, 34007.1835938, 9365.53710938, 5808.41748047, 5047.88085938, 4441.734375, 3863.86450195, 1680.89233398, 815.638305664, 432.412261963, 147.422744751, 112.390991211, 130.300354004, 57.2387542725, 78.888343811, 33.8752326965, 20.4351711273, 10.4104242325, 13.2442684174, 11.8726444244, 7.46610641479, 0.488067626953, 0.00876529328525, 1.80377573997e-05, 1.35852822325e-08, 7.31644855811e-10]
    },
    "gfcc": {
        "mean": [-8.14569187164, 88.1222457886, -126.523956299, 26.0914936066, -58.330291748, 34.496711731, -36.3026657104, 26.5885314941, -23.2648143768, 8.10619831085, -7.60670137405, 5.75891065598, 0.487751811743],
        "cov": [[6090.87890625, -741.929931641, -200.978302002, 179.231292725, -223.510467529, 302.168823242, 13.621137619, 203.751556396, -141.772293091, 333.016143799, -177.475418091, 202.655029297, -185.417816162], [-741.929931641, 975.397033691, 318.316864014, 126.079788208, 241.501937866, -35.5963249207, 158.812423706, -37.63331604, 97.0534820557, -70.1504592896, 187.64276123, -47.2908325195, 114.489265442], [-200.978302002, 318.316864014, 1129.70910645, 409.760406494, 200.497299194, 90.6098861694, -56.9742736816, 56.4613838196, 13.0050315857, 60.929271698, 103.816482544, 81.8118362427, 75.23878479], [179.231292725, 126.079788208, 409.760406494, 422.632965088, 148.470794678, 14.2524747849, -27.448797226, 29.737411499, 7.03387832642, -6.0467581749, 38.0849533081, 38.4266967773, 45.0060768127], [-223.510467529, 241.501937866, 200.497299194, 148.470794678, 263.259368896, 77.0279388428, 47.9686927795, 8.38273429871, 8.78353214264, -12.1220731735, 46.1126899719, 2.94985556602, 27.3424034119], [302.168823242, -35.5963249207, 90.6098861694, 14.2524747849, 77.0279388428, 227.139389038, 75.6295394897, -13.4684715271, -6.92191505432, 30.1290607452, -10.2144060135, -2.65374946594, -30.7099552155], [13.621137619, 158.812423706, -56.9742736816, -27.448797226, 47.9686927795, 75.6295394897, 190.916259766, 11.2842464447, 21.2351112366, 1.72391712666, 32.1827201843, -25.3257236481, -6.18416976929], [203.751556396, -37.63331604, 56.4613838196, 29.737411499, 8.38273429871, -13.4684715271, 11.2842464447, 131.523452759, 40.2936859131, 13.689655304, 3.77480173111, 11.0403118134, 2.07841014862], [-141.772293091, 97.0534820557, 13.0050315857, 7.03387832642, 8.78353214264, -6.92191505432, 21.2351112366, 40.2936859131, 124.263916016, 12.5289945602, 15.2372274399, -19.4273166656, 9.90892887115], [333.016143799, -70.1504592896, 60.929271698, -6.0467581749, -12.1220731735, 30.1290607452, 1.72391712666, 13.689655304, 12.5289945602, 111.913261414, 17.3577346802, 21.2681026459, -28.358171463], [-177.475418091, 187.64276123, 103.816482544, 38.0849533081, 46.1126899719, -10.2144060135, 32.1827201843, 3.77480173111, 15.2372274399, 17.3577346802, 126.316162109, 13.4643392563, 28.0303440094], [202.655029297, -47.2908325195, 81.8118362427, 38.4266967773, 2.94985556602, -2.65374946594, -25.3257236481, 11.0403118134, -19.4273166656, 21.2681026459, 13.4643392563, 96.9001312256, 25.1786384583], [-185.417816162, 114.489265442, 75.23878479, 45.0060768127, 27.3424034119, -30.7099552155, -6.18416976929, 2.07841014862, 9.90892887115, -28.358171463, 28.0303440094, 25.1786384583, 106.213005066]],
        "icov": [[0.000426348764449, -0.000585108355153, 0.000563761219382, -0.000799123779871, 0.000919176323805, -0.00106532499194, 0.000431226333603, -0.0012138504535, 0.00101922242902, -0.00147405383177, 0.000850468117278, -0.000810014083982, 0.000297386810416], [-0.000585108355153, 0.0045234519057, -0.00197966000997, 0.00187154090963, -0.00362446252257, 0.00378655665554, -0.00352824083529, 0.00421750033274, -0.0037799810525, 0.00404531741515, -0.00408220523968, 0.00251826015301, -0.00163506797981], [0.000563761219382, -0.00197966000997, 0.00286746839993, -0.00260379118845, 0.00170808355324, -0.00303920335136, 0.00240659457631, -0.00292725395411, 0.00221739639528, -0.00338216731325, 0.00113013572991, -0.00169263745192, 6.22221996309e-05], [-0.000799123779871, 0.00187154090963, -0.00260379118845, 0.00591736659408, -0.00387164228596, 0.00309913814999, -0.0011485213181, 0.00256044510752, -0.0025452580303, 0.00388398114592, -0.00183584133629, 0.00115094950888, -0.000813470338471], [0.000919176323805, -0.00362446252257, 0.00170808355324, -0.00387164228596, 0.00950352754444, -0.00566233089194, 0.00201867264695, -0.00436781160533, 0.00368053419515, -0.00325348041952, 0.00218205456622, -0.00206672004424, 0.000763468327932], [-0.00106532499194, 0.00378655665554, -0.00303920335136, 0.00309913814999, -0.00566233089194, 0.0110865104944, -0.00588721456006, 0.00597878312692, -0.00374743691646, 0.00340755260549, -0.0015886729816, 0.00233144289814, 0.000227686090511], [0.000431226333603, -0.00352824083529, 0.00240659457631, -0.0011485213181, 0.00201867264695, -0.00588721456006, 0.0104553531855, -0.00451376242563, 0.00236163265072, -0.00271196221001, 0.000413603323977, -0.000385861989344, 0.000850988959428], [-0.0012138504535, 0.00421750033274, -0.00292725395411, 0.00256044510752, -0.00436781160533, 0.00597878312692, -0.00451376242563, 0.0144152892753, -0.00757511984557, 0.00507142255083, -0.00331084989011, 0.00156493450049, -0.00080481445184], [0.00101922242902, -0.0037799810525, 0.00221739639528, -0.0025452580303, 0.00368053419515, -0.00374743691646, 0.00236163265072, -0.00757511984557, 0.0140268970281, -0.00670314813033, 0.00325503572822, 0.000369022251107, -0.000428516563261], [-0.00147405383177, 0.00404531741515, -0.00338216731325, 0.00388398114592, -0.00325348041952, 0.00340755260549, -0.00271196221001, 0.00507142255083, -0.00670314813033, 0.0185433998704, -0.00682651344687, 0.000101954079582, 0.00273562129587], [0.000850468117278, -0.00408220523968, 0.00113013572991, -0.00183584133629, 0.00218205456622, -0.0015886729816, 0.000413603323977, -0.00331084989011, 0.00325503572822, -0.00682651344687, 0.0148483198136, -0.00345724471845, -0.000295190984616], [-0.000810014083982, 0.00251826015301, -0.00169263745192, 0.00115094950888, -0.00206672004424, 0.00233144289814, -0.000385861989344, 0.00156493450049, 0.000369022251107, 0.000101954079582, -0.00345724471845, 0.0159295611084, -0.00513520929962], [0.000297386810416, -0.00163506797981, 6.22221996309e-05, -0.000813470338471, 0.000763468327932, 0.000227686090511, 0.000850988959428, -0.00080481445184, -0.000428516563261, 0.00273562129587, -0.000295190984616, -0.00513520929962, 0.0139974942431]]
    },
    "melbands": {
        "dmean": [0.00110574916471, 0.000583281740546, 0.000167653750395, 0.000112672896648, 0.000125619757455, 0.000106974657683, 0.00012284971308, 0.000143058758113, 0.000125720936921, 0.000141146112583, 0.000135280293762, 0.000160428608069, 0.000163589720614, 0.000119804870337, 6.19596103206e-05, 4.81907445646e-05, 3.78300355806e-05, 3.02951284539e-05, 3.05744870275e-05, 2.36114519794e-05, 1.73831213033e-05, 1.24756834339e-05, 8.36344497657e-06, 6.46082071398e-06, 6.32711635262e-06, 3.79754578717e-06, 2.95590689348e-06, 2.47904199568e-06, 2.27800182984e-06, 1.66311963312e-06, 1.15464899864e-06, 1.38569646424e-06, 9.76578576228e-07, 9.30461681037e-07, 8.12591963495e-07, 6.9399811764e-07, 6.08514710621e-07, 6.5523062176e-07, 7.41777853364e-07, 7.23740470221e-07],
        "dmean2": [0.00166038470343, 0.000939846388064, 0.000281085667666, 0.000189736223547, 0.000204069132451, 0.000172818196006, 0.000197526722332, 0.00022305737366, 0.000203286312171, 0.000223413735512, 0.000217559325392, 0.000254887272604, 0.000256767409155, 0.000190363251022, 9.87862222246e-05, 7.59320464567e-05, 6.03519911238e-05, 4.82368232042e-05, 4.98127083119e-05, 3.80501551263e-05, 2.7309934012e-05, 1.96395703824e-05, 1.3467165445e-05, 1.04732262116e-05, 1.01539199022e-05, 6.07986657997e-06, 4.81846700495e-06, 4.00899170927e-06, 3.57783596883e-06, 2.63043671112e-06, 1.80074289347e-06, 2.17243314182e-06, 1.52263589825e-06, 1.44891907894e-06, 1.28372869312e-06, 1.08058577553e-06, 9.30196790705e-07, 9.8547025118e-07, 1.09437382889e-06, 1.07104722247e-06],
        "dvar": [2.96544817502e-06, 1.57334829964e-06, 1.67678265939e-07, 3.64623993221e-08, 5.57255610545e-08, 4.19872954183e-08, 8.27939103942e-08, 1.38309090403e-07, 1.05794171645e-07, 1.53644691636e-07, 9.32027433009e-08, 1.56917693062e-07, 1.43602463254e-07, 9.61284314371e-08, 3.04173966015e-08, 1.53672612413e-08, 9.84790471392e-09, 5.44366907107e-09, 6.94577328986e-09, 3.19557114103e-09, 3.02195979351e-09, 1.18445164787e-09, 2.93755658687e-10, 1.69699060359e-10, 1.57795443378e-10, 5.3854996851e-11, 2.72947393853e-11, 2.10350747237e-11, 2.56619239747e-11, 1.48418430324e-11, 8.03453571036e-12, 2.12303369329e-11, 6.07661837515e-12, 4.17818340689e-12, 3.06416719255e-12, 1.9638646178e-12, 1.60944467389e-12, 2.40770120855e-12, 4.10678218862e-12, 3.26704678935e-12],
        "dvar2": [6.59169108985e-06, 3.80828714697e-06, 4.11187812688e-07, 9.76279039833e-08, 1.37244356324e-07, 1.05096120251e-07, 2.05245967777e-07, 3.17102660574e-07, 2.7605727837e-07, 3.94820347083e-07, 2.36052883906e-07, 4.02395954779e-07, 3.68363316738e-07, 2.56283016142e-07, 7.86406744169e-08, 3.59067406919e-08, 2.34330688187e-08, 1.35845397153e-08, 1.79177916948e-08, 7.78189956918e-09, 6.5579377484e-09, 2.45722420189e-09, 6.66725619158e-10, 4.1686237795e-10, 3.77909092908e-10, 1.2949473438e-10, 7.00169713874e-11, 5.29964509777e-11, 5.86479823039e-11, 3.34953974279e-11, 1.68823705016e-11, 5.07451858311e-11, 1.378775219e-11, 8.99331043663e-12, 6.94275496468e-12, 4.48461233427e-12, 3.61181505711e-12, 5.36418348976e-12, 8.8907067472e-12, 6.78304894891e-12],
        "max": [0.0212612058967, 0.0185981765389, 0.00499241007492, 0.00341834500432, 0.00497881276533, 0.00438064802438, 0.00630052341148, 0.00936927832663, 0.00717103248462, 0.0137469945475, 0.00544163351879, 0.00918743945658, 0.00803554058075, 0.00685692578554, 0.0037954589352, 0.00303844315931, 0.00268818181939, 0.00150407501496, 0.00263894884847, 0.00146724539809, 0.0020740351174, 0.00140288239345, 0.000477465480799, 0.00044237889233, 0.000302940548863, 0.000152483858983, 0.00014338355686, 0.000103951402707, 0.000132187080453, 8.16384781501e-05, 6.3223655161e-05, 0.000114372138341, 7.12308901711e-05, 4.34732683061e-05, 3.94613489334e-05, 3.11718977173e-05, 4.24603895226e-05, 5.01921531395e-05, 7.00312666595e-05, 4.47991587862e-05],
        "mean": [0.00246340851299, 0.00105035409797, 0.000205456628464, 0.000189724378288, 0.000226166899665, 0.000180454022484, 0.000198057678062, 0.000273485580692, 0.000228167744353, 0.000262150599156, 0.000253404548857, 0.00029748401721, 0.000333488744218, 0.000242733134655, 0.000118283642223, 9.66273801168e-05, 6.86972998665e-05, 5.6380413298e-05, 5.68746472709e-05, 4.08026644436e-05, 3.04050481645e-05, 2.17634351429e-05, 1.63394452102e-05, 1.23682939375e-05, 1.19348587759e-05, 7.34880859454e-06, 5.90705394643e-06, 5.10570953338e-06, 4.4378880375e-06, 3.08722724185e-06, 2.09538188756e-06, 2.30577734328e-06, 1.85647854778e-06, 1.84370617262e-06, 1.63893901117e-06, 1.40374243074e-06, 1.18897844459e-06, 1.24135942769e-06, 1.40883253152e-06, 1.38171333219e-06],
        "median": [0.00159457908012, 0.000574121018872, 9.14492411539e-05, 0.000114271402708, 0.00011174743122, 8.79688814166e-05, 7.4560433859e-05, 4.30493091699e-05, 3.79820885428e-05, 5.29562385054e-05, 6.10848073848e-05, 6.09918861301e-05, 6.13543816144e-05, 3.98788470193e-05, 1.95177999558e-05, 1.96172477445e-05, 1.51236499732e-05, 1.53780456458e-05, 1.34737656481e-05, 1.15226703201e-05, 9.73895112111e-06, 8.60817090143e-06, 7.47283411329e-06, 6.53799179418e-06, 5.55325959795e-06, 3.95855022362e-06, 2.88900491796e-06, 2.10829648495e-06, 1.64949437931e-06, 1.08604365323e-06, 7.67387859923e-07, 7.3117678312e-07, 6.64908327508e-07, 7.03999091911e-07, 6.80513551288e-07, 6.4234615138e-07, 4.78464187381e-07, 4.53234349607e-07, 4.36770960732e-07, 4.04875720506e-07],
        "min": [1.10989597587e-23, 1.22103503893e-23, 3.60310127978e-24, 2.07236796916e-24, 7.65686932839e-24, 1.0948790619e-23, 9.73677368021e-24, 9.13347337028e-24, 4.85723589678e-24, 8.70826945375e-24, 9.23490747205e-24, 6.56928494216e-24, 3.7796357286e-24, 8.03407736972e-24, 9.33329341529e-24, 1.10398937984e-23, 8.10585030146e-24, 8.70495702681e-24, 8.06725133736e-24, 4.76753807312e-24, 7.45072183005e-24, 1.30336916158e-23, 1.00095578369e-23, 5.65531898041e-24, 8.63004837297e-24, 7.47255276674e-24, 6.94455317452e-24, 1.17547082748e-23, 1.24693925891e-23, 9.87135729494e-24, 7.61841393698e-24, 7.96037803965e-24, 7.63102624513e-24, 8.25773521356e-24, 1.00653161034e-23, 7.50511931149e-24, 1.05515928424e-23, 7.41301743423e-24, 7.34929640575e-24, 9.17914920555e-24],
        "var": [7.26582220523e-06, 2.4608732474e-06, 1.67893290381e-07, 5.70648950315e-08, 1.29675001403e-07, 8.003069496e-08, 1.38281166073e-07, 5.00796886627e-07, 2.73571401976e-07, 3.40847407188e-07, 2.47887186333e-07, 4.10049921129e-07, 4.87155716655e-07, 2.94154204994e-07, 8.97627998597e-08, 6.18255171503e-08, 2.63597002004e-08, 1.61090412121e-08, 2.23810125988e-08, 7.8309412288e-09, 6.42185016275e-09, 2.92262369861e-09, 8.0553358428e-10, 3.71460973092e-10, 3.55773133176e-10, 1.10206607729e-10, 6.32352226138e-11, 5.63163855827e-11, 5.76798400709e-11, 3.22453660995e-11, 1.76898599935e-11, 3.3760501339e-11, 1.28973732735e-11, 1.04229810546e-11, 7.70825330648e-12, 4.73498800932e-12, 3.8977063764e-12, 5.62734407683e-12, 9.74344650101e-12, 8.56793108683e-12]
    },
    "mfcc": {
        "mean": [-647.841796875, 117.113388062, -5.06951951981, 4.42299461365, 7.22964334488, 3.44030761719, 9.5733537674, 11.4855356216, 4.32028341293, 4.95007181168, 0.887864291668, 2.26946163177, 5.25447797775],
        "cov": [[5786.86425781, -925.666015625, -211.516601562, -109.929695129, -280.299560547, 98.5659255981, 21.4802761078, -10.503279686, 82.6370620728, 33.3347167969, 15.5960884094, 67.3594589233, 160.342666626], [-925.666015625, 855.461242676, 160.368865967, 153.33366394, 122.955680847, 54.1162071228, 123.639694214, 53.4835700989, -19.7007427216, 54.4434432983, 25.1658706665, 42.7372169495, 12.1905603409], [-211.516601562, 160.368865967, 820.014831543, 293.875274658, 286.371917725, 84.501159668, 79.5403442383, 8.67414951324, 15.4419593811, -15.4996948242, 43.5382385254, 44.9472198486, 13.8687381744], [-109.929695129, 153.33366394, 293.875274658, 406.012542725, 211.973556519, 7.69330215454, 54.8307685852, 28.7933330536, -0.152450621128, -14.6671390533, -9.65366840363, 28.4830684662, 6.85474729538], [-280.299560547, 122.955680847, 286.371917725, 211.973556519, 315.118927002, 58.1956329346, 50.3900604248, 30.8577289581, 9.08606338501, -3.49689364433, 2.64846158028, 7.5732254982, 9.76107120514], [98.5659255981, 54.1162071228, 84.501159668, 7.69330215454, 58.1956329346, 227.75592041, 82.5661697388, 20.7201213837, 12.8184890747, 11.7886371613, 19.4911746979, 0.0700672864914, 11.8276052475], [21.4802761078, 123.639694214, 79.5403442383, 54.8307685852, 50.3900604248, 82.5661697388, 175.249160767, 43.4987983704, -10.5983600616, 24.1619033813, 9.90902233124, 14.9490947723, 15.6173238754], [-10.503279686, 53.4835700989, 8.67414951324, 28.7933330536, 30.8577289581, 20.7201213837, 43.4987983704, 106.418930054, 34.076915741, 16.3004779816, 0.404533356428, 4.54141283035, 13.2237987518], [82.6370620728, -19.7007427216, 15.4419593811, -0.152450621128, 9.08606338501, 12.8184890747, -10.5983600616, 34.076915741, 102.113494873, 28.7703342438, 5.42009687424, 1.233071208, 1.70169818401], [33.3347167969, 54.4434432983, -15.4996948242, -14.6671390533, -3.49689364433, 11.7886371613, 24.1619033813, 16.3004779816, 28.7703342438, 99.8756866455, 35.6966514587, 13.8812627792, 2.30084013939], [15.5960884094, 25.1658706665, 43.5382385254, -9.65366840363, 2.64846158028, 19.4911746979, 9.90902233124, 0.404533356428, 5.42009687424, 35.6966514587, 94.5253295898, 46.6117744446, 4.55708789825], [67.3594589233, 42.7372169495, 44.9472198486, 28.4830684662, 7.5732254982, 0.0700672864914, 14.9490947723, 4.54141283035, 1.233071208, 13.8812627792, 46.6117744446, 89.5852279663, 32.3142280579], [160.342666626, 12.1905603409, 13.8687381744, 6.85474729538, 9.76107120514, 11.8276052475, 15.6173238754, 13.2237987518, 1.70169818401, 2.30084013939, 4.55708789825, 32.3142280579, 78.6136016846]],
