{
"lowlevel": {
    "average_loudness": 0.716583073139,
    "barkbands_crest": {
        "dmean": 2.44393491745,
        "dmean2": 3.97451376915,
        "dvar": 4.9854631424,
        "dvar2": 12.9787073135,
        "max": 24.6953086853,
        "mean": 10.0166025162,
        "median": 9.34680080414,
        "min": 2.59631705284,
        "var": 13.8214530945
    },
    "barkbands_flatness_db": {
        "dmean": 0.0167080871761,
        "dmean2": 0.0265114288777,
        "dvar": 0.000225102383411,
        "dvar2": 0.000558341329452,
        "max": 0.317060470581,
        "mean": 0.148658111691,
        "median": 0.147377982736,
        "min": 0.0438283160329,
        "var": 0.00150154775474
    },
    "barkbands_kurtosis": {
        "dmean": 1.36246073246,
        "dmean2": 2.20883631706,
        "dvar": 5.37700748444,
        "dvar2": 13.8835773468,
        "max": 52.5179824829,
        "mean": 1.37458264828,
        "median": 0.320894241333,
        "min": -1.93293941021,
        "var": 12.1593532562
    },
    "barkbands_skewness": {
        "dmean": 0.389685899019,
        "dmean2": 0.608889222145,
        "dvar": 0.153303727508,
        "dvar2": 0.365872979164,
        "max": 6.67532014847,
        "mean": 0.749354481697,
        "median": 0.605785727501,
        "min": -2.18613576889,
        "var": 0.913656949997
    },
    "barkbands_spread": {
        "dmean": 5.01498031616,
        "dmean2": 7.65970087051,
        "dvar": 45.1204681396,
        "dvar2": 86.1837158203,
        "max": 115.858276367,
        "mean": 23.6656131744,
        "median": 20.5736656189,
        "min": 2.05990028381,
        "var": 231.900115967
    },
    "dissonance": {
        "dmean": 0.0238465406001,
        "dmean2": 0.0410715006292,
        "dvar": 0.000550059019588,
        "dvar2": 0.00155840720981,
        "max": 0.500000119209,
        "mean": 0.460866212845,
        "median": 0.470042735338,
        "min": 0.290393471718,
        "var": 0.00103539507836
    },
    "dynamic_complexity": 3.93816184998,
    "erbbands_crest": {
        "dmean": 3.14263558388,
        "dmean2": 5.09481620789,
        "dvar": 7.97059869766,
        "dvar2": 19.97697258,
        "max": 32.5882225037,
        "mean": 12.4472265244,
        "median": 11.1342144012,
        "min": 2.36265063286,
        "var": 38.1900939941
    },
    "erbbands_flatness_db": {
        "dmean": 0.0161667019129,
        "dmean2": 0.0247163120657,
        "dvar": 0.000204855081392,
        "dvar2": 0.000458323658677,
        "max": 0.338318735361,
        "mean": 0.190006762743,
        "median": 0.192246749997,
        "min": 0.0492301806808,
        "var": 0.00221305130981
    },
    "erbbands_kurtosis": {
        "dmean": 1.27969706059,
        "dmean2": 2.08159446716,
        "dvar": 2.77850270271,
        "dvar2": 7.15213537216,
        "max": 31.8259963989,
        "mean": 1.99215042591,
        "median": 1.06292915344,
        "min": -1.67273044586,
        "var": 9.16371059418
    },
    "erbbands_skewness": {
        "dmean": 0.396583199501,
        "dmean2": 0.62566947937,
        "dvar": 0.124982222915,
        "dvar2": 0.297261446714,
        "max": 3.97399878502,
        "mean": 0.373008161783,
        "median": 0.37586209178,
        "min": -3.27213549614,
        "var": 0.751343548298
    },
    "erbbands_spread": {
        "dmean": 5.09528017044,
        "dmean2": 7.85543107986,
        "dvar": 38.4211502075,
        "dvar2": 83.3305587769,
        "max": 127.487724304,
        "mean": 24.5821685791,
        "median": 19.9149837494,
        "min": 3.20266747475,
        "var": 234.850921631
    },
    "hfc": {
        "dmean": 6.33424663544,
        "dmean2": 9.6381483078,
        "dvar": 92.7971878052,
        "dvar2": 199.065002441,
        "max": 215.550445557,
        "mean": 24.5347747803,
        "median": 19.3526172638,
        "min": 1.11173140502e-16,
        "var": 514.700317383
    },
    "melbands_crest": {
        "dmean": 3.07879185677,
        "dmean2": 5.00728464127,
        "dvar": 7.56553173065,
        "dvar2": 19.4279346466,
        "max": 37.1498260498,
        "mean": 14.6845169067,
        "median": 14.1068525314,
        "min": 1.00033903122,
        "var": 24.4884243011
    },
    "melbands_flatness_db": {
        "dmean": 0.0194891039282,
        "dmean2": 0.0301601234823,
        "dvar": 0.000350711838109,
        "dvar2": 0.000817860476673,
        "max": 0.422484368086,
        "mean": 0.196608811617,
        "median": 0.194025486708,
        "min": -3.02002320041e-07,
        "var": 0.00288680195808
    },
    "melbands_kurtosis": {
        "dmean": 2.88152170181,
        "dmean2": 4.67302465439,
        "dvar": 29.7790412903,
        "dvar2": 76.8844146729,
        "max": 105.218826294,
        "mean": 4.83803796768,
        "median": 1.8245677948,
        "min": -1.6831843853,
        "var": 68.6201095581
    },
    "melbands_skewness": {
        "dmean": 0.518077373505,
        "dmean2": 0.819422543049,
        "dvar": 0.283289730549,
        "dvar2": 0.692529499531,
        "max": 8.88911533356,
        "mean": 1.51454520226,
        "median": 1.23315286636,
        "min": -1.18213844299,
        "var": 1.76708579063
    },
    "melbands_spread": {
        "dmean": 6.52010059357,
        "dmean2": 10.1484384537,
        "dvar": 84.0081100464,
        "dvar2": 171.54776001,
        "max": 252.268920898,
        "mean": 29.3576393127,
        "median": 26.8757305145,
        "min": 1.62210643291,
        "var": 356.036590576
    },
    "pitch_salience": {
        "dmean": 0.0579617582262,
        "dmean2": 0.0947819724679,
        "dvar": 0.00280790799297,
        "dvar2": 0.00732841109857,
        "max": 0.997747421265,
        "mean": 0.518980026245,
        "median": 0.50627720356,
        "min": 0.0878800526261,
        "var": 0.00990705192089
    },
    "silence_rate_20dB": {
        "dmean": 0,
        "dmean2": 0,
        "dvar": 0,
        "dvar2": 0,
        "max": 1,
        "mean": 1,
        "median": 1,
        "min": 1,
        "var": 0
    },
    "silence_rate_30dB": {
        "dmean": 0.000962000980508,
        "dmean2": 0.00192423327826,
        "dvar": 0.000961087236647,
        "dvar2": 0.00240163505077,
        "max": 1,
        "mean": 0.999278604984,
        "median": 1,
        "min": 0,
        "var": 0.000720875454135
    },
    "silence_rate_60dB": {
        "dmean": 0.0115440115333,
        "dmean2": 0.0230908002704,
        "dvar": 0.0114078028128,
        "dvar2": 0.0261663701385,
        "max": 1,
        "mean": 0.0719009265304,
        "median": 0,
        "min": 0,
        "var": 0.0667264312506
    },
    "spectral_centroid": {
        "dmean": 188.060562134,
        "dmean2": 288.056488037,
        "dvar": 58175.5351562,
        "dvar2": 108980.8125,
        "max": 11041.8671875,
        "mean": 1374.88659668,
        "median": 1289.75756836,
        "min": 276.960021973,
        "var": 339340.875
    },
    "spectral_complexity": {
        "dmean": 2.59163069725,
        "dmean2": 4.1739025116,
        "dvar": 6.25985956192,
        "dvar2": 14.6137628555,
        "max": 56,
        "mean": 18.5081157684,
        "median": 19,
        "min": 0,
        "var": 83.8952865601
    },
    "spectral_decrease": {
        "dmean": 1.80781589698e-09,
        "dmean2": 2.93063440182e-09,
        "dvar": 6.54468857529e-18,
        "dvar2": 1.78096882792e-17,
        "max": 5.12043443381e-29,
        "mean": -6.59903909295e-09,
        "median": -5.58572832432e-09,
        "min": -3.52898901212e-08,
        "var": 2.5727431324e-17
    },
    "spectral_energy": {
        "dmean": 0.00724743772298,
        "dmean2": 0.0117200510576,
        "dvar": 0.00010141623352,
        "dvar2": 0.000276103120996,
        "max": 0.141871184111,
        "mean": 0.0271317102015,
        "median": 0.0230537876487,
        "min": 1.00739959968e-20,
        "var": 0.000426338199759
    },
    "spectral_energyband_high": {
        "dmean": 0.000241576170083,
        "dmean2": 0.000323100015521,
        "dvar": 7.04703495558e-07,
        "dvar2": 1.13300575322e-06,
        "max": 0.0206602364779,
        "mean": 0.000659312529024,
        "median": 0.000223259019549,
        "min": 6.9241762347e-21,
        "var": 2.68411918114e-06
    },
    "spectral_energyband_low": {
        "dmean": 0.00352440611459,
        "dmean2": 0.00582434283569,
        "dvar": 4.4971882744e-05,
        "dvar2": 0.000121871576994,
        "max": 0.113649532199,
        "mean": 0.00845516752452,
        "median": 0.00660598929971,
        "min": 4.47090168141e-23,
        "var": 7.97495085862e-05
    },
    "spectral_energyband_middle_high": {
        "dmean": 0.00376653345302,
        "dmean2": 0.00594202755019,
        "dvar": 3.67570501112e-05,
        "dvar2": 9.67521991697e-05,
        "max": 0.0996253490448,
        "mean": 0.0116689512506,
        "median": 0.00626185629517,
        "min": 1.66317829189e-21,
        "var": 0.000169795413967
    },
    "spectral_energyband_middle_low": {
        "dmean": 0.00342491664924,
        "dmean2": 0.00552098639309,
        "dvar": 3.13119344355e-05,
        "dvar2": 8.1785103248e-05,
        "max": 0.0841606259346,
        "mean": 0.00824254471809,
        "median": 0.00541274761781,
        "min": 2.2205346485e-22,
        "var": 7.36519868951e-05
    },
    "spectral_entropy": {
        "dmean": 0.126385599375,
        "dmean2": 0.188325330615,
        "dvar": 0.0151633201167,
        "dvar2": 0.0287926997989,
        "max": 9.80538749695,
        "mean": 7.48004770279,
        "median": 7.45720434189,
        "min": 6.14662313461,
        "var": 0.167940959334
    },
    "spectral_flux": {
        "dmean": 0.0186823867261,
        "dmean2": 0.0303584244102,
        "dvar": 0.000450089690275,
        "dvar2": 0.00108100660145,
        "max": 0.286493599415,
        "mean": 0.0787805318832,
        "median": 0.0735987946391,
        "min": 6.33700522612e-11,
        "var": 0.00194276170805
    },
    "spectral_kurtosis": {
        "dmean": 1.63785910606,
        "dmean2": 2.73749947548,
        "dvar": 3.79853796959,
        "dvar2": 11.3883686066,
        "max": 41.1226768494,
        "mean": 6.30591869354,
        "median": 5.87634658813,
        "min": -1.41304409504,
        "var": 14.8268680573
    },
    "spectral_rms": {
        "dmean": 0.000618822698016,
        "dmean2": 0.000986460247077,
        "dvar": 4.71416143455e-07,
        "dvar2": 1.24958785364e-06,
        "max": 0.0117648160085,
        "mean": 0.00472104223445,
        "median": 0.00474252039567,
        "min": 3.1350100467e-12,
        "var": 4.18172703576e-06
    },
    "spectral_rolloff": {
        "dmean": 397.145202637,
        "dmean2": 653.899963379,
        "dvar": 773390.3125,
        "dvar2": 1481135.5,
        "max": 19143.0175781,
        "mean": 1623.41210938,
        "median": 1313.52539062,
        "min": 21.533203125,
        "var": 2364601.5
    },
    "spectral_skewness": {
        "dmean": 0.191528171301,
        "dmean2": 0.307765066624,
        "dvar": 0.0369843915105,
        "dvar2": 0.0921242386103,
        "max": 4.78511285782,
        "mean": 1.91457641125,
        "median": 1.91622781754,
        "min": -0.0514032095671,
        "var": 0.271030455828
    },
    "spectral_spread": {
        "dmean": 418886.78125,
        "dmean2": 602801.3125,
        "dvar": 451800956928,
        "dvar2": 774960644096,
        "max": 39703488,
        "mean": 4150370,
        "median": 3729504.25,
        "min": 1374315,
        "var": 2.73508152115e+12
    },
    "spectral_strongpeak": {
        "dmean": 0.859807670116,
        "dmean2": 1.45660817623,
        "dvar": 1.96803128719,
        "dvar2": 4.89381742477,
        "max": 16.2009334564,
        "mean": 1.69706642628,
        "median": 0.481509268284,
        "min": 0,
        "var": 4.57555913925
    },
    "zerocrossingrate": {
        "dmean": 0.00816896371543,
        "dmean2": 0.00927957519889,
        "dvar": 0.000178909438546,
        "dvar2": 0.000181065581273,
        "max": 0.53515625,
        "mean": 0.0609077587724,
        "median": 0.05224609375,
        "min": 0.00830078125,
        "var": 0.00151125492994
    },
    "barkbands": {
        "dmean": [0.000293004675768, 0.00253459531814, 0.00125226413365, 0.000867213180754, 0.000799657951575, 0.000316210847814, 0.00057986646425, 0.000427314866101, 0.000701852201018, 0.0026148930192, 0.00120842433535, 0.000527068797965, 0.000377835094696, 0.000507167191245, 0.000632907846011, 0.000370202411432, 0.00028049852699, 0.000214919331484, 9.81166085694e-05, 5.42391062481e-05, 4.72261053801e-05, 3.72380127374e-05, 5.14447492606e-05, 6.60938458168e-05, 7.33015622245e-05, 1.36926691994e-05, 1.52861389324e-07],
        "dmean2": [0.000480917748064, 0.00416389945894, 0.00212299334817, 0.00154631433543, 0.00135368760675, 0.000499252171721, 0.000943574705161, 0.000669407832902, 0.00109559786506, 0.00409719161689, 0.00195759255439, 0.000858585757669, 0.000613246753346, 0.000817316642497, 0.000998375588097, 0.000582648848649, 0.000435900874436, 0.000344309111824, 0.000163565811818, 8.87304922799e-05, 7.51090483391e-05, 5.59884174436e-05, 7.6033284131e-05, 9.32255497901e-05, 9.91531269392e-05, 1.9566170522e-05, 2.6337846748e-07],
        "dvar": [2.13373041902e-07, 3.38968275173e-05, 6.27274584986e-06, 8.07677133707e-06, 2.16676426135e-06, 7.95274331722e-07, 2.29536067309e-06, 1.26622467178e-06, 3.03295428239e-06, 2.77466515399e-05, 1.23940235426e-05, 2.11891892832e-06, 1.02614808384e-06, 1.4791077092e-06, 3.08151675199e-06, 1.33593403007e-06, 7.2089534342e-07, 3.85365893862e-07, 3.70199444433e-08, 1.24033281423e-08, 1.72186656044e-08, 1.9489689862e-08, 3.90982037857e-08, 7.03082392306e-08, 1.16327321109e-07, 5.33368638145e-09, 7.99159002862e-12],
        "dvar2": [5.44821091353e-07, 8.9430672233e-05, 1.71400770341e-05, 2.30161494983e-05, 6.06493949817e-06, 1.94688072952e-06, 5.80174310016e-06, 2.92516119771e-06, 7.1242679951e-06, 6.86852072249e-05, 3.30868933816e-05, 5.40570499652e-06, 2.49571780842e-06, 3.60321541848e-06, 6.88646514391e-06, 3.20241292684e-06, 1.38165205499e-06, 9.52273580879e-07, 9.70802034317e-08, 3.28565015195e-08, 4.01914377335e-08, 4.16106296086e-08, 7.79169866405e-08, 1.3309683311e-07, 1.90225648566e-07, 1.21173497902e-08, 1.93667130943e-11],
        "max": [0.00626997370273, 0.106037318707, 0.0376638658345, 0.0459681414068, 0.0211468040943, 0.0278519522399, 0.0400673560798, 0.0364661440253, 0.0381851531565, 0.088330604136, 0.0734779089689, 0.0506997779012, 0.0235168486834, 0.0279014538974, 0.043751232326, 0.0331331565976, 0.0271518994123, 0.0192855000496, 0.00509684253484, 0.00343094253913, 0.00514870369807, 0.00438189040869, 0.00541262887418, 0.00706082582474, 0.0108641386032, 0.0032855628524, 0.000123571342556],
        "mean": [0.000661315221805, 0.00529558211565, 0.00199756282382, 0.000991459353827, 0.00133279012516, 0.000557465711609, 0.000885369023308, 0.00069881771924, 0.00122676184401, 0.00524429650977, 0.00200262409635, 0.00101529806852, 0.000655106035993, 0.00101006962359, 0.00109301367775, 0.000609160808381, 0.000524118717294, 0.00040839612484, 0.000200144655537, 0.000122254321468, 0.00010502897203, 7.71849299781e-05, 0.000109025575512, 0.000139618161484, 0.000147453407408, 2.16875632759e-05, 1.10417815335e-07],
        "median": [0.000323946733261, 0.00345696369186, 0.00105515762698, 0.000448376464192, 0.000824746733997, 0.000226046133321, 0.00034892608528, 0.000227944678045, 0.000340760772815, 0.000875872967299, 0.00037449222873, 0.000372175301891, 0.000208347570151, 0.000242935260758, 0.000375069328584, 0.000206791170058, 0.000190173828742, 0.000177031455678, 0.000124756479636, 7.28963423171e-05, 3.91195062548e-05, 1.5468476704e-05, 2.4705506803e-05, 3.29741014866e-05, 3.41899576597e-05, 2.62618891611e-06, 3.99639515924e-10],
        "min": [1.27389153976e-24, 1.56587390851e-23, 1.24336082807e-23, 1.75301242282e-24, 2.82289331095e-23, 2.94839193018e-23, 2.91349808799e-23, 3.31921998005e-23, 6.80727449539e-23, 3.50068828051e-23, 7.08335940391e-23, 5.89386696828e-23, 1.57038174371e-22, 8.22527469172e-23, 1.31028660398e-22, 1.04906566507e-22, 1.74471066365e-22, 1.83152701508e-22, 2.31930508254e-22, 2.63523945746e-22, 3.71974170103e-22, 4.59424159855e-22, 4.97479264307e-22, 7.02116447418e-22, 9.80849000329e-22, 1.62867662085e-21, 2.19907541045e-21],
        "var": [6.18216404291e-07, 4.93600491609e-05, 7.85739757703e-06, 5.54668849873e-06, 2.80467884295e-06, 1.42571934703e-06, 3.44776344718e-06, 2.71521594186e-06, 7.74967247708e-06, 8.91284726094e-05, 2.66612569249e-05, 8.38234973344e-06, 2.37400263359e-06, 4.83144822283e-06, 5.20233515999e-06, 2.12953750633e-06, 2.16332909986e-06, 9.01496832739e-07, 7.04329323753e-08, 3.20543662724e-08, 5.89570881004e-08, 5.23887635495e-08, 1.07688173046e-07, 1.99292173875e-07, 3.20116242847e-07, 8.45358893997e-09, 6.7438069018e-12]
    },
    "erbbands": {
        "dmean": [0.103215359151, 0.501153230667, 1.23867642879, 2.30024647713, 2.7871465683, 2.93313074112, 1.67048084736, 3.10199642181, 7.83915519714, 7.62192296982, 8.99715614319, 16.4483222961, 67.8964157104, 72.6822052002, 27.2249717712, 21.6042957306, 17.1955108643, 25.3776130676, 26.7261981964, 25.1894512177, 19.0303916931, 12.2321100235, 11.1917219162, 7.73233175278, 3.2419052124, 2.34393715858, 1.97436249256, 1.81793880463, 1.27879810333, 1.44018697739, 1.52586472034, 1.38572192192, 1.19128775597, 0.965079903603, 0.455404907465, 0.116750024259, 0.01325659547, 0.000941420556046, 3.50219816028e-05, 1.0037571883e-05],
        "dmean2": [0.163955047727, 0.84410905838, 2.08330965042, 4.04671239853, 4.84729480743, 4.93119907379, 2.74322009087, 4.91987943649, 12.7499189377, 11.9768095016, 14.3980922699, 26.0982608795, 105.044075012, 116.951568604, 44.47108078, 35.851272583, 27.9800415039, 40.3147239685, 42.2545471191, 39.9536437988, 30.13372612, 18.4737911224, 17.5868339539, 12.6258897781, 5.39038515091, 3.81217718124, 3.17049670219, 2.85446977615, 1.95613288879, 2.11053991318, 2.28037285805, 2.01216936111, 1.68096184731, 1.33852374554, 0.625277042389, 0.160971671343, 0.0197152756155, 0.00147336325608, 5.49149663129e-05, 1.56994919962e-05],
        "dvar": [0.0522907339036, 1.3915104866, 5.39231967926, 47.7697105408, 49.9612846375, 25.113445282, 13.4521198273, 96.6437988281, 478.953582764, 343.901824951, 526.742126465, 1753.93762207, 22930.1113281, 32962.8515625, 6952.00195312, 3805.60083008, 2106.19506836, 3466.38012695, 6612.28076172, 4023.59375, 4408.52197266, 1401.4230957, 1205.86791992, 239.100250244, 47.8875617981, 20.1710510254, 18.5792808533, 41.2854576111, 23.3884315491, 31.4663715363, 35.1182823181, 29.881778717, 24.0581436157, 20.834230423, 4.65052556992, 0.359195768833, 0.00495418952778, 0.000155595349497, 1.40361265721e-07, 2.92543184122e-10],
        "dvar2": [0.127690538764, 3.8788895607, 14.7116031647, 135.129119873, 143.800308228, 67.8676300049, 34.2074241638, 240.849136353, 1225.19665527, 764.204223633, 1285.85180664, 4407.71240234, 56782.0195312, 85640.40625, 20243.9140625, 10806.375, 5241.79003906, 8420.62109375, 14755.5566406, 9448.04003906, 10322.9765625, 2723.63964844, 2867.96289062, 609.097961426, 131.856460571, 51.874294281, 46.4088478088, 98.5812911987, 49.8952903748, 66.0630264282, 71.7320480347, 59.1313323975, 46.4489784241, 37.8093528748, 7.3369641304, 0.742677390575, 0.0112409573048, 0.000375738862203, 3.61955784456e-07, 6.95642266013e-10],
        "max": [4.00724124908, 21.2285938263, 33.0952682495, 103.951499939, 99.6954879761, 69.506072998, 109.159172058, 322.780822754, 569.671630859, 491.225799561, 822.682189941, 1129.42810059, 2472.39697266, 3406.52099609, 2866.06494141, 2613.11035156, 1114.3314209, 1296.41821289, 2019.04443359, 1728.25598145, 2266.49975586, 1580.46972656, 1134.4362793, 347.971893311, 215.632583618, 84.0305099487, 122.742828369, 286.120330811, 150.595413208, 168.248428345, 165.552581787, 155.025817871, 123.178337097, 165.975875854, 84.0143966675, 26.1154289246, 2.11305332184, 0.510731339455, 0.0163062661886, 0.00047256052494],
        "mean": [0.231861501932, 0.864651143551, 2.15610790253, 3.07211756706, 4.04701519012, 4.60662794113, 2.97409152985, 5.33114385605, 12.3812007904, 13.2327985764, 15.5188579559, 31.3370323181, 138.525588989, 141.876495361, 56.3032302856, 44.5538749695, 32.4427909851, 54.0404014587, 49.605506897, 49.611240387, 36.0463562012, 25.9843635559, 22.9677352905, 15.9665050507, 7.59981918335, 5.5391831398, 4.6087231636, 3.79720854759, 2.67096304893, 2.97543668747, 3.17746019363, 2.83251857758, 2.41695547104, 1.88410449028, 0.881870150566, 0.205022200942, 0.0192091856152, 0.00101023272146, 5.64889269299e-05, 3.70645539078e-05],
        "median": [0.135029539466, 0.507304668427, 1.2313297987, 1.63595306873, 2.15900540352, 2.6476495266, 1.67991089821, 1.90754771233, 4.85431194305, 5.67207050323, 5.90906906128, 10.7359075546, 23.2788085938, 27.611322403, 16.3763008118, 18.4851074219, 12.6008310318, 15.1413125992, 20.6943302155, 18.8935470581, 12.772149086, 9.94996643066, 9.57124233246, 9.44710350037, 4.74325656891, 3.44411301613, 2.2818877697, 1.11846292019, 0.534510672092, 0.639866948128, 0.720529615879, 0.622963488102, 0.567077875137, 0.451379448175, 0.178856372833, 0.0310056097806, 0.00220079883002, 7.02293473296e-05, 2.23562929023e-05, 3.11742878694e-05],
        "min": [4.7504724085e-22, 3.59130116073e-21, 9.42401459665e-21, 1.04194852664e-20, 1.63019850393e-20, 1.16036379341e-19, 3.06145464217e-19, 1.62250443177e-19, 4.07023138448e-19, 4.14331821997e-19, 1.04736709603e-18, 1.3514556464e-18, 1.05401876552e-18, 1.70871650393e-18, 2.59851717039e-18, 3.23924837774e-18, 8.22020080865e-18, 5.89309028264e-18, 4.44958732184e-18, 7.8739405227e-18, 6.03800984441e-18, 1.0578075836e-17, 9.15058461033e-18, 1.19735725428e-17, 1.42489156245e-17, 1.22267237246e-17, 1.28793047078e-17, 1.48856230118e-17, 1.63490047771e-17, 1.82570639504e-17, 1.30627171194e-17, 1.22229716334e-17, 1.18626467955e-17, 1.13323305514e-17, 6.83426589618e-18, 5.11318180132e-18, 3.33436422202e-18, 1.21135658304e-18, 3.05817280309e-19, 3.10613719403e-20],
        "var": [0.0941907539964, 1.66650247574, 7.72220659256, 35.8157615662, 43.7283210754, 36.4878005981, 20.9892730713, 162.828292847, 686.412109375, 752.344238281, 1091.64697266, 4063.29833984, 76309.3125, 89916.3671875, 18497.765625, 15313.7373047, 4554.66015625, 12498.7265625, 10647.0664062, 8883.78320312, 7952.96191406, 4617.37353516, 3355.59912109, 465.210601807, 118.729309082, 52.6195602417, 54.8327407837, 123.411605835, 62.5662117004, 82.5419540405, 92.9837265015, 80.813079834, 64.2728042603, 50.0524673462, 12.9008569717, 0.709825873375, 0.00744539452717, 0.000160007664817, 1.22950140735e-07, 1.03179309541e-09]
    },
    "gfcc": {
        "mean": [-13.3030233383, 102.007713318, -136.055648804, 26.0234069824, -52.7362747192, 35.4279212952, -39.6073455811, 24.7762737274, -24.934431076, -2.93849921227, -12.3170776367, -8.76104068756, -0.795276165009],
        "cov": [[5975.63623047, -630.541137695, 156.679779053, 646.778503418, -37.4779968262, 487.88394165, 137.520599365, 281.058624268, 37.4190177917, 156.170623779, 19.8114128113, 220.398712158, 180.035552979], [-630.541137695, 1207.11828613, 110.268592834, -55.4098052979, 326.116485596, -100.517250061, 127.696533203, -49.8473510742, 31.6544647217, -101.904350281, 150.434967041, -140.001998901, 84.4824905396], [156.679779053, 110.268592834, 782.226013184, 252.820770264, 71.9114379883, 53.8918380737, -103.455871582, 11.2575807571, -60.7564048767, 65.7292785645, 11.0621366501, 36.8800506592, -53.4196777344], [646.778503418, -55.4098052979, 252.820770264, 418.999176025, 78.3983306885, 54.3245582581, 19.833782196, 2.96223640442, 35.3671264648, 27.1450595856, 8.63810539246, 60.6409034729, 16.4477386475], [-37.4779968262, 326.116485596, 71.9114379883, 78.3983306885, 278.817840576, 26.3696212769, 52.33020401, 21.2177009583, 24.5528430939, -12.4941167831, 27.9099178314, -2.52068257332, 41.7658615112], [487.88394165, -100.517250061, 53.8918380737, 54.3245582581, 26.3696212769, 231.294906616, 108.885612488, 2.17185425758, -6.80523490906, 11.7536993027, 22.5128822327, 13.9104251862, 30.0417118073], [137.520599365, 127.696533203, -103.455871582, 19.833782196, 52.33020401, 108.885612488, 249.200134277, -3.30306434631, 27.0589313507, -18.3125610352, 32.2056159973, -10.6066493988, 40.4596214294], [281.058624268, -49.8473510742, 11.2575807571, 2.96223640442, 21.2177009583, 2.17185425758, -3.30306434631, 141.362030029, 46.7946929932, 15.6890048981, -11.2648391724, 7.50152778625, 31.1282463074], [37.4190177917, 31.6544647217, -60.7564048767, 35.3671264648, 24.5528430939, -6.80523490906, 27.0589313507, 46.7946929932, 120.054504395, 15.1469860077, 1.54640603065, 8.45576858521, 33.6155700684], [156.170623779, -101.904350281, 65.7292785645, 27.1450595856, -12.4941167831, 11.7536993027, -18.3125610352, 15.6890048981, 15.1469860077, 103.312538147, 18.5067310333, 32.1356163025, -20.2293796539], [19.8114128113, 150.434967041, 11.0621366501, 8.63810539246, 27.9099178314, 22.5128822327, 32.2056159973, -11.2648391724, 1.54640603065, 18.5067310333, 122.139259338, 2.83596038818, 21.9074459076], [220.398712158, -140.001998901, 36.8800506592, 60.6409034729, -2.52068257332, 13.9104251862, -10.6066493988, 7.50152778625, 8.45576858521, 32.1356163025, 2.83596038818, 116.769615173, 8.33199977875], [180.035552979, 84.4824905396, -53.4196777344, 16.4477386475, 41.7658615112, 30.0417118073, 40.4596214294, 31.1282463074, 33.6155700684, -20.2293796539, 21.9074459076, 8.33199977875, 114.521339417]],
        "icov": [[0.000368121342035, -0.000421499804361, 0.000467477279017, -0.00084755232092, 0.000637824472506, -0.00105682585854, 0.000394921109546, -0.00105770060327, 0.000767467834521, -0.000669890549034, 0.000451308820629, -0.000537356885616, -0.000126241095131], [-0.000421499804361, 0.0045861620456, -0.00256707030348, 0.00273542501964, -0.00453315768391, 0.00486091617495, -0.00289733102545, 0.00351135572419, -0.00286364019848, 0.00357748870738, -0.0045883608982, 0.00398163730279, -0.0018030522624], [0.000467477279017, -0.00256707030348, 0.00377697497606, -0.00325435237028, 0.00214398209937, -0.00381646747701, 0.00281421234831, -0.00310092954896, 0.00336853624322, -0.00307052093558, 0.00233826437034, -0.00207915878855, 0.00162871053908], [-0.00084755232092, 0.00273542501964, -0.00325435237028, 0.00637262221426, -0.0035793078132, 0.00375563115813, -0.00241677439772, 0.00423601642251, -0.00431349873543, 0.00296911364421, -0.00249287090264, 0.00120263546705, -0.000916180608328], [0.000637824472506, -0.00453315768391, 0.00214398209937, -0.0035793078132, 0.00895957276225, -0.00493789464235, 0.00210921349935, -0.00435069156811, 0.00268543092534, -0.00300759775564, 0.00385635509156, -0.00370298931375, 0.000532913429197], [-0.00105682585854, 0.00486091617495, -0.00381646747701, 0.00375563115813, -0.00493789464235, 0.0125311668962, -0.00636940961704, 0.0049599329941, -0.0026200490538, 0.0033209156245, -0.00483558047563, 0.00417788606137, -0.00285165198147], [0.000394921109546, -0.00289733102545, 0.00281421234831, -0.00241677439772, 0.00210921349935, -0.00636940961704, 0.00825696624815, -0.00212903507054, 0.000986325903796, -0.00152634037659, 0.00182841962669, -0.00192688789684, 0.000970814493485], [-0.00105770060327, 0.00351135572419, -0.00310092954896, 0.00423601642251, -0.00435069156811, 0.0049599329941, -0.00212903507054, 0.0133979041129, -0.0065788528882, 0.00206638127565, -0.00203948421404, 0.00342899141833, -0.00314956740476], [0.000767467834521, -0.00286364019848, 0.00336853624322, -0.00431349873543, 0.00268543092534, -0.0026200490538, 0.000986325903796, -0.0065788528882, 0.0147124500945, -0.00553303444758, 0.00338564254344, -0.0023392518051, -0.00152892735787], [-0.000669890549034, 0.00357748870738, -0.00307052093558, 0.00296911364421, -0.00300759775564, 0.0033209156245, -0.00152634037659, 0.00206638127565, -0.00553303444758, 0.0165020655841, -0.00644649239257, 8.52232333273e-05, 0.00252466043457], [0.000451308820629, -0.0045883608982, 0.00233826437034, -0.00249287090264, 0.00385635509156, -0.00483558047563, 0.00182841962669, -0.00203948421404, 0.00338564254344, -0.00644649239257, 0.0142121026292, -0.00360728660598, -0.000694231770467], [-0.000537356885616, 0.00398163730279, -0.00207915878855, 0.00120263546705, -0.00370298931375, 0.00417788606137, -0.00192688789684, 0.00342899141833, -0.0023392518051, 8.52232333273e-05, -0.00360728660598, 0.0138478437439, -0.00284757441841], [-0.000126241095131, -0.0018030522624, 0.00162871053908, -0.000916180608328, 0.000532913429197, -0.00285165198147, 0.000970814493485, -0.00314956740476, -0.00152892735787, 0.00252466043457, -0.000694231770467, -0.00284757441841, 0.0134534239769]]
    },
    "melbands": {
        "dmean": [0.000784263131209, 0.000597024976742, 0.000397685304051, 0.000205097545404, 6.8999332143e-05, 7.05977581674e-05, 0.000120606156997, 8.43003581394e-05, 7.45827273931e-05, 0.000115485861897, 0.000344997359207, 0.000299434585031, 0.000115386996185, 6.59361176076e-05, 4.13472989749e-05, 3.88216212741e-05, 5.46481351194e-05, 4.30469954154e-05, 4.5494580263e-05, 2.66216084128e-05, 2.59093303612e-05, 1.53562214109e-05, 1.35035325002e-05, 8.74124270922e-06, 6.8893414209e-06, 2.89008107757e-06, 2.19910202759e-06, 1.6246111727e-06, 1.39736664551e-06, 1.27162695662e-06, 1.16087539936e-06, 7.67198343965e-07, 8.33052297367e-07, 8.78874061527e-07, 9.21186313008e-07, 9.76369960881e-07, 9.09496066015e-07, 8.76454691934e-07, 9.14925635698e-07, 8.61721900947e-07],
        "dmean2": [0.00127639796119, 0.000990619650111, 0.000696931150742, 0.000349288224243, 0.000113709800644, 0.000111294124508, 0.000195591259398, 0.000131160210003, 0.000119763608382, 0.000180940041901, 0.000532244506758, 0.000481175375171, 0.000185986064025, 0.000107947940705, 6.74897310091e-05, 6.27033950877e-05, 8.7533830083e-05, 6.83395701344e-05, 7.19725721865e-05, 4.1882176447e-05, 4.09659514844e-05, 2.3372396754e-05, 2.14167394006e-05, 1.38617915582e-05, 1.13787418741e-05, 4.8300544222e-06, 3.64724451174e-06, 2.64381446868e-06, 2.27535929298e-06, 2.02838123187e-06, 1.86018928616e-06, 1.22087533327e-06, 1.239493713e-06, 1.31937872538e-06, 1.40250199365e-06, 1.4960446606e-06, 1.34899948989e-06, 1.27154760321e-06, 1.30598368742e-06, 1.24070129459e-06],
        "dvar": [3.23369317812e-06, 1.17593037885e-06, 1.38600705668e-06, 1.62166344353e-07, 1.93596854103e-08, 4.41579608434e-08, 1.07148629525e-07, 4.49620820575e-08, 3.41330803622e-08, 8.07359015198e-08, 5.84443114349e-07, 5.64644665246e-07, 1.07436299857e-07, 3.04238128024e-08, 1.34469200219e-08, 1.05880992862e-08, 1.79412200652e-08, 1.58094124458e-08, 1.6929300628e-08, 5.09266051552e-09, 8.88195117454e-09, 2.48592191276e-09, 2.31660890471e-09, 6.05767047634e-10, 1.97855717921e-10, 3.61840106489e-11, 3.12279889447e-11, 9.42320006747e-12, 8.24897095075e-12, 1.11678895298e-11, 2.35456047021e-11, 8.19387353107e-12, 1.06940819047e-11, 1.19016740907e-11, 1.21423825855e-11, 1.42578102102e-11, 1.3321684901e-11, 1.33271163202e-11, 1.44791808751e-11, 1.77987850153e-11],
        "dvar2": [8.25294318929e-06, 3.29604813487e-06, 3.93619711758e-06, 4.58700895933e-07, 4.91222458265e-08, 1.08622167261e-07, 2.74310252735e-07, 9.84089467693e-08, 8.32848741084e-08, 1.9725918321e-07, 1.44807768265e-06, 1.44678949709e-06, 2.87423461032e-07, 8.33720363858e-08, 3.45767929844e-08, 2.52403964396e-08, 4.39111857986e-08, 3.60464831317e-08, 3.91299010971e-08, 1.23532259977e-08, 2.112719244e-08, 4.50312276357e-09, 5.27654675508e-09, 1.37517386367e-09, 5.05499531123e-10, 1.03715813715e-10, 8.57561521794e-11, 2.36549842214e-11, 2.09704979076e-11, 2.56372735541e-11, 5.97150384696e-11, 1.84815530935e-11, 2.37382717649e-11, 2.6464599609e-11, 2.5064081019e-11, 3.15409261209e-11, 2.74226821806e-11, 2.78785137336e-11, 2.73514492305e-11, 3.48176591725e-11],
        "max": [0.032638721168, 0.0146535970271, 0.017622474581, 0.00607320712879, 0.00387713802047, 0.00652307271957, 0.00894818920642, 0.00636923126876, 0.005456129089, 0.00746617792174, 0.0125501649454, 0.0148547664285, 0.00859926640987, 0.00510133663192, 0.00374756753445, 0.00261493399739, 0.00298249721527, 0.00319222570397, 0.00356204248965, 0.00236158701591, 0.00314831989817, 0.00190541136544, 0.00164219131693, 0.000889246584848, 0.000344852043781, 0.000188099191291, 0.000229214871069, 5.52611709281e-05, 6.91793611622e-05, 0.00015259947395, 0.000224704272114, 8.04656956461e-05, 0.000102504433016, 0.000100862569525, 0.000108757907583, 0.000104013161035, 0.000100606011983, 9.9276243418e-05, 0.000149090803461, 0.000153688262799],
        "mean": [0.00169623631518, 0.001144230715, 0.000570531119592, 0.000323298940202, 0.000122817873489, 0.000121612771181, 0.000192376319319, 0.000146163190948, 0.000123207952129, 0.000212161714444, 0.000691905559506, 0.000572899996769, 0.000212859042222, 0.000129265201394, 7.78328758315e-05, 6.53849056107e-05, 0.000110092289106, 7.42460324545e-05, 7.96042149886e-05, 4.82807336084e-05, 4.38926799688e-05, 2.80657131952e-05, 2.55342001765e-05, 1.61707048392e-05, 1.29774571178e-05, 5.79290690439e-06, 4.43169255959e-06, 3.46553702002e-06, 2.95171093967e-06, 2.54433462032e-06, 2.12553163692e-06, 1.42695807881e-06, 1.54399162966e-06, 1.67259111095e-06, 1.7979518816e-06, 1.82668065918e-06, 1.70582563896e-06, 1.66607003393e-06, 1.71229078205e-06, 1.56123883244e-06],
        "median": [0.00110493716784, 0.000707649509422, 0.000339105405146, 0.000199841277208, 7.12768814992e-05, 4.173540583e-05, 7.73265346652e-05, 6.03429871262e-05, 4.27133891208e-05, 6.18042249698e-05, 9.89998952718e-05, 9.60803954513e-05, 4.73859545309e-05, 4.7696808906e-05, 3.14159660775e-05, 2.20644251385e-05, 2.44260863838e-05, 2.58799773292e-05, 2.63340025413e-05, 1.78660629899e-05, 1.31418037199e-05, 1.00377064882e-05, 8.52851917443e-06, 7.87549379311e-06, 7.1540926001e-06, 3.38581185133e-06, 2.4851726721e-06, 2.02304772756e-06, 1.43639692851e-06, 9.69143343355e-07, 4.57928990727e-07, 2.74575910453e-07, 2.85870783046e-07, 3.55743793534e-07, 3.98490470843e-07, 3.85117914448e-07, 3.66090858961e-07, 3.71726997628e-07, 3.88006810681e-07, 3.65868970675e-07],
        "min": [4.70030464146e-24, 4.97853864374e-24, 2.13078154147e-24, 4.6066810515e-24, 9.23443809981e-24, 4.17859305951e-24, 6.26205990718e-24, 3.83222040768e-24, 8.92872767777e-24, 7.49280203732e-24, 5.35256363132e-24, 6.64604031938e-24, 8.951570723e-24, 6.96225836868e-24, 1.40742930243e-23, 1.56872059197e-23, 9.33080850344e-24, 6.02353913502e-24, 1.13247790814e-23, 8.81941837758e-24, 6.09540278576e-24, 9.55478504709e-24, 1.06979131297e-23, 7.44060311122e-24, 9.91234098555e-24, 8.28804640499e-24, 1.25161633633e-23, 6.59572479869e-24, 7.16107261604e-24, 6.9817479662e-24, 9.56510492546e-24, 8.4802673529e-24, 9.319814149e-24, 1.01819294667e-23, 6.81828967575e-24, 7.76666772234e-24, 7.63625165977e-24, 8.49166560412e-24, 7.31772224802e-24, 1.01617227947e-23],
        "var": [5.05316893396e-06, 1.86921522527e-06, 1.03991794731e-06, 1.82592884812e-07, 3.2741422018e-08, 8.01795465577e-08, 1.5795099273e-07, 1.0281829077e-07, 7.4070506173e-08, 1.9749876401e-07, 1.93868277165e-06, 1.56451824296e-06, 2.68643361778e-07, 1.1416938861e-07, 4.16986125629e-08, 2.32682548784e-08, 6.35432400031e-08, 2.54443790482e-08, 2.87295129908e-08, 9.22833542916e-09, 1.59056146032e-08, 6.96519153465e-09, 6.50664677693e-09, 1.1848918513e-09, 3.4620642464e-10, 7.26087731606e-11, 6.55870566191e-11, 2.29111903061e-11, 2.22929851662e-11, 2.74526998356e-11, 5.97259602886e-11, 1.78762161324e-11, 2.59757111654e-11, 2.6516197224e-11, 2.99811182825e-11, 3.32494726196e-11, 3.26955788832e-11, 3.18089270201e-11, 3.68704476672e-11, 3.6961926575e-11]
    },
    "mfcc": {
        "mean": [-648.63269043, 127.26612854, -13.9291753769, 1.56341993809, 15.6591157913, 1.19053196907, 11.551235199, 10.8157186508, 7.32763528824, 6.682929039, -2.0870308876, -1.92003536224, -2.16417455673],
        "cov": [[5416.4921875, -1027.92199707, 202.222854614, 187.156768799, 15.2049446106, 250.851516724, 176.337463379, 267.098724365, 174.269134521, 206.684356689, -129.499328613, -1.06279921532, 80.9358901978], [-1027.92199707, 1211.27819824, -89.1789398193, 68.4023742676, 164.91178894, -55.3238830566, 144.705322266, -27.1306705475, -22.5529232025, 26.3681335449, 15.9945497513, -6.0831246376, 5.3410949707], [202.222854614, -89.1789398193, 656.696655273, 163.902053833, 148.500213623, 70.9578933716, 40.9857406616, -36.1766166687, -40.4922180176, -24.8780002594, 19.6603355408, 25.3221721649, 43.1274375916], [187.156768799, 68.4023742676, 163.902053833, 353.329650879, 130.377365112, 50.6858444214, -1.92824995518, 21.182970047, 24.6321430206, -19.3278331757, -5.63923120499, 56.4884757996, 40.2086181641], [15.2049446106, 164.91178894, 148.500213623, 130.377365112, 281.588989258, -14.7769136429, 18.0054969788, -13.8262720108, 24.3720645905, -17.4087543488, -6.25594329834, 23.8986625671, 36.4481277466], [250.851516724, -55.3238830566, 70.9578933716, 50.6858444214, -14.7769136429, 243.223098755, 82.3606262207, 59.2266426086, -4.1255812645, 18.4349689484, 0.913309037685, -0.476923316717, 1.08389866352], [176.337463379, 144.705322266, 40.9857406616, -1.92824995518, 18.0054969788, 82.3606262207, 190.810348511, 42.014251709, -14.4491920471, 49.5077972412, -7.52394104004, -19.3084640503, -2.08605384827], [267.098724365, -27.1306705475, -36.1766166687, 21.182970047, -13.8262720108, 59.2266426086, 42.014251709, 130.006729126, 48.893535614, 29.3402462006, -15.1292610168, -14.1888942719, 2.87748456001], [174.269134521, -22.5529232025, -40.4922180176, 24.6321430206, 24.3720645905, -4.1255812645, -14.4491920471, 48.893535614, 132.33392334, 34.2042922974, -4.67997741699, -15.7873926163, -3.1459608078], [206.684356689, 26.3681335449, -24.8780002594, -19.3278331757, -17.4087543488, 18.4349689484, 49.5077972412, 29.3402462006, 34.2042922974, 119.319122314, 10.3617362976, -26.747795105, -15.8550348282], [-129.499328613, 15.9945497513, 19.6603355408, -5.63923120499, -6.25594329834, 0.913309037685, -7.52394104004, -15.1292610168, -4.67997741699, 10.3617362976, 82.1572952271, 24.9891700745, 0.918577432632], [-1.06279921532, -6.0831246376, 25.3221721649, 56.4884757996, 23.8986625671, -0.476923316717, -19.3084640503, -14.1888942719, -15.7873926163, -26.747795105, 24.9891700745, 116.981025696, 38.4574928284], [80.9358901978, 5.3410949707, 43.1274375916, 40.2086181641, 36.4481277466, 1.08389866352, -2.08605384827, 2.87748456001, -3.1459608078, -15.8550348282, 0.918577432632, 38.4574928284, 90.1276626587]],
