{
"lowlevel": {
    "average_loudness": 0.859305679798,
    "barkbands_crest": {
        "dmean": 3.1414141655,
        "dmean2": 4.9824719429,
        "dvar": 9.07825374603,
        "dvar2": 18.5067443848,
        "max": 26.2994728088,
        "mean": 11.1559801102,
        "median": 9.88212680817,
        "min": 2.36683654785,
        "var": 25.4197463989
    },
    "barkbands_flatness_db": {
        "dmean": 0.0241929274052,
        "dmean2": 0.0356156788766,
        "dvar": 0.000582768581808,
        "dvar2": 0.0010965061374,
        "max": 0.482988655567,
        "mean": 0.151022732258,
        "median": 0.14486990869,
        "min": 0.0334404706955,
        "var": 0.00255874707364
    },
    "barkbands_kurtosis": {
        "dmean": 4.6535077095,
        "dmean2": 6.83810424805,
        "dvar": 315.011199951,
        "dvar2": 579.017822266,
        "max": 858.684875488,
        "mean": 6.0243062973,
        "median": 1.9990696907,
        "min": -1.92230951786,
        "var": 534.227050781
    },
    "barkbands_skewness": {
        "dmean": 0.660512924194,
        "dmean2": 0.932462453842,
        "dvar": 0.718806326389,
        "dvar2": 1.18800485134,
        "max": 24.6507263184,
        "mean": 1.57746434212,
        "median": 1.2719284296,
        "min": -3.7766289711,
        "var": 2.587246418
    },
    "barkbands_spread": {
        "dmean": 6.15418148041,
        "dmean2": 9.11130428314,
        "dvar": 68.0571136475,
        "dvar2": 119.943405151,
        "max": 116.199119568,
        "mean": 21.2959499359,
        "median": 17.3578605652,
        "min": 0.195543125272,
        "var": 270.821777344
    },
    "dissonance": {
        "dmean": 0.0233873538673,
        "dmean2": 0.0396996736526,
        "dvar": 0.000566613278352,
        "dvar2": 0.00155821861699,
        "max": 0.499999970198,
        "mean": 0.457259565592,
        "median": 0.468572646379,
        "min": 0.212149500847,
        "var": 0.00143980490975
    },
    "dynamic_complexity": 3.95916199684,
    "erbbands_crest": {
        "dmean": 2.94872927666,
        "dmean2": 4.80506849289,
        "dvar": 7.63810539246,
        "dvar2": 19.3041648865,
        "max": 31.5289230347,
        "mean": 9.63503360748,
        "median": 8.3737821579,
        "min": 2.34272670746,
        "var": 25.6881542206
    },
    "erbbands_flatness_db": {
        "dmean": 0.0181869734079,
        "dmean2": 0.0263846237212,
        "dvar": 0.000287480128463,
        "dvar2": 0.000560285989195,
        "max": 0.352016806602,
        "mean": 0.162047937512,
        "median": 0.154673531651,
        "min": 0.0449827685952,
        "var": 0.0030834840145
    },
    "erbbands_kurtosis": {
        "dmean": 1.25964379311,
        "dmean2": 1.99334323406,
        "dvar": 3.4231338501,
        "dvar2": 8.00051879883,
        "max": 34.6133346558,
        "mean": 1.46542847157,
        "median": 0.418593645096,
        "min": -1.85516476631,
        "var": 10.6836090088
    },
    "erbbands_skewness": {
        "dmean": 0.398935645819,
        "dmean2": 0.605466008186,
        "dvar": 0.135836496949,
        "dvar2": 0.292943626642,
        "max": 4.66672086716,
        "mean": 0.522664487362,
        "median": 0.489191919565,
        "min": -3.78768539429,
        "var": 0.73862349987
    },
    "erbbands_spread": {
        "dmean": 7.95310926437,
        "dmean2": 11.8778600693,
        "dvar": 87.2893447876,
        "dvar2": 179.860961914,
        "max": 154.993804932,
        "mean": 34.7576675415,
        "median": 30.2650203705,
        "min": 2.87485313416,
        "var": 446.154449463
    },
    "hfc": {
        "dmean": 7.45009613037,
        "dmean2": 10.5231590271,
        "dvar": 120.260673523,
        "dvar2": 243.161331177,
        "max": 160.829116821,
        "mean": 22.3253364563,
        "median": 16.0469608307,
        "min": 1.1719517418e-16,
        "var": 448.509979248
    },
    "melbands_crest": {
        "dmean": 3.95003652573,
        "dmean2": 6.13921117783,
        "dvar": 13.0549383163,
        "dvar2": 25.8310832977,
        "max": 34.8769454956,
        "mean": 15.6146707535,
        "median": 13.8453407288,
        "min": 1.82276666164,
        "var": 47.6672096252
    },
    "melbands_flatness_db": {
        "dmean": 0.0290299803019,
        "dmean2": 0.0419232919812,
        "dvar": 0.000885630666744,
        "dvar2": 0.00154069939163,
        "max": 0.573028385639,
        "mean": 0.204369992018,
        "median": 0.194752007723,
        "min": 0.00650377711281,
        "var": 0.00422556372359
    },
    "melbands_kurtosis": {
        "dmean": 10.0637693405,
        "dmean2": 14.7356843948,
        "dvar": 603.985961914,
        "dvar2": 1131.77954102,
        "max": 581.99798584,
        "mean": 16.0230369568,
        "median": 6.07620716095,
        "min": -1.73171079159,
        "var": 1242.5267334
    },
    "melbands_skewness": {
        "dmean": 0.896085381508,
        "dmean2": 1.29758036137,
        "dvar": 1.24761509895,
        "dvar2": 2.22931528091,
        "max": 18.6312503815,
        "mean": 2.57315683365,
        "median": 2.06536340714,
        "min": -1.54646396637,
        "var": 4.99291992188
    },
    "melbands_spread": {
        "dmean": 7.06012392044,
        "dmean2": 10.5203943253,
        "dvar": 123.757164001,
        "dvar2": 236.711227417,
        "max": 239.894607544,
        "mean": 21.7042121887,
        "median": 18.2424468994,
        "min": 0.247090473771,
        "var": 335.694702148
    },
    "pitch_salience": {
        "dmean": 0.0835150554776,
        "dmean2": 0.131287187338,
        "dvar": 0.00614880723879,
        "dvar2": 0.0128749739379,
        "max": 0.894587039948,
        "mean": 0.524619758129,
        "median": 0.540856182575,
        "min": 0.0394836515188,
        "var": 0.0215740520507
    },
    "silence_rate_20dB": {
        "dmean": 0.000237191648921,
        "dmean2": 0.000474439555546,
        "dvar": 0.000237093074247,
        "dvar2": 0.000711264903657,
        "max": 1,
        "mean": 0.999881446362,
        "median": 1,
        "min": 0,
        "var": 0.000118557123642
    },
    "silence_rate_30dB": {
        "dmean": 0.0675996169448,
        "dmean2": 0.13521528244,
        "dvar": 0.0630320012569,
        "dvar2": 0.116941466928,
        "max": 1,
        "mean": 0.892564952374,
        "median": 1,
        "min": 0,
        "var": 0.0958891957998
    },
    "silence_rate_60dB": {
        "dmean": 0.0170777980238,
        "dmean2": 0.0341596491635,
        "dvar": 0.0167845673859,
        "dvar2": 0.0386801213026,
        "max": 1,
        "mean": 0.101743154228,
        "median": 0,
        "min": 0,
        "var": 0.0914105847478
    },
    "spectral_centroid": {
        "dmean": 228.849060059,
        "dmean2": 338.852722168,
        "dvar": 86415.375,
        "dvar2": 145757.890625,
        "max": 11120.6787109,
        "mean": 1276.85266113,
        "median": 1194.67822266,
        "min": 149.918518066,
        "var": 357563.59375
    },
    "spectral_complexity": {
        "dmean": 3.37167930603,
        "dmean2": 5.1498041153,
        "dvar": 13.419459343,
        "dvar2": 28.0360012054,
        "max": 55,
        "mean": 17.7258396149,
        "median": 17,
        "min": 0,
        "var": 94.9626464844
    },
    "spectral_decrease": {
        "dmean": 4.93816143532e-09,
        "dmean2": 6.8144561105e-09,
        "dvar": 8.97064337947e-17,
        "dvar2": 1.6639221095e-16,
        "max": 8.24869295167e-29,
        "mean": -1.00907922018e-08,
        "median": -5.34804689423e-09,
        "min": -9.39357107654e-08,
        "var": 1.92195680024e-16
    },
    "spectral_energy": {
        "dmean": 0.0190887078643,
        "dmean2": 0.0262621752918,
        "dvar": 0.00129868730437,
        "dvar2": 0.00240067602135,
        "max": 0.35726121068,
        "mean": 0.0401099696755,
        "median": 0.0219460707158,
        "min": 1.04950898975e-20,
        "var": 0.00285437516868
    },
    "spectral_energyband_high": {
        "dmean": 0.000430641375715,
        "dmean2": 0.00057786074467,
        "dvar": 9.46739987739e-07,
        "dvar2": 1.76291064236e-06,
        "max": 0.0173773691058,
        "mean": 0.000897598918527,
        "median": 0.000324963271851,
        "min": 7.47221489446e-21,
        "var": 2.79540859083e-06
    },
    "spectral_energyband_low": {
        "dmean": 0.0155191961676,
        "dmean2": 0.0222329329699,
        "dvar": 0.00131626403891,
        "dvar2": 0.00256788916886,
        "max": 0.348087370396,
        "mean": 0.0228790976107,
        "median": 0.00651790015399,
        "min": 6.90881414676e-23,
        "var": 0.00221466482617
    },
    "spectral_energyband_middle_high": {
        "dmean": 0.00250431569293,
        "dmean2": 0.00384727073833,
        "dvar": 2.1310928787e-05,
        "dvar2": 5.22827722307e-05,
        "max": 0.104370549321,
        "mean": 0.00646666577086,
        "median": 0.00349182449281,
        "min": 1.38828028455e-21,
        "var": 6.79069926264e-05
    },
    "spectral_energyband_middle_low": {
        "dmean": 0.0057371398434,
        "dmean2": 0.00924665573984,
        "dvar": 9.76393857854e-05,
        "dvar2": 0.000253929320024,
        "max": 0.147793471813,
        "mean": 0.0113612357527,
        "median": 0.00732200127095,
        "min": 3.09542405399e-22,
        "var": 0.000173306762008
    },
    "spectral_entropy": {
        "dmean": 0.153534129262,
        "dmean2": 0.219308570027,
        "dvar": 0.0234919823706,
        "dvar2": 0.0443603806198,
        "max": 9.80894756317,
        "mean": 7.61831712723,
        "median": 7.62796068192,
        "min": 5.79585838318,
        "var": 0.196071743965
    },
    "spectral_flux": {
        "dmean": 0.0359617099166,
        "dmean2": 0.0553111881018,
        "dvar": 0.00249721272849,
        "dvar2": 0.00569543940946,
        "max": 0.492756903172,
        "mean": 0.0997356399894,
        "median": 0.0806724429131,
        "min": 6.70890357157e-11,
        "var": 0.00573746720329
    },
    "spectral_kurtosis": {
        "dmean": 1.42366862297,
        "dmean2": 2.3337533474,
        "dvar": 2.58932518959,
        "dvar2": 7.32793331146,
        "max": 41.5690765381,
        "mean": 4.75114774704,
        "median": 4.34538698196,
        "min": -1.21238982677,
        "var": 9.13728427887
    },
    "spectral_rms": {
        "dmean": 0.00117185607087,
        "dmean2": 0.00157045305241,
        "dvar": 2.61240165855e-06,
        "dvar2": 4.01337001676e-06,
        "max": 0.0186694283038,
        "mean": 0.00529919797555,
        "median": 0.00462718075141,
        "min": 3.19986138281e-12,
        "var": 1.10501823656e-05
    },
    "spectral_rolloff": {
        "dmean": 475.116760254,
        "dmean2": 763.243713379,
        "dvar": 979451.8125,
        "dvar2": 1711734.25,
        "max": 19121.484375,
        "mean": 1383.9630127,
        "median": 990.52734375,
        "min": 64.599609375,
        "var": 2596627.5
    },
    "spectral_skewness": {
        "dmean": 0.199509605765,
        "dmean2": 0.308940023184,
        "dvar": 0.037818081677,
        "dvar2": 0.086646579206,
        "max": 5.05567789078,
        "mean": 1.70261287689,
        "median": 1.71088922024,
        "min": -0.0438943654299,
        "var": 0.236935377121
    },
    "spectral_spread": {
        "dmean": 533867.4375,
        "dmean2": 735512.25,
        "dvar": 606251581440,
        "dvar2": 943650308096,
        "max": 42310480,
        "mean": 4786958,
        "median": 4496093.5,
        "min": 1755915.375,
        "var": 3.19529759539e+12
    },
    "spectral_strongpeak": {
        "dmean": 0.557308971882,
        "dmean2": 0.928250730038,
        "dvar": 0.816041529179,
        "dvar2": 2.05097126961,
        "max": 10.4818239212,
        "mean": 1.00880360603,
        "median": 0.532683432102,
        "min": 0,
        "var": 1.61549687386
    },
    "zerocrossingrate": {
        "dmean": 0.0114184385166,
        "dmean2": 0.012541663833,
        "dvar": 0.000257196283201,
        "dvar2": 0.00023141677957,
        "max": 0.658203125,
        "mean": 0.0580543987453,
        "median": 0.05029296875,
        "min": 0.0029296875,
        "var": 0.00160039030015
    },
    "barkbands": {
        "dmean": [0.000668105320074, 0.0141173088923, 0.00221775332466, 0.00142020185012, 0.0013731806539, 0.000834583595861, 0.00105019670445, 0.00108254468068, 0.00160229438916, 0.00182229210623, 0.000525942828972, 0.000491389073431, 0.000362239807146, 0.000372030306607, 0.000228331060498, 0.000203611678444, 0.000181651252205, 0.000166753350641, 8.85416156962e-05, 8.8019107352e-05, 7.38333765185e-05, 7.27767401258e-05, 8.7806081865e-05, 0.000100974393717, 8.36080726003e-05, 4.87943434564e-05, 5.72147143885e-07],
        "dmean2": [0.000948452041484, 0.0207373797894, 0.00369088212028, 0.00249903905205, 0.00234260782599, 0.00137421116233, 0.00168127333745, 0.00170734222047, 0.00258923158981, 0.00293425889686, 0.000850641168654, 0.000797266722657, 0.000595698307734, 0.000598078593612, 0.000364785926649, 0.0003297709045, 0.000292778946459, 0.000265546783339, 0.000139824012876, 0.0001402546186, 0.000114884394861, 0.000109221837192, 0.000122221652418, 0.000139404888614, 0.000109891792818, 7.45302822907e-05, 1.04452271898e-06],
        "dvar": [2.8291108265e-06, 0.00131556740962, 3.93395712308e-05, 1.39919884532e-05, 9.78065509116e-06, 3.95458528146e-06, 9.56361054705e-06, 8.26050381875e-06, 1.601573058e-05, 2.64174304903e-05, 1.82952510386e-06, 1.32408274567e-06, 6.03512091857e-07, 9.06588923044e-07, 3.58846563131e-07, 2.48650195545e-07, 1.39363592666e-07, 7.97984682777e-08, 2.29763852388e-08, 2.73940194973e-08, 3.74822910487e-08, 3.4798940618e-08, 6.49283151688e-08, 7.92061456423e-08, 3.82515246145e-08, 1.84356139243e-08, 2.0640782486e-11],
        "dvar2": [5.29456747245e-06, 0.00269169360399, 0.000100620636658, 3.84112645406e-05, 2.70658147201e-05, 1.02465919554e-05, 2.37640924752e-05, 1.96522905753e-05, 4.06849758292e-05, 6.71178786433e-05, 4.59414741272e-06, 3.40569749824e-06, 1.60009869887e-06, 2.23343386097e-06, 8.25171582619e-07, 5.85334419156e-07, 3.3615796724e-07, 1.89922758409e-07, 5.54015926468e-08, 6.852388168e-08, 9.193404793e-08, 7.42560999356e-08, 1.17737769756e-07, 1.43695757515e-07, 6.56160494827e-08, 4.37599112502e-08, 5.82669051896e-11],
        "max": [0.0180826187134, 0.324633359909, 0.0953692495823, 0.0477800630033, 0.0472989119589, 0.04121703282, 0.102432079613, 0.0686572492123, 0.108699060977, 0.104780323803, 0.0317867398262, 0.023646093905, 0.0136251645163, 0.0264318399131, 0.0203430112451, 0.0182284787297, 0.00742728309706, 0.00460839737207, 0.00302764144726, 0.0030176686123, 0.00570594286546, 0.0054783555679, 0.00771645084023, 0.00679671159014, 0.00565890967846, 0.00169990921859, 8.88188005774e-05],
        "mean": [0.000800695095677, 0.0180769637227, 0.00331939244643, 0.00138078501914, 0.00187381438445, 0.00127715233248, 0.00129745923914, 0.00154451525304, 0.00250697229058, 0.00282791513018, 0.000809581077192, 0.000766706070863, 0.000560203799978, 0.000568867486436, 0.000364670908311, 0.000334222742822, 0.000321326835547, 0.000319618993672, 0.000173123175045, 0.000160819370649, 0.000132148241391, 0.000131958688144, 0.000160385927302, 0.000183562427992, 0.000159474715474, 5.72854733036e-05, 3.4375474911e-07],
        "median": [6.04041852057e-05, 0.00349021865986, 0.000783414812759, 0.000350366346538, 0.00100716075394, 0.000528514559846, 0.000351124239387, 0.000380753132049, 0.000626243883744, 0.000477262714412, 0.000207795950701, 0.00024654736626, 0.000220418456593, 0.000170949919266, 0.000133987137815, 0.000138477465953, 0.000158620692673, 0.000174920933205, 0.000109733213321, 8.18910266389e-05, 5.3628195019e-05, 5.17301232321e-05, 4.36225273006e-05, 4.66025594505e-05, 4.15376271121e-05, 1.00225715869e-05, 5.78135261886e-10],
        "min": [1.0883297809e-23, 2.77405934992e-23, 1.34426915405e-23, 6.26320060005e-24, 9.07035660925e-24, 2.26942897316e-23, 2.02307023681e-23, 5.55962723382e-23, 8.62057920221e-23, 4.82395069974e-23, 4.67666216458e-23, 4.98064845223e-23, 4.83746483368e-23, 5.30666036745e-23, 7.6533019416e-23, 1.72072727265e-22, 6.70248599927e-23, 1.4350162416e-22, 1.67551128017e-22, 2.03478857623e-22, 3.06871133047e-22, 4.44501486371e-22, 6.68418631954e-22, 6.75995735612e-22, 1.14707484203e-21, 1.39438508346e-21, 2.57570431427e-21],
        "var": [4.54661085314e-06, 0.00191496219486, 4.58107278973e-05, 1.06066827357e-05, 9.07702542463e-06, 5.8717741922e-06, 1.05354320112e-05, 1.32318773467e-05, 3.07285918097e-05, 5.56942686671e-05, 3.8472403503e-06, 2.42015016738e-06, 9.96758217298e-07, 1.55377142619e-06, 7.43671307646e-07, 4.35203588722e-07, 2.69683908982e-07, 1.88239567933e-07, 4.56755948619e-08, 5.05866033507e-08, 5.67886395686e-08, 7.20799846476e-08, 1.7156736476e-07, 2.17071686848e-07, 1.19443015478e-07, 1.98349745517e-08, 1.22610342018e-11]
    },
    "erbbands": {
        "dmean": [0.543313920498, 2.82757568359, 2.92484712601, 3.49346637726, 5.05169630051, 4.1762714386, 5.45080518723, 7.50353431702, 15.864074707, 15.2135810852, 24.4146213531, 36.0284614563, 63.3186531067, 25.9351005554, 18.373052597, 19.5132064819, 15.8747644424, 16.0255222321, 13.0349721909, 12.6548700333, 9.34309196472, 9.77237129211, 9.99610996246, 5.09076976776, 4.41145944595, 4.01121664047, 2.90623617172, 3.18543934822, 2.73170733452, 2.62092494965, 2.45799875259, 2.31471562386, 1.60552144051, 0.984840810299, 0.60544860363, 0.25065690279, 0.0854640677571, 0.0103217177093, 0.000225528274314, 2.78621282632e-05],
        "dmean2": [0.763726294041, 4.37814855576, 4.77658224106, 6.06264305115, 8.89188098907, 7.05416250229, 8.9018945694, 12.3747196198, 25.3824195862, 24.3721523285, 38.4971694946, 58.3489303589, 100.93561554, 41.9638748169, 29.5216903687, 31.6471614838, 25.8761348724, 25.6356258392, 20.9889698029, 19.9250640869, 14.953420639, 15.5509929657, 15.8314332962, 8.0604057312, 6.93740558624, 6.44198131561, 4.67685079575, 4.93258476257, 4.23223018646, 3.79292535782, 3.39391326904, 3.25630450249, 2.23902869225, 1.33077955246, 0.805983662605, 0.357499450445, 0.137576669455, 0.0177474040538, 0.000376825249987, 3.87774343835e-05],
        "dvar": [2.0704023838, 53.3722763062, 56.2913742065, 73.1535873413, 220.359970093, 77.0859375, 165.423202515, 395.032470703, 2649.87353516, 1893.171875, 3434.37915039, 9144.17871094, 30621.3886719, 4015.94116211, 2579.40966797, 2435.37231445, 1083.50866699, 1454.26989746, 1105.69787598, 1531.06054688, 345.383209229, 375.479675293, 304.999511719, 76.55418396, 68.4705200195, 64.9036483765, 41.4727897644, 85.2202911377, 50.800983429, 49.8092727661, 50.9108505249, 51.8453788757, 17.886554718, 6.16145038605, 1.84686875343, 0.307997316122, 0.0856690257788, 0.0025639005471, 1.0861855344e-06, 3.57153018271e-09],
        "dvar2": [3.71456170082, 125.399475098, 134.016189575, 201.762451172, 613.533752441, 210.205123901, 431.671630859, 1027.06298828, 6635.58251953, 4519.89697266, 8627.77832031, 24084.3574219, 77412.4609375, 10323.3525391, 6583.04833984, 6410.58056641, 2855.00219727, 3608.81103516, 2761.64135742, 3266.69726562, 829.413208008, 898.510314941, 738.04888916, 187.557373047, 162.508621216, 165.675994873, 105.230331421, 206.207260132, 116.787879944, 101.526275635, 88.905456543, 92.3400878906, 33.8902740479, 10.8249855042, 3.36222672462, 0.680556535721, 0.207995682955, 0.00670443940908, 2.85519354293e-06, 7.5130497379e-09],
        "max": [12.0652017593, 70.1046524048, 118.05128479, 120.082420349, 242.682250977, 165.166595459, 347.124176025, 424.34375, 1696.90222168, 1121.4309082, 1702.88635254, 2043.50109863, 3936.62133789, 1374.18835449, 1416.28234863, 1134.35949707, 522.51953125, 909.41809082, 1341.35974121, 1694.92175293, 373.211669922, 354.022644043, 334.431549072, 170.718475342, 218.210021973, 132.648040771, 122.677352905, 281.061065674, 172.173171997, 179.594421387, 210.608612061, 216.471908569, 102.482292175, 57.5266990662, 43.0941314697, 8.57528209686, 3.45788574219, 0.650625705719, 0.0169825758785, 0.00120081775822],
        "mean": [0.671041548252, 3.42589402199, 4.51122045517, 4.08704185486, 5.20059013367, 5.89873600006, 8.70687484741, 11.2964229584, 20.1158370972, 21.7218608856, 37.57239151, 57.9474945068, 102.161766052, 43.073184967, 31.1578617096, 32.1480102539, 26.925151825, 27.247592926, 22.3339748383, 21.7307891846, 17.4906482697, 18.5859642029, 19.3365039825, 10.7809476852, 8.66325283051, 7.26255989075, 5.16191196442, 5.59869384766, 4.77095413208, 4.85995674133, 4.40445947647, 4.05358791351, 2.87325930595, 1.85202980042, 1.08826649189, 0.384926319122, 0.0816152244806, 0.00736102415249, 0.000193764164578, 5.65883274248e-05],
        "median": [0.0553066581488, 0.84996509552, 1.46408867836, 1.6417298317, 1.87332713604, 3.19463348389, 4.3132815361, 3.8985080719, 5.25606966019, 6.36547660828, 13.0913286209, 14.5817127228, 19.3050136566, 13.3256502151, 9.5101518631, 10.7730321884, 11.7279853821, 9.66338729858, 8.55037975311, 7.98792743683, 8.25287628174, 9.56949424744, 10.6959753036, 6.83815717697, 5.09066104889, 3.65331482887, 2.53215885162, 2.03007793427, 1.87505745888, 1.51521742344, 1.20694458485, 0.973483800888, 0.750105023384, 0.475963771343, 0.273672580719, 0.0916351675987, 0.00912922620773, 0.000223507304327, 2.97767164739e-05, 3.12655138259e-05],
        "min": [1.1189409067e-21, 3.84812902792e-21, 1.70365973559e-20, 1.29647636321e-20, 2.1590097381e-20, 3.97023623441e-20, 1.80711718581e-19, 9.63723833255e-20, 3.20245300595e-19, 5.28796920066e-19, 7.87428690458e-19, 1.99626578475e-18, 9.41521168241e-19, 1.41160460163e-18, 1.60624599003e-18, 2.27799729753e-18, 2.76041916374e-18, 2.27971411089e-18, 4.43615432228e-18, 4.71550438208e-18, 9.44874765239e-18, 4.88778914647e-18, 9.28322633028e-18, 8.80077075647e-18, 9.96021245029e-18, 9.21182740853e-18, 1.17222047623e-17, 1.25375434572e-17, 1.62814472821e-17, 1.24325370144e-17, 1.95037425932e-17, 1.60728108249e-17, 1.16536298352e-17, 1.23140880594e-17, 7.29345494731e-18, 3.73237664941e-18, 2.52359735436e-18, 1.33446463284e-18, 3.39461171514e-19, 3.71778232705e-20],
        "var": [3.32080698013, 63.2655181885, 72.410446167, 59.3104019165, 160.73815918, 80.3436889648, 228.867507935, 561.028137207, 2952.73681641, 2849.81054688, 5496.52832031, 17447.0429688, 69832.2265625, 7799.42138672, 5718.21875, 4470.80712891, 1928.51867676, 2750.9621582, 1840.38745117, 3452.96704102, 782.704956055, 792.008178711, 687.7109375, 171.727539062, 132.637741089, 109.877738953, 63.345287323, 124.043022156, 88.8726501465, 116.925422668, 139.172836304, 132.674362183, 47.6871757507, 18.549741745, 5.17491960526, 0.537696778774, 0.0758769586682, 0.00182932871394, 7.89645184796e-07, 6.38425401434e-09]
    },
    "gfcc": {
        "mean": [-8.27613925934, 93.1808242798, -121.717666626, 28.8361530304, -64.2745819092, 27.4665184021, -39.7454795837, 22.476026535, -22.0932731628, 1.87329661846, -15.3051595688, -1.36831235886, -7.2727265358],
        "cov": [[8185.91943359, -958.918273926, 1221.89318848, 770.790588379, 281.330993652, 597.517333984, 218.705459595, 569.524414062, -78.7200469971, 486.773162842, -125.659736633, 270.070007324, -196.53717041], [-958.918273926, 1117.35070801, 4.09685707092, -87.8556671143, 124.408058167, -161.571136475, 69.9374847412, -90.4816970825, 90.5545043945, -135.256240845, 123.086158752, -80.2813186646, 53.4497375488], [1221.89318848, 4.09685707092, 1218.87878418, 568.021484375, 213.148910522, 177.799255371, -29.5550537109, 105.319778442, -4.55045986176, 154.122802734, -14.4017734528, 101.646972656, -41.0959892273], [770.790588379, -87.8556671143, 568.021484375, 615.876159668, 214.256469727, 97.086227417, -52.843624115, 48.1423034668, 33.8916778564, 83.5680923462, -7.57039785385, 41.3254051208, 15.9126729965], [281.330993652, 124.408058167, 213.148910522, 214.256469727, 305.984649658, 73.1748962402, 54.9905738831, 66.4295959473, 54.4206390381, 49.8648529053, 15.873333931, 28.2633190155, 14.8444728851], [597.517333984, -161.571136475, 177.799255371, 97.086227417, 73.1748962402, 273.522460938, 139.245681763, 85.8516769409, -7.77989625931, 63.5806007385, 4.75576877594, 38.5133552551, -4.87425851822], [218.705459595, 69.9374847412, -29.5550537109, -52.843624115, 54.9905738831, 139.245681763, 290.203613281, 83.6622772217, 9.59054374695, 19.2121295929, 55.0117607117, 15.6484947205, 4.15518808365], [569.524414062, -90.4816970825, 105.319778442, 48.1423034668, 66.4295959473, 85.8516769409, 83.6622772217, 169.246887207, 50.0929908752, 56.1545448303, 4.36312866211, 37.3279075623, 0.519349873066], [-78.7200469971, 90.5545043945, -4.55045986176, 33.8916778564, 54.4206390381, -7.77989625931, 9.59054374695, 50.0929908752, 164.374710083, 15.8024511337, 16.8147525787, -0.566339790821, 34.1309204102], [486.773162842, -135.256240845, 154.122802734, 83.5680923462, 49.8648529053, 63.5806007385, 19.2121295929, 56.1545448303, 15.8024511337, 125.244720459, 9.09340190887, 42.8500556946, -11.5103349686], [-125.659736633, 123.086158752, -14.4017734528, -7.57039785385, 15.873333931, 4.75576877594, 55.0117607117, 4.36312866211, 16.8147525787, 9.09340190887, 105.356620789, 19.1878852844, 17.1007766724], [270.070007324, -80.2813186646, 101.646972656, 41.3254051208, 28.2633190155, 38.5133552551, 15.6484947205, 37.3279075623, -0.566339790821, 42.8500556946, 19.1878852844, 91.6471481323, 15.2964687347], [-196.53717041, 53.4497375488, -41.0959892273, 15.9126729965, 14.8444728851, -4.87425851822, 4.15518808365, 0.519349873066, 34.1309204102, -11.5103349686, 17.1007766724, 15.2964687347, 84.3650360107]],
        "icov": [[0.000243794318521, -7.94049774413e-05, 4.84312913613e-05, -0.000274676509434, 0.000175069260877, -0.000184536926099, -6.62908041704e-06, -0.000628850306384, 0.000252914032899, -0.000493909872603, 0.000372713519027, -0.000362139136996, 0.000476789195091], [-7.94049774413e-05, 0.00233102613129, -0.00108932587318, 0.00118555128574, -0.00162005692255, 0.00148590805475, -0.000937034201343, 0.00136835419107, -0.00107949785888, 0.0023088157177, -0.00249022524804, 0.00204995158128, -0.00112261227332], [4.84312913613e-05, -0.00108932587318, 0.00226728687994, -0.0019650880713, 0.000707279890776, -0.00108715216629, 0.000690651650075, -0.000944872328546, 0.000728312064894, -0.00159867887851, 0.00123709545005, -0.00200438965112, 0.00166250276379], [-0.000274676509434, 0.00118555128574, -0.0019650880713, 0.00453409412876, -0.00257232761942, 0.00023655530822, 0.000675958988722, 0.00149438541848, -0.000855234684423, 0.00115178304259, -0.00166961550713, 0.00214694906026, -0.00232734996825], [0.000175069260877, -0.00162005692255, 0.000707279890776, -0.00257232761942, 0.00618374720216, -0.00107161805499, -0.000402769102948, -0.00176114146598, -0.000191170009202, -0.00206001638435, 0.00180240918417, -0.00179598818067, 0.000901222112589], [-0.000184536926099, 0.00148590805475, -0.00108715216629, 0.00023655530822, -0.00107161805499, 0.00750291161239, -0.00372286885977, 0.000185448021512, 0.000166976664332, 0.000194213556824, -0.00032417132752, 0.000873047334608, -0.00127487059217], [-6.62908041704e-06, -0.000937034201343, 0.000690651650075, 0.000675958988722, -0.000402769102948, -0.00372286885977, 0.00690084416419, -0.00270509766415, 0.000937331351452, -6.97961077094e-05, -0.00226940773427, 0.000194262582227, 0.000355752505129], [-0.000628850306384, 0.00136835419107, -0.000944872328546, 0.00149438541848, -0.00176114146598, 0.000185448021512, -0.00270509766415, 0.0121052935719, -0.00416601076722, 0.000352962873876, -0.000336555065587, -0.000565906404518, -0.000790328427684], [0.000252914032899, -0.00107949785888, 0.000728312064894, -0.000855234684423, -0.000191170009202, 0.000166976664332, 0.000937331351452, -0.00416601076722, 0.00898873247206, -0.0024619132746, 0.000297600781778, 0.000956416828558, -0.00239416700788], [-0.000493909872603, 0.0023088157177, -0.00159867887851, 0.00115178304259, -0.00206001638435, 0.000194213556824, -6.97961077094e-05, 0.000352962873876, -0.0024619132746, 0.0153079936281, -0.00392652349547, -0.00134545005858, 0.000889983202796], [0.000372713519027, -0.00249022524804, 0.00123709545005, -0.00166961550713, 0.00180240918417, -0.00032417132752, -0.00226940773427, -0.000336555065587, 0.000297600781778, -0.00392652349547, 0.0150063503534, -0.00516144465655, 0.000379410485039], [-0.000362139136996, 0.00204995158128, -0.00200438965112, 0.00214694906026, -0.00179598818067, 0.000873047334608, 0.000194262582227, -0.000565906404518, 0.000956416828558, -0.00134545005858, -0.00516144465655, 0.0181263498962, -0.00597416935489], [0.000476789195091, -0.00112261227332, 0.00166250276379, -0.00232734996825, 0.000901222112589, -0.00127487059217, 0.000355752505129, -0.000790328427684, -0.00239416700788, 0.000889983202796, 0.000379410485039, -0.00597416935489, 0.0167754478753]]
    },
    "melbands": {
        "dmean": [0.0043232832104, 0.002134910319, 0.000653441878967, 0.000322919077007, 0.00018610128609, 0.000177536931005, 0.000225755284191, 0.000180379734957, 0.000212495287997, 0.000238560329308, 0.00032512753387, 0.000117320319987, 6.42760642222e-05, 5.00142123201e-05, 5.31394580321e-05, 3.36811608577e-05, 3.3275991882e-05, 2.53662092291e-05, 1.77117490239e-05, 1.70310031535e-05, 1.10556693471e-05, 1.16510072985e-05, 9.50049161474e-06, 7.92192804511e-06, 4.26673341281e-06, 3.46217689184e-06, 3.49995366378e-06, 2.76043033409e-06, 1.95105076273e-06, 1.8434627691e-06, 1.95479810827e-06, 1.67547534602e-06, 1.40595091125e-06, 1.64477546605e-06, 1.4514778286e-06, 1.5328103018e-06, 1.48853916926e-06, 1.2125262856e-06, 9.89610839497e-07, 8.25406345939e-07],
        "dmean2": [0.00622012838721, 0.00338026904501, 0.00113145308569, 0.000557838240638, 0.000303408014588, 0.000292012351565, 0.000360114820069, 0.000287669507088, 0.000336133176461, 0.000385753926821, 0.000519334047567, 0.000190162332729, 0.000102980833617, 8.07349424576e-05, 8.73497119755e-05, 5.52037781745e-05, 5.33063175681e-05, 4.10116299463e-05, 2.84454963548e-05, 2.72984616458e-05, 1.80204679054e-05, 1.87659024959e-05, 1.50478254e-05, 1.26367731355e-05, 6.85430677549e-06, 5.56194436285e-06, 5.59836462344e-06, 4.50182642453e-06, 3.16998853123e-06, 2.99741031995e-06, 3.02586090584e-06, 2.6765644634e-06, 2.10871917261e-06, 2.44322654908e-06, 2.10394205169e-06, 2.1598116291e-06, 2.16718967749e-06, 1.75897105237e-06, 1.38782195336e-06, 1.15098237075e-06],
        "dvar": [0.000127342194901, 2.52987902059e-05, 2.71445833278e-06, 6.84937901951e-07, 1.64101081168e-07, 2.09391245676e-07, 5.01362308114e-07, 2.80347450143e-07, 2.51987160027e-07, 4.23549010975e-07, 7.98936184765e-07, 9.50264436028e-08, 2.74220024465e-08, 1.38234552693e-08, 1.82512724933e-08, 5.75663650082e-09, 7.12121783764e-09, 5.13947506775e-09, 2.20647899951e-09, 2.14286011158e-09, 5.580156337e-10, 6.00945238016e-10, 2.854561032e-10, 1.99151153901e-10, 5.56826251774e-11, 4.0356776948e-11, 4.20771265053e-11, 3.33500865812e-11, 1.70490219165e-11, 2.19998325113e-11, 3.18097666263e-11, 1.89966375963e-11, 1.47052665184e-11, 2.0812752563e-11, 1.72294054024e-11, 3.17830241292e-11, 1.96015096515e-11, 1.07917850004e-11, 6.78898994314e-12, 4.55668098739e-12],
        "dvar2": [0.000247941730777, 5.93238146394e-05, 7.3943224379e-06, 1.90556886537e-06, 4.25097795187e-07, 5.41730969417e-07, 1.25139638385e-06, 6.59586987695e-07, 6.45557634016e-07, 1.10344217319e-06, 2.01921307053e-06, 2.44699066343e-07, 6.86725272203e-08, 3.48532545047e-08, 4.89931117897e-08, 1.52710502022e-08, 1.76595147394e-08, 1.28689130463e-08, 4.83257611705e-09, 4.67429428497e-09, 1.38830336116e-09, 1.45379708272e-09, 6.86300072328e-10, 4.75840311598e-10, 1.39255690312e-10, 9.82246992076e-11, 1.01763542038e-10, 8.73962291426e-11, 4.34125096982e-11, 5.72890380968e-11, 7.61514254433e-11, 4.58943959225e-11, 3.06503884773e-11, 4.52941399665e-11, 3.25506496757e-11, 6.27118773577e-11, 3.78364214959e-11, 2.20955094499e-11, 1.30917377633e-11, 8.57761171119e-12],
        "max": [0.0928886532784, 0.0582522824407, 0.0189480837435, 0.0127535834908, 0.0103027336299, 0.00898749474436, 0.0238345060498, 0.0148028992116, 0.0132733564824, 0.0164925586432, 0.0197604428977, 0.0060302852653, 0.00514142215252, 0.00207345932722, 0.00365504133515, 0.00161632546224, 0.00204761466011, 0.00297355093062, 0.0016350398073, 0.00188246602193, 0.000505899486598, 0.000528378528543, 0.000333999661962, 0.000341939885402, 0.000134156827698, 0.000173125139554, 0.000122591300169, 0.000100919103716, 7.23605262465e-05, 0.000118440642837, 0.000163108838024, 8.14022860141e-05, 0.000156377675012, 0.000127937688376, 0.000107468891656, 0.000217750755837, 0.000109353539301, 8.02437425591e-05, 5.72619901504e-05, 5.28004129592e-05],
        "mean": [0.00544056296349, 0.00310719385743, 0.000766963174101, 0.000390765111661, 0.000306285539409, 0.000267712719506, 0.000286508875433, 0.000258400250459, 0.000321380852256, 0.000375675415853, 0.00051487411838, 0.000181967916433, 0.000104266408016, 7.98240362201e-05, 8.12195867184e-05, 5.26844632986e-05, 5.2149851399e-05, 3.91185276385e-05, 2.84776306216e-05, 2.74557278317e-05, 1.87512014236e-05, 1.99718397198e-05, 1.75194163603e-05, 1.47799983097e-05, 8.07329251984e-06, 6.1979808379e-06, 6.20239734417e-06, 4.48348828286e-06, 3.22833079736e-06, 3.05399180434e-06, 3.25243740917e-06, 2.70677514891e-06, 2.44970715357e-06, 2.85125338451e-06, 2.50031507676e-06, 2.49700224231e-06, 2.48207493314e-06, 2.06317827178e-06, 1.74291153598e-06, 1.48628384977e-06],
        "median": [0.000791391008534, 0.00109587423503, 0.000318397476804, 0.000195138069103, 0.00015384949802, 9.62051490205e-05, 7.55765067879e-05, 6.29216083325e-05, 0.000110228458652, 8.2624515926e-05, 9.23827901715e-05, 5.05707284901e-05, 2.87347811536e-05, 2.46951058216e-05, 2.636751924e-05, 1.91249910131e-05, 1.61372390721e-05, 1.26396143969e-05, 1.05070739664e-05, 1.00291445051e-05, 8.65389483806e-06, 9.38784796745e-06, 9.50008507061e-06, 7.95539745013e-06, 4.78525043945e-06, 3.69098279407e-06, 2.96279745271e-06, 2.02985120268e-06, 1.58317982368e-06, 1.17830029467e-06, 1.10171833967e-06, 1.07212770217e-06, 8.71187296525e-07, 7.93376841557e-07, 7.02902752892e-07, 5.52680376131e-07, 5.9097266103e-07, 5.24434028648e-07, 4.44161770474e-07, 3.66537364016e-07],
        "min": [1.07732383021e-23, 8.81358080688e-24, 3.06201507679e-24, 1.86786445695e-24, 5.89056558539e-24, 2.46948232379e-24, 4.83485749062e-24, 9.36614947199e-24, 5.65812653637e-24, 1.35079634695e-23, 4.32484156045e-24, 5.5021154873e-24, 6.60507832244e-24, 3.774118041e-24, 8.07718467388e-24, 5.22249072324e-24, 4.00746191347e-24, 7.09568866877e-24, 5.8187894982e-24, 7.48188420239e-24, 9.41463838525e-24, 3.9720456087e-24, 7.93900700886e-24, 7.0854981636e-24, 6.94047239706e-24, 6.27394961874e-24, 4.84441099061e-24, 5.94197131185e-24, 9.12899500692e-24, 4.94462038583e-24, 7.57923831557e-24, 1.0578976571e-23, 6.20374573134e-24, 6.81835120691e-24, 9.61723285407e-24, 1.00415287917e-23, 9.29313723977e-24, 8.09684308764e-24, 7.57496742263e-24, 1.0940868089e-23],
        "var": [0.000193317275262, 3.24127940985e-05, 2.17267734115e-06, 5.43988846857e-07, 2.41884777097e-07, 2.9981327998e-07, 5.60004707495e-07, 4.47237567869e-07, 4.01594490995e-07, 8.19780439087e-07, 1.79182984539e-06, 1.65522280327e-07, 6.53293099617e-08, 2.65076049999e-08, 3.02210700909e-08, 1.01761568061e-08, 1.26150556667e-08, 7.85851472784e-09, 5.04090102993e-09, 4.25278745553e-09, 1.01245134498e-09, 1.11485520815e-09, 6.09480355074e-10, 4.50597698043e-10, 1.09978144647e-10, 6.80248912754e-11, 8.4828061242e-11, 4.83499316972e-11, 2.47648394847e-11, 3.05030653514e-11, 4.56331014642e-11, 2.86172266439e-11, 3.17241267977e-11, 4.31885083252e-11, 4.29847060723e-11, 6.62858101741e-11, 4.71523653456e-11, 2.5649720195e-11, 1.72716684704e-11, 1.25974803505e-11]
    },
    "mfcc": {
        "mean": [-646.953063965, 120.034736633, 1.34592783451, 8.586810112, 4.87868070602, 1.26599562168, 1.63714683056, 10.8229541779, 4.18271923065, 3.89756345749, 3.55541372299, -0.0992721840739, -3.45256376266],
        "cov": [[6882.48632812, -979.27947998, 753.10925293, 404.612945557, 288.195739746, 282.653289795, 423.739685059, 212.290878296, 279.137390137, 287.957092285, 164.152038574, 227.093093872, 106.413269043], [-979.27947998, 1054.91296387, -114.877868652, -8.23297405243, -33.0328445435, -69.6714248657, -9.47554969788, 36.8597106934, -57.4105224609, -32.8736343384, 22.1882724762, -5.46184682846, 7.10652208328], [753.10925293, -114.877868652, 915.01361084, 369.803009033, 272.781585693, 169.244354248, 87.5710525513, 22.8162975311, 43.7882499695, 17.7490348816, 23.1529273987, 70.8245925903, 69.4518051147], [404.612945557, -8.23297405243, 369.803009033, 493.624481201, 294.333526611, 95.9841537476, 22.1244926453, -1.83256208897, 47.630191803, 13.5680818558, 6.21181106567, 45.9654312134, 58.0572013855], [288.195739746, -33.0328445435, 272.781585693, 294.333526611, 372.515106201, 87.7856826782, -18.0098667145, 0.378086864948, 65.5365982056, 22.9164714813, 6.19884538651, 35.8991928101, 41.7692756653], [282.653289795, -69.6714248657, 169.244354248, 95.9841537476, 87.7856826782, 205.59967041, 108.558990479, 48.0419464111, 41.1718101501, 29.3661727905, 33.5911903381, 22.8836555481, 15.3935279846], [423.739685059, -9.47554969788, 87.5710525513, 22.1244926453, -18.0098667145, 108.558990479, 262.240692139, 89.2108306885, 21.2116165161, 44.1295700073, 44.955493927, 30.1886692047, 15.6872348785], [212.290878296, 36.8597106934, 22.8162975311, -1.83256208897, 0.378086864948, 48.0419464111, 89.2108306885, 150.046188354, 55.9871788025, 38.7906684875, 41.0122718811, 23.901594162, 20.6740322113], [279.137390137, -57.4105224609, 43.7882499695, 47.630191803, 65.5365982056, 41.1718101501, 21.2116165161, 55.9871788025, 137.107147217, 58.7395591736, 22.3666572571, 20.8957824707, 23.2892112732], [287.957092285, -32.8736343384, 17.7490348816, 13.5680818558, 22.9164714813, 29.3661727905, 44.1295700073, 38.7906684875, 58.7395591736, 103.846603394, 41.7274093628, 19.7314319611, 6.65750598907], [164.152038574, 22.1882724762, 23.1529273987, 6.21181106567, 6.19884538651, 33.5911903381, 44.955493927, 41.0122718811, 22.3666572571, 41.7274093628, 89.1184463501, 37.2168884277, 14.7152481079], [227.093093872, -5.46184682846, 70.8245925903, 45.9654312134, 35.8991928101, 22.8836555481, 30.1886692047, 23.901594162, 20.8957824707, 19.7314319611, 37.2168884277, 80.5026473999, 40.4103317261], [106.413269043, 7.10652208328, 69.4518051147, 58.0572013855, 41.7692756653, 15.3935279846, 15.6872348785, 20.6740322113, 23.2892112732, 6.65750598907, 14.7152481079, 40.4103317261, 85.7695541382]],
