{
"lowlevel": {
    "average_loudness": 0.734786391258,
    "barkbands_crest": {
        "dmean": 2.85563445091,
        "dmean2": 4.68783569336,
        "dvar": 6.65323209763,
        "dvar2": 16.8677406311,
        "max": 24.8563022614,
        "mean": 9.95651340485,
        "median": 9.14398288727,
        "min": 2.69118309021,
        "var": 15.1827697754
    },
    "barkbands_flatness_db": {
        "dmean": 0.0214277282357,
        "dmean2": 0.0332508534193,
        "dvar": 0.000442081567599,
        "dvar2": 0.000998547533527,
        "max": 0.366932928562,
        "mean": 0.160722196102,
        "median": 0.15410733223,
        "min": 0.0262153875083,
        "var": 0.0026794297155
    },
    "barkbands_kurtosis": {
        "dmean": 2.81428980827,
        "dmean2": 4.42529344559,
        "dvar": 24.1004810333,
        "dvar2": 56.1078796387,
        "max": 94.562461853,
        "mean": 4.2289276123,
        "median": 1.87463474274,
        "min": -1.96280384064,
        "var": 54.9990768433
    },
    "barkbands_skewness": {
        "dmean": 0.524950027466,
        "dmean2": 0.795354008675,
        "dvar": 0.32726085186,
        "dvar2": 0.70444560051,
        "max": 8.60934925079,
        "mean": 1.4318562746,
        "median": 1.22893381119,
        "min": -3.53404164314,
        "var": 1.39558458328
    },
    "barkbands_spread": {
        "dmean": 5.10636901855,
        "dmean2": 7.71577262878,
        "dvar": 62.0219612122,
        "dvar2": 118.129943848,
        "max": 120.216300964,
        "mean": 18.5280818939,
        "median": 14.5333843231,
        "min": 1.24583351612,
        "var": 237.072372437
    },
    "dissonance": {
        "dmean": 0.0220754779875,
        "dmean2": 0.0372019894421,
        "dvar": 0.000428264669608,
        "dvar2": 0.00116158754099,
        "max": 0.500000059605,
        "mean": 0.45507273078,
        "median": 0.463544666767,
        "min": 0.243618175387,
        "var": 0.00119585718494
    },
    "dynamic_complexity": 4.62961387634,
    "erbbands_crest": {
        "dmean": 2.75705647469,
        "dmean2": 4.4801363945,
        "dvar": 6.36648273468,
        "dvar2": 15.9849119186,
        "max": 30.369682312,
        "mean": 9.73369216919,
        "median": 8.83261108398,
        "min": 2.01547956467,
        "var": 19.8089618683
    },
    "erbbands_flatness_db": {
        "dmean": 0.0162116475403,
        "dmean2": 0.0236329231411,
        "dvar": 0.00024294522882,
        "dvar2": 0.000467287405627,
        "max": 0.374882161617,
        "mean": 0.181161642075,
        "median": 0.178005561233,
        "min": 0.0568625852466,
        "var": 0.00285230553709
    },
    "erbbands_kurtosis": {
        "dmean": 0.983337402344,
        "dmean2": 1.56260359287,
        "dvar": 1.66707539558,
        "dvar2": 4.05362081528,
        "max": 20.8521537781,
        "mean": 0.958784461021,
        "median": 0.330662727356,
        "min": -1.83713626862,
        "var": 4.71773815155
    },
    "erbbands_skewness": {
        "dmean": 0.358025968075,
        "dmean2": 0.551319777966,
        "dvar": 0.115919582546,
        "dvar2": 0.248429596424,
        "max": 3.76410961151,
        "mean": 0.537792921066,
        "median": 0.542321026325,
        "min": -3.95486712456,
        "var": 0.574012517929
    },
    "erbbands_spread": {
        "dmean": 6.86030721664,
        "dmean2": 10.2591753006,
        "dvar": 84.4311904907,
        "dvar2": 181.505096436,
        "max": 157.778030396,
        "mean": 31.8143081665,
        "median": 27.2931232452,
        "min": 4.12049865723,
        "var": 382.999755859
    },
    "hfc": {
        "dmean": 6.57844257355,
        "dmean2": 9.51498889923,
        "dvar": 153.053237915,
        "dvar2": 307.344604492,
        "max": 294.679901123,
        "mean": 19.7413959503,
        "median": 11.2342987061,
        "min": 1.16880686728e-16,
        "var": 590.427734375
    },
    "melbands_crest": {
        "dmean": 3.43455433846,
        "dmean2": 5.53721809387,
        "dvar": 9.06735134125,
        "dvar2": 22.5609378815,
        "max": 33.7489585876,
        "mean": 13.6064195633,
        "median": 12.6984653473,
        "min": 1.41418552399,
        "var": 26.4961605072
    },
    "melbands_flatness_db": {
        "dmean": 0.0265964753926,
        "dmean2": 0.0398429185152,
        "dvar": 0.000740577583201,
        "dvar2": 0.00152970582712,
        "max": 0.491658300161,
        "mean": 0.214787587523,
        "median": 0.206670224667,
        "min": 0.000832752033602,
        "var": 0.00537744257599
    },
    "melbands_kurtosis": {
        "dmean": 5.92386388779,
        "dmean2": 9.24681854248,
        "dvar": 116.819213867,
        "dvar2": 260.783691406,
        "max": 326.020812988,
        "mean": 10.5891046524,
        "median": 5.13560199738,
        "min": -1.9066041708,
        "var": 274.396148682
    },
    "melbands_skewness": {
        "dmean": 0.674791514874,
        "dmean2": 1.03063619137,
        "dvar": 0.56295800209,
        "dvar2": 1.22648656368,
        "max": 15.8291378021,
        "mean": 2.20001196861,
        "median": 1.84758019447,
        "min": -1.18620371819,
        "var": 2.51231122017
    },
    "melbands_spread": {
        "dmean": 6.47252225876,
        "dmean2": 9.72983837128,
        "dvar": 144.144607544,
        "dvar2": 245.442016602,
        "max": 257.632141113,
        "mean": 21.4840393066,
        "median": 16.5529575348,
        "min": 0.913000941277,
        "var": 533.504150391
    },
    "pitch_salience": {
        "dmean": 0.0744090974331,
        "dmean2": 0.120811603963,
        "dvar": 0.00443189544603,
        "dvar2": 0.0112112239003,
        "max": 0.992421269417,
        "mean": 0.564319372177,
        "median": 0.570808649063,
        "min": 0.124234877527,
        "var": 0.0123989498243
    },
    "silence_rate_20dB": {
        "dmean": 0,
        "dmean2": 0,
        "dvar": 0,
        "dvar2": 0,
        "max": 1,
        "mean": 1,
        "median": 1,
        "min": 1,
        "var": 0
    },
    "silence_rate_30dB": {
        "dmean": 0.0353011339903,
        "dmean2": 0.0706106871367,
        "dvar": 0.0340576283634,
        "dvar2": 0.0859032422304,
        "max": 1,
        "mean": 0.974719762802,
        "median": 1,
        "min": 0,
        "var": 0.0246423073113
    },
    "silence_rate_60dB": {
        "dmean": 0.03983303532,
        "dmean2": 0.0796755701303,
        "dvar": 0.038246486336,
        "dvar2": 0.087162271142,
        "max": 1,
        "mean": 0.151442885399,
        "median": 0,
        "min": 0,
        "var": 0.128519102931
    },
    "spectral_centroid": {
        "dmean": 212.4972229,
        "dmean2": 318.273834229,
        "dvar": 87921.2421875,
        "dvar2": 160786.734375,
        "max": 10915.3603516,
        "mean": 1104.87487793,
        "median": 1000.57006836,
        "min": 186.277114868,
        "var": 400381.90625
    },
    "spectral_complexity": {
        "dmean": 3.01872396469,
        "dmean2": 4.55462789536,
        "dvar": 11.0130672455,
        "dvar2": 21.8155574799,
        "max": 53,
        "mean": 16.6333179474,
        "median": 15,
        "min": 0,
        "var": 98.9191894531
    },
    "spectral_decrease": {
        "dmean": 3.04282754549e-09,
        "dmean2": 4.82117545886e-09,
        "dvar": 3.93599600802e-17,
        "dvar2": 9.90377987279e-17,
        "max": 1.21038293288e-28,
        "mean": -6.49127818164e-09,
        "median": -4.3750123524e-09,
        "min": -9.01655354824e-08,
        "var": 5.76483410886e-17
    },
    "spectral_energy": {
        "dmean": 0.0118923634291,
        "dmean2": 0.0187954045832,
        "dvar": 0.000586979440413,
        "dvar2": 0.00147804513108,
        "max": 0.353814303875,
        "mean": 0.0262901689857,
        "median": 0.0180592797697,
        "min": 1.04945373667e-20,
        "var": 0.000893783872016
    },
    "spectral_energyband_high": {
        "dmean": 0.000381208927138,
        "dmean2": 0.000495855871122,
        "dvar": 1.11590691176e-06,
        "dvar2": 1.77419644842e-06,
        "max": 0.0284998118877,
        "mean": 0.000839200685732,
        "median": 0.000128663901705,
        "min": 7.8079193606e-21,
        "var": 3.99918144467e-06
    },
    "spectral_energyband_low": {
        "dmean": 0.0069571682252,
        "dmean2": 0.0109691927209,
        "dvar": 0.000311805400997,
        "dvar2": 0.000752276042476,
        "max": 0.208489760756,
        "mean": 0.00942095369101,
        "median": 0.00256110285409,
        "min": 5.67459455997e-23,
        "var": 0.000359242781997
    },
    "spectral_energyband_middle_high": {
        "dmean": 0.00164997647516,
        "dmean2": 0.00259701372124,
        "dvar": 8.08719778433e-06,
        "dvar2": 2.06948807318e-05,
        "max": 0.0432621315122,
        "mean": 0.00486360350624,
        "median": 0.00237060151994,
        "min": 1.20810647329e-21,
        "var": 3.60753801942e-05
    },
    "spectral_energyband_middle_low": {
        "dmean": 0.00629217317328,
        "dmean2": 0.0103485574946,
        "dvar": 0.000181522322237,
        "dvar2": 0.000491404964123,
        "max": 0.321410059929,
        "mean": 0.0121319619939,
        "median": 0.00719876820222,
        "min": 1.94416575005e-22,
        "var": 0.000228747696383
    },
    "spectral_entropy": {
        "dmean": 0.153779119253,
        "dmean2": 0.225184321404,
        "dvar": 0.027663718909,
        "dvar2": 0.0496711842716,
        "max": 9.79811668396,
        "mean": 7.41249465942,
        "median": 7.4448723793,
        "min": 5.65181207657,
        "var": 0.283224344254
    },
    "spectral_flux": {
        "dmean": 0.0262663532048,
        "dmean2": 0.0407262034714,
        "dvar": 0.00155954004731,
        "dvar2": 0.00325094745494,
        "max": 0.525848329067,
        "mean": 0.0837229639292,
        "median": 0.0728020220995,
        "min": 6.72209857222e-11,
        "var": 0.00402692286298
    },
    "spectral_kurtosis": {
        "dmean": 2.50822782516,
        "dmean2": 4.19599723816,
        "dvar": 14.3811264038,
        "dvar2": 42.5370483398,
        "max": 66.2887115479,
        "mean": 7.50513935089,
        "median": 5.48218011856,
        "min": -1.57502043247,
        "var": 62.5699386597
    },
    "spectral_rms": {
        "dmean": 0.000919482496101,
        "dmean2": 0.0013906826498,
        "dvar": 1.7799076204e-06,
        "dvar2": 4.08743653679e-06,
        "max": 0.0185791477561,
        "mean": 0.00439575314522,
        "median": 0.00419747643173,
        "min": 3.19977703188e-12,
        "var": 6.32629053143e-06
    },
    "spectral_rolloff": {
        "dmean": 472.614105225,
        "dmean2": 778.433044434,
        "dvar": 1396647.875,
        "dvar2": 2734346.5,
        "max": 19336.8164062,
        "mean": 1454.58959961,
        "median": 968.994140625,
        "min": 64.599609375,
        "var": 3660506.75
    },
    "spectral_skewness": {
        "dmean": 0.271470546722,
        "dmean2": 0.427651256323,
        "dvar": 0.0875925049186,
        "dvar2": 0.225532218814,
        "max": 6.14766454697,
        "mean": 1.96399104595,
        "median": 1.86622703075,
        "min": -0.356441497803,
        "var": 0.646736502647
    },
    "spectral_spread": {
        "dmean": 543575.5625,
        "dmean2": 750630.5,
        "dvar": 860885286912,
        "dvar2": 1.40550275072e+12,
        "max": 40746312,
        "mean": 4285689,
        "median": 3794017.25,
        "min": 969586.9375,
        "var": 5.32185192858e+12
    },
    "spectral_strongpeak": {
        "dmean": 0.543081641197,
        "dmean2": 0.916596710682,
        "dvar": 0.74946731329,
        "dvar2": 1.9066478014,
        "max": 11.7421617508,
        "mean": 1.00046241283,
        "median": 0.465333580971,
        "min": 0,
        "var": 1.66239929199
    },
    "zerocrossingrate": {
        "dmean": 0.0109006967396,
        "dmean2": 0.012058403343,
        "dvar": 0.000355066178599,
        "dvar2": 0.000303520733723,
        "max": 0.626953125,
        "mean": 0.0576598681509,
        "median": 0.04541015625,
        "min": 0.00390625,
        "var": 0.00258744996972
    },
    "barkbands": {
        "dmean": [0.000204336305615, 0.00516793224961, 0.00205452530645, 0.00152549380437, 0.00252670841292, 0.000813736754935, 0.00119328207802, 0.00125013280194, 0.00126759707928, 0.000740182469599, 0.000425244128564, 0.00033675431041, 0.000336084893206, 0.000320876948535, 0.000310744071612, 0.000210354613955, 0.000170894927578, 7.38598100725e-05, 7.85266020102e-05, 5.70233678445e-05, 5.51045704924e-05, 5.57902276341e-05, 5.88404436712e-05, 0.000108728134364, 0.000127207575133, 2.6428971978e-05, 3.29462466198e-08],
        "dmean2": [0.000319682178088, 0.0083024231717, 0.00351010775194, 0.00261709070764, 0.00431979075074, 0.00134926463943, 0.00191236543469, 0.00200173584744, 0.00197975942865, 0.0012066042982, 0.000707496365067, 0.00054982904112, 0.000533103186172, 0.000512287311722, 0.000499637855683, 0.000336886150762, 0.000285191723378, 0.000122132958495, 0.000124397993204, 8.79269064171e-05, 8.51520671858e-05, 8.14593222458e-05, 8.40598222567e-05, 0.000144277699292, 0.000171279432834, 3.8764992496e-05, 6.22827442953e-08],
        "dvar": [2.25511243457e-07, 0.000202119394089, 2.85641181108e-05, 1.41964519571e-05, 6.10657007201e-05, 4.73799718748e-06, 7.64695050748e-06, 9.34113541007e-06, 1.07605847006e-05, 2.89564218292e-06, 1.32850504997e-06, 8.05922070413e-07, 6.20352750502e-07, 6.08293476034e-07, 7.52614369048e-07, 3.02946716602e-07, 1.30176999846e-07, 2.3099602231e-08, 2.06298444994e-08, 1.37454332361e-08, 1.73553118543e-08, 2.12374615671e-08, 2.61960728665e-08, 1.53578156414e-07, 2.33186483456e-07, 8.27580937113e-09, 4.35802327385e-13],
        "dvar2": [5.04595504935e-07, 0.000485456228489, 8.23529771878e-05, 3.9470000047e-05, 0.000167383885127, 1.26160648506e-05, 1.95112679648e-05, 2.42520691245e-05, 2.70830369118e-05, 7.47668354961e-06, 3.73727311853e-06, 2.05650371754e-06, 1.4228226064e-06, 1.41809744036e-06, 1.8959855197e-06, 6.95190180977e-07, 3.51626482598e-07, 6.03529315413e-08, 5.0692602116e-08, 3.28272271588e-08, 4.15287964017e-08, 4.29861870543e-08, 5.17381266718e-08, 2.66377838898e-07, 3.99605653456e-07, 1.69682046192e-08, 1.26749045287e-12],
        "max": [0.00706147868186, 0.174219220877, 0.0776703953743, 0.0715620517731, 0.17835688591, 0.0581887252629, 0.0463450811803, 0.053418468684, 0.0595315173268, 0.0417327396572, 0.0337117873132, 0.0275859721005, 0.0275671798736, 0.0236875526607, 0.0197401065379, 0.0201744046062, 0.00825645215809, 0.00261995568871, 0.00261307344772, 0.00207252823748, 0.00222570751794, 0.00319887883961, 0.00528398156166, 0.0105790775269, 0.0154035538435, 0.0026561585255, 2.63188994722e-05],
        "mean": [0.000259554450167, 0.00593484053388, 0.00245073926635, 0.0016534156166, 0.0028653582558, 0.00108461885247, 0.00188856595196, 0.00194231187925, 0.00228133285418, 0.00118699169252, 0.000659736921079, 0.000563889858313, 0.000531485769898, 0.000547905277926, 0.000550354714505, 0.000399872544222, 0.000292219949188, 0.000134102985612, 0.000163266842719, 0.000116015544336, 0.000111123008537, 0.000116077739222, 0.000113810398034, 0.000194578213268, 0.00021211335843, 3.58938596037e-05, 1.89708071474e-08],
        "median": [2.6205125323e-05, 0.000703345634975, 0.000655841082335, 0.000548960117158, 0.000928802823182, 0.000418896699557, 0.000444536359282, 0.000470355269499, 0.000480508722831, 0.000318854203215, 0.000187266414287, 0.000139069306897, 0.000146013204358, 0.00013132073218, 0.000131237175083, 0.000143227618537, 0.000100519973785, 4.36148038716e-05, 5.88941147726e-05, 3.06256006297e-05, 2.15547952394e-05, 1.64789598784e-05, 1.70455514308e-05, 1.57058093464e-05, 1.49885800056e-05, 2.9052030186e-06, 4.24098145491e-10],
        "min": [1.45143401476e-23, 1.49484503037e-23, 1.35145062819e-23, 1.44340183302e-23, 2.5921723221e-23, 1.41136082741e-23, 1.71487395628e-23, 3.96474801424e-23, 3.31360455258e-23, 1.18509122287e-23, 4.66581627377e-23, 4.77624859635e-23, 3.04361564559e-23, 3.40619000158e-23, 1.35933595558e-22, 1.07653386489e-22, 1.00691474431e-22, 2.01549859207e-22, 2.31690694539e-22, 3.41182013342e-22, 3.29103883929e-22, 4.71676015372e-22, 6.16421161998e-22, 7.31528261678e-22, 1.26013544719e-21, 1.4784994159e-21, 2.28227935953e-21],
        "var": [3.49082029061e-07, 0.000214937041164, 2.39512719418e-05, 1.15198727144e-05, 4.85850359837e-05, 5.32942794962e-06, 1.5474475731e-05, 1.91788294615e-05, 2.75604725175e-05, 5.44319937035e-06, 2.29586953537e-06, 2.02983619602e-06, 1.26578095205e-06, 1.47923094573e-06, 1.8884658175e-06, 1.0317834267e-06, 2.57217863009e-07, 4.30674731433e-08, 5.61779955888e-08, 3.8674933478e-08, 4.09104679022e-08, 5.89889381786e-08, 7.67853478578e-08, 4.62300278059e-07, 6.06915023127e-07, 1.52214365556e-08, 2.3851596696e-13]
    },
    "erbbands": {
        "dmean": [0.14966109395, 1.21717977524, 2.47673273087, 3.54958534241, 8.42958068848, 7.91174507141, 5.14006137848, 7.47450065613, 14.4004640579, 21.4418087006, 27.6099643707, 28.4739398956, 22.4464511871, 20.2571926117, 16.0115013123, 14.3940200806, 15.873292923, 14.4845085144, 16.1973609924, 13.5368337631, 9.28552055359, 7.9546751976, 4.64040660858, 3.58168387413, 3.91900992393, 2.77997493744, 2.26361632347, 2.18179321289, 2.03264832497, 1.85184979439, 1.68373692036, 2.14023303986, 1.92114663124, 1.6296505928, 0.823186099529, 0.216191142797, 0.0281074400991, 0.00113522144966, 4.37594935647e-05, 1.61500083777e-05],
        "dmean2": [0.229521751404, 2.0422167778, 4.23044633865, 6.07173156738, 14.5142631531, 13.6589736938, 8.77286815643, 12.3960847855, 23.0833339691, 34.6253700256, 43.9529304504, 44.3184280396, 36.0985946655, 33.3015670776, 26.4945278168, 23.2351379395, 24.9935398102, 23.3028354645, 26.0588493347, 21.58385849, 14.9865894318, 13.17537117, 7.67636632919, 5.72497463226, 6.15219449997, 4.30647611618, 3.53487443924, 3.34420251846, 3.00342392921, 2.68844199181, 2.39925479889, 2.96903610229, 2.54660630226, 2.24089980125, 1.11997807026, 0.30460241437, 0.043158415705, 0.00176886701956, 6.47378037684e-05, 2.4438411856e-05],
        "dvar": [0.157869920135, 12.2005910873, 44.0583877563, 78.1326599121, 675.640014648, 544.054931641, 196.607269287, 459.030487061, 1303.69372559, 2749.20019531, 5389.32421875, 5923.52001953, 4377.42675781, 2020.61877441, 1714.66967773, 1695.38122559, 1389.98620605, 1250.86291504, 1756.97619629, 1366.31445312, 374.109466553, 317.567443848, 88.2328643799, 45.1642837524, 59.0601768494, 33.8116836548, 25.3987064362, 33.5498924255, 28.2573013306, 25.2832107544, 23.6676616669, 53.3145523071, 56.4306221008, 48.3915519714, 8.70031356812, 0.495519340038, 0.014609741047, 0.000109610438813, 6.49534612762e-08, 1.0019104435e-09],
        "dvar2": [0.337486803532, 31.515296936, 125.96761322, 219.54119873, 1831.53930664, 1533.3416748, 551.42980957, 1210.58740234, 3234.27001953, 7079.80126953, 14027.5136719, 14814.9775391, 11377.0722656, 5623.81982422, 4726.77392578, 4256.85302734, 3155.13427734, 2959.46704102, 4441.41064453, 3426.86450195, 904.882385254, 851.586181641, 234.472839355, 110.77481842, 148.780853271, 83.004234314, 60.0648498535, 81.6060028076, 57.9820022583, 52.5900001526, 47.4077377319, 97.6418228149, 101.907440186, 90.1376266479, 15.0417079926, 0.93271112442, 0.032327465713, 0.000249141361564, 1.58472715839e-07, 2.33848274078e-09],
        "max": [4.59209442139, 44.3659362793, 92.9752044678, 142.899597168, 546.69732666, 551.980224609, 366.251312256, 540.206115723, 681.242492676, 1237.88061523, 1513.43774414, 1695.53125, 1874.84716797, 796.201965332, 1044.29321289, 1386.32202148, 1449.81066895, 1285.79980469, 1043.07116699, 1289.4967041, 493.100494385, 416.553619385, 169.564971924, 108.334693909, 174.695037842, 93.60962677, 109.271194458, 110.945541382, 122.827445984, 102.066741943, 198.411697388, 182.274734497, 213.733276367, 193.029342651, 108.36026001, 18.9945259094, 5.16779088974, 0.812286436558, 0.0139582436532, 0.000547339383047],
        "mean": [0.175331890583, 1.29852449894, 2.95077705383, 4.30268335342, 8.55521011353, 9.32351112366, 6.95265293121, 9.97631454468, 22.7686061859, 34.6652450562, 46.4556350708, 54.2180404663, 38.8795013428, 32.8986167908, 27.1848526001, 25.7299499512, 26.9780311584, 25.2957878113, 30.3034343719, 29.0673732758, 18.7219238281, 14.6064043045, 8.93504524231, 7.39089536667, 8.11137771606, 5.71949863434, 4.70468902588, 4.2800784111, 4.1872587204, 3.62178969383, 3.26498389244, 3.825558424, 3.30989575386, 2.63137793541, 1.33846533298, 0.327702075243, 0.0339848361909, 0.00123565469403, 6.63859391352e-05, 3.75653144147e-05],
        "median": [0.0158622078598, 0.175079867244, 0.740475177765, 1.83791017532, 2.49997138977, 3.11465072632, 3.37171506882, 3.6092839241, 5.59782600403, 10.1818752289, 10.5843343735, 12.2956504822, 10.171207428, 10.2852859497, 9.04909515381, 6.44031333923, 7.78843164444, 7.66456127167, 7.33389806747, 7.83310413361, 7.96001625061, 5.53199100494, 2.92521500587, 2.75628852844, 2.84751701355, 1.53917908669, 0.990207195282, 0.799334645271, 0.621065199375, 0.465013056993, 0.503945708275, 0.379581660032, 0.231223642826, 0.168832316995, 0.0921730846167, 0.0286586731672, 0.00232035107911, 6.63300015731e-05, 1.60515446623e-05, 2.40545523411e-05],
        "min": [2.15183205807e-22, 3.20117503614e-21, 1.32786544407e-20, 3.00483051033e-20, 4.43441251256e-20, 9.28874778672e-20, 1.70531697256e-19, 1.10841969438e-19, 1.62023020207e-19, 4.12139405633e-19, 1.01171302669e-18, 6.51227250445e-19, 3.05084734329e-19, 1.2685092833e-18, 1.5910324842e-18, 2.6027748758e-18, 1.50523265818e-18, 1.83208180689e-18, 5.11147201899e-18, 6.06335093607e-18, 4.90279420278e-18, 6.3850241055e-18, 8.56034822988e-18, 1.04762813355e-17, 1.26708039083e-17, 1.82706082058e-17, 1.57832562515e-17, 1.21823496207e-17, 1.7646310182e-17, 1.82640536266e-17, 1.77937137672e-17, 1.65036495013e-17, 1.29854716851e-17, 1.29058117106e-17, 8.85829041472e-18, 6.37103027749e-18, 2.27062773866e-18, 1.33386596087e-18, 3.13666267895e-19, 2.99049282075e-20],
        "var": [0.197748184204, 10.983174324, 36.2565040588, 63.1420059204, 515.24432373, 451.31628418, 175.675994873, 525.052856445, 2565.7121582, 5358.62548828, 11142.5029297, 16746.3769531, 9610.16503906, 3320.60742188, 3183.10009766, 4473.42919922, 2996.0324707, 2558.35180664, 4342.95654297, 6578.3359375, 1094.33898926, 617.254638672, 183.124954224, 113.714820862, 150.703552246, 91.4960250854, 70.6498947144, 67.4693145752, 77.2320861816, 65.5098953247, 69.5212097168, 152.326293945, 155.555221558, 113.918182373, 21.7113170624, 1.06719088554, 0.0221960339695, 0.000148273466039, 7.89911069887e-08, 2.01391170407e-09]
    },
    "gfcc": {
        "mean": [-36.7573814392, 111.316795349, -126.818031311, 21.3400592804, -64.5394439697, 21.2011413574, -44.3015823364, 15.2214250565, -22.1445884705, -0.522929430008, -17.1860389709, -9.54958248138, -6.13123750687],
        "cov": [[9720.85449219, -2093.27392578, 529.681396484, 1039.69958496, -354.316253662, 829.313354492, -46.1320571899, 449.589477539, -126.354621887, 614.458068848, -109.946342468, 314.43270874, -252.776748657], [-2093.27392578, 2012.71411133, 66.2795410156, -183.894302368, 453.980438232, -386.363647461, 144.442703247, -205.484451294, 169.815734863, -224.378433228, 195.337509155, -204.228210449, 119.042655945], [529.681396484, 66.2795410156, 1087.48571777, 386.28137207, 134.821563721, 212.943054199, -106.38256073, 32.801990509, -27.6084194183, 74.726524353, 15.9676322937, 33.4145507812, -11.9466362], [1039.69958496, -183.894302368, 386.28137207, 526.100463867, 108.407646179, 183.365524292, -4.18797063828, 56.2921714783, 12.4650039673, 94.1633224487, 14.9651584625, 44.5595397949, 0.993101775646], [-354.316253662, 453.980438232, 134.821563721, 108.407646179, 353.218261719, 10.0412683487, 42.3947715759, 6.69233036041, 57.0679893494, 9.45823669434, 47.8885269165, -18.3699684143, 24.9004173279], [829.313354492, -386.363647461, 212.943054199, 183.365524292, 10.0412683487, 335.566711426, 84.2254714966, 109.579833984, 7.65635204315, 84.3428344727, -17.654214859, 67.5584106445, -13.9362506866], [-46.1320571899, 144.442703247, -106.38256073, -4.18797063828, 42.3947715759, 84.2254714966, 266.892669678, 69.6537094116, 54.4769859314, -13.4674501419, 25.5168075562, 18.1883926392, 13.3828058243], [449.589477539, -205.484451294, 32.801990509, 56.2921714783, 6.69233036041, 109.579833984, 69.6537094116, 155.050445557, 24.4513111115, 53.7709541321, -1.38659536839, 35.5111694336, -24.0227909088], [-126.354621887, 169.815734863, -27.6084194183, 12.4650039673, 57.0679893494, 7.65635204315, 54.4769859314, 24.4513111115, 127.497795105, 18.2236537933, 40.0968894958, -21.3404197693, 19.3315658569], [614.458068848, -224.378433228, 74.726524353, 94.1633224487, 9.45823669434, 84.3428344727, -13.4674501419, 53.7709541321, 18.2236537933, 141.303329468, 6.2849111557, 42.3505630493, -22.4196090698], [-109.946342468, 195.337509155, 15.9676322937, 14.9651584625, 47.8885269165, -17.654214859, 25.5168075562, -1.38659536839, 40.0968894958, 6.2849111557, 116.790046692, -2.0880177021, 14.8102483749], [314.43270874, -204.228210449, 33.4145507812, 44.5595397949, -18.3699684143, 67.5584106445, 18.1883926392, 35.5111694336, -21.3404197693, 42.3505630493, -2.0880177021, 109.920288086, 2.89888429642], [-252.776748657, 119.042655945, -11.9466362, 0.993101775646, 24.9004173279, -13.9362506866, 13.3828058243, -24.0227909088, 19.3315658569, -22.4196090698, 14.8102483749, 2.89888429642, 78.0102310181]],
        "icov": [[0.000233325350564, -0.000205034957617, 0.000179738664883, -0.000451517640613, 0.000461271643871, -0.000405277853133, 0.000243041620706, -0.000365607585991, 0.00032106883009, -0.000681277539115, 0.00015627470566, -0.000199484042241, 0.000430667540058], [-0.000205034957617, 0.00323826214299, -0.00140562932938, 0.00132893049158, -0.00324343587272, 0.00314774899743, -0.00281457579695, 0.00258168717846, -0.00197879923508, 0.00241885706782, -0.00236586737446, 0.00232288963161, -0.00141425454058], [0.000179738664883, -0.00140562932938, 0.00213887239806, -0.00148662622087, 0.00108080066275, -0.00232409010641, 0.00213862699457, -0.00116814649664, 0.00126911501866, -0.000956146861427, 0.000625723972917, -0.000938194512855, 0.000913854688406], [-0.000451517640613, 0.00132893049158, -0.00148662622087, 0.00428558839485, -0.00235048448667, 0.000662958947942, -0.00113793183118, 0.00140624213964, -0.00109628040809, 0.000784253817983, -0.00111059995834, 0.000915195734706, -0.00160235771909], [0.000461271643871, -0.00324343587272, 0.00108080066275, -0.00235048448667, 0.00711853941903, -0.00287251803093, 0.00221134815365, -0.00278498674743, 0.00127150001936, -0.00318762660027, 0.00170378480107, -0.00175481871702, 0.00112775410526], [-0.000405277853133, 0.00314774899743, -0.00232409010641, 0.000662958947942, -0.00287251803093, 0.00915161054581, -0.00473535479978, 0.000710417458322, -0.00194328138605, 0.00121903489344, -0.000943969353102, 0.00108070799615, -0.00192712619901], [0.000243041620706, -0.00281457579695, 0.00213862699457, -0.00113793183118, 0.00221134815365, -0.00473535479978, 0.00844164658338, -0.00424432195723, 5.3169511375e-05, 0.000193613610463, 0.00105585798156, -0.00293151545338, 0.00106848636642], [-0.000365607585991, 0.00258168717846, -0.00116814649664, 0.00140624213964, -0.00278498674743, 0.000710417458322, -0.00424432195723, 0.0126886572689, -0.00341713801026, 0.000537005835213, -0.0014049327001, 0.000389805005398, 0.00158365513198], [0.00032106883009, -0.00197879923508, 0.00126911501866, -0.00109628040809, 0.00127150001936, -0.00194328138605, 5.3169511375e-05, -0.00341713801026, 0.0131392832845, -0.00477475114167, -0.00124281528406, 0.0023860570509, -0.00202709971927], [-0.000681277539115, 0.00241885706782, -0.000956146861427, 0.000784253817983, -0.00318762660027, 0.00121903489344, 0.000193613610463, 0.000537005835213, -0.00477475114167, 0.0145986666903, -0.00253487075679, -0.00170412322041, 0.00123565050308], [0.00015627470566, -0.00236586737446, 0.000625723972917, -0.00111059995834, 0.00170378480107, -0.000943969353102, 0.00105585798156, -0.0014049327001, -0.00124281528406, -0.00253487075679, 0.0121189709753, -0.00248023215681, 0.000271228229394], [-0.000199484042241, 0.00232288963161, -0.000938194512855, 0.000915195734706, -0.00175481871702, 0.00108070799615, -0.00293151545338, 0.000389805005398, 0.0023860570509, -0.00170412322041, -0.00248023215681, 0.0144811607897, -0.00411856919527], [0.000430667540058, -0.00141425454058, 0.000913854688406, -0.00160235771909, 0.00112775410526, -0.00192712619901, 0.00106848636642, 0.00158365513198, -0.00202709971927, 0.00123565050308, 0.000271228229394, -0.00411856919527, 0.0170919410884]]
    },
    "melbands": {
        "dmean": [0.00138690683525, 0.00137595366687, 0.000735613401048, 0.000634300871752, 0.000199657602934, 0.000166383048054, 0.00022536070901, 0.000235079933191, 0.000241005647695, 0.000171920619323, 0.000112380061182, 8.6491330876e-05, 5.98624355916e-05, 3.71632049792e-05, 4.08444138884e-05, 2.89966883429e-05, 2.96928101307e-05, 2.7761236197e-05, 2.09965855902e-05, 1.6992476958e-05, 1.14456597657e-05, 9.00797749637e-06, 7.77067361923e-06, 3.29042359226e-06, 3.10441441798e-06, 3.340378953e-06, 2.39959263126e-06, 1.86968986782e-06, 1.51593633291e-06, 1.43607678638e-06, 1.36423079766e-06, 1.19714604807e-06, 1.19698040635e-06, 1.08527729026e-06, 9.86469103736e-07, 1.1541146705e-06, 1.48026811075e-06, 1.42259045788e-06, 1.37033737246e-06, 1.46071033669e-06],
        "dmean2": [0.00216510472819, 0.00230995682068, 0.00125695823226, 0.00109013076872, 0.000340023922035, 0.000274142221315, 0.00036124419421, 0.00037945411168, 0.000382823665859, 0.000267000839813, 0.000181072231499, 0.000142105272971, 9.9360862805e-05, 5.99418672209e-05, 6.61527956254e-05, 4.60786286567e-05, 4.78681795357e-05, 4.4457585318e-05, 3.35783042829e-05, 2.70166983682e-05, 1.85435601452e-05, 1.49915795191e-05, 1.31083425003e-05, 5.41395547771e-06, 5.02124657942e-06, 5.33958200322e-06, 3.76547541237e-06, 2.94605797535e-06, 2.40742383539e-06, 2.23789970732e-06, 2.13761813939e-06, 1.79639096132e-06, 1.80782910775e-06, 1.6033512793e-06, 1.46548950397e-06, 1.67715506905e-06, 2.09641143556e-06, 1.93967434825e-06, 1.91152912521e-06, 2.07371454053e-06],
        "dvar": [1.40881184052e-05, 1.39005560413e-05, 3.32535842062e-06, 4.01157149099e-06, 2.85115106635e-07, 2.07540651331e-07, 2.99918497149e-07, 3.32766603606e-07, 4.23618359946e-07, 2.02119849746e-07, 1.06987705806e-07, 3.75588058432e-08, 2.78650595931e-08, 9.44772260425e-09, 8.95342822105e-09, 4.83582462962e-09, 5.59267165912e-09, 4.92043561451e-09, 4.51232162746e-09, 2.13962159101e-09, 5.98531169071e-10, 4.33949126633e-10, 3.16849019244e-10, 4.56365119306e-11, 3.46115809624e-11, 4.27200982922e-11, 2.25329165049e-11, 1.59475557759e-11, 1.14881906071e-11, 1.18365950721e-11, 1.40250155239e-11, 9.45304251543e-12, 1.149957473e-11, 8.67962906409e-12, 8.91623146843e-12, 1.45262239737e-11, 2.70008494729e-11, 3.28119996451e-11, 3.34600819274e-11, 4.03748180722e-11],
        "dvar2": [3.22556625179e-05, 3.7956135202e-05, 9.24128562474e-06, 1.10927430796e-05, 8.02412273515e-07, 5.43621013094e-07, 7.51968229906e-07, 8.54978509324e-07, 1.0988746908e-06, 5.01223951233e-07, 2.77029414519e-07, 1.03610162228e-07, 7.85562335182e-08, 2.27351790727e-08, 2.21735909633e-08, 1.10557447641e-08, 1.31468933517e-08, 1.17781029374e-08, 1.1153801438e-08, 4.95246510468e-09, 1.44624179299e-09, 1.15565457204e-09, 8.7151730277e-10, 1.19068518933e-10, 8.6632825913e-11, 1.08546456545e-10, 5.65684964149e-11, 4.00662523992e-11, 2.77786266212e-11, 2.85566657127e-11, 3.50617417044e-11, 2.03958291228e-11, 2.53415257528e-11, 1.88930242978e-11, 1.94506702411e-11, 3.04736617884e-11, 5.14638921756e-11, 6.38747457704e-11, 6.51855236455e-11, 7.75623384963e-11],
        "max": [0.0409045480192, 0.0476254448295, 0.0342619866133, 0.0448258444667, 0.0141557175666, 0.0113214636222, 0.0104175237939, 0.0141516504809, 0.0126546416432, 0.00930799543858, 0.00912831816822, 0.00346751860343, 0.00477406429127, 0.00323614897206, 0.00229325448163, 0.00206368067302, 0.00231220573187, 0.0016938027693, 0.00171651318669, 0.00223396951333, 0.000735372886993, 0.000558982719667, 0.000479131471366, 0.000108018517494, 9.60608304013e-05, 0.000152599575813, 8.31904108054e-05, 6.59908691887e-05, 0.000102264573798, 5.8978836023e-05, 6.92626417731e-05, 6.72194582876e-05, 6.74470938975e-05, 5.71926648263e-05, 0.000145396043081, 0.00014778469631, 0.000136135349749, 0.000163214790518, 0.000155432571773, 0.000189900616533],
        "mean": [0.00160855229478, 0.00164027139544, 0.000876624311786, 0.000696051749401, 0.000273716956144, 0.000224695788347, 0.000360553094652, 0.000378077238565, 0.000409433065215, 0.00031903522904, 0.000186168705113, 0.000133983136038, 9.508326184e-05, 6.20799328317e-05, 7.04289777786e-05, 4.72329520562e-05, 4.80554772366e-05, 4.95381063956e-05, 3.89817250834e-05, 3.40466031048e-05, 2.01129678317e-05, 1.52392822201e-05, 1.27303010231e-05, 5.78946219321e-06, 5.80261439609e-06, 6.47275282972e-06, 4.6534332796e-06, 3.53858035851e-06, 2.92050617645e-06, 2.67577343038e-06, 2.42838268605e-06, 2.35179777519e-06, 2.23911297326e-06, 1.93896039491e-06, 1.8052478481e-06, 2.0282125206e-06, 2.47010530074e-06, 2.33414766626e-06, 2.1918008315e-06, 2.24678615268e-06],
        "median": [0.000172991829459, 0.000365128857084, 0.000375029921997, 0.000212181796087, 0.000132731278427, 7.85304000601e-05, 8.57837876538e-05, 0.000109174805402, 8.07905453257e-05, 7.03530167812e-05, 4.66034325655e-05, 3.92195870518e-05, 2.86652939394e-05, 1.74308679561e-05, 1.61418374773e-05, 1.40978954732e-05, 1.27554230858e-05, 1.07424584712e-05, 9.72328962234e-06, 1.00369288702e-05, 7.97078064352e-06, 5.39719894732e-06, 3.29971135216e-06, 1.9124067876e-06, 2.04318439501e-06, 2.1867833766e-06, 1.43164174915e-06, 7.92481330336e-07, 5.70606516703e-07, 4.8980155043e-07, 4.1374448756e-07, 3.50995833287e-07, 2.69523383167e-07, 2.38137971564e-07, 2.81771519894e-07, 2.59037278738e-07, 2.04614735821e-07, 1.57415058766e-07, 1.48079550399e-07, 1.31541952442e-07],
        "min": [3.35761171038e-24, 5.52270633465e-24, 7.1732407955e-24, 3.92014250544e-24, 5.91250065172e-24, 2.60592370595e-24, 2.59080183405e-24, 5.43716935783e-24, 8.23966635453e-24, 3.99425283204e-24, 1.27879539497e-24, 4.69403122511e-24, 5.88450240047e-24, 3.96774000588e-24, 3.17347619232e-24, 4.19216856683e-24, 2.8775127384e-24, 7.05300892722e-24, 8.84371292688e-24, 7.81960581111e-24, 5.00921113346e-24, 6.71389024584e-24, 5.98655575806e-24, 9.05570667338e-24, 7.93970909507e-24, 9.48780365649e-24, 7.48866682845e-24, 1.35621455919e-23, 1.20707425195e-23, 5.76554927571e-24, 7.33948928697e-24, 9.35809756873e-24, 9.78521683954e-24, 9.79079408613e-24, 1.05130419988e-23, 9.12894373096e-24, 1.05056030405e-23, 8.41036402151e-24, 9.98092139721e-24, 1.10868349666e-23],
        "var": [1.61921616382e-05, 1.21337398014e-05, 2.66626125267e-06, 3.08867743115e-06, 2.6566692668e-07, 2.53496608593e-07, 6.16455906766e-07, 6.72421947456e-07, 8.87686724127e-07, 5.77771629651e-07, 2.33765021562e-07, 5.96913736217e-08, 4.80010236004e-08, 2.22035954067e-08, 2.23496261498e-08, 9.80041647836e-09, 1.09701074891e-08, 1.29993962261e-08, 1.14961205e-08, 9.80371162029e-09, 1.37148969959e-09, 7.74998953901e-10, 5.83126547049e-10, 8.32741930967e-11, 7.79520545335e-11, 9.95685478511e-11, 5.47057954492e-11, 4.04371050533e-11, 2.96652459542e-11, 2.6311392301e-11, 2.407041233e-11, 2.42801629496e-11, 2.604791903e-11, 2.02774776137e-11, 2.10809251999e-11, 3.78713969906e-11, 6.95823884622e-11, 8.04685693079e-11, 7.67784863465e-11, 8.92616883186e-11]
    },
    "mfcc": {
        "mean": [-674.469970703, 138.356552124, -3.41464471817, 4.63038253784, 4.5675907135, -0.612653017044, -3.20534133911, 2.79762887955, 3.50282502174, 4.2044711113, -1.23163020611, -2.3135933876, -2.13329076767],
        "cov": [[9030.28613281, -2345.99047852, 517.437927246, 264.199157715, -58.8893928528, 390.432769775, 228.188583374, 104.359527588, 91.95677948, 248.108413696, 189.484848022, 241.759628296, 161.022445679], [-2345.99047852, 1944.83081055, -205.1015625, 150.251754761, 153.812667847, -102.259307861, -21.1412124634, -32.3995857239, -61.8978462219, 3.27251029015, -48.4341812134, -44.6476631165, 36.4711952209], [517.437927246, -205.1015625, 920.025817871, 174.291854858, 247.597930908, 149.181335449, 70.2852096558, -1.35010075569, 12.3677663803, -5.62208414078, 2.83683657646, 38.4684944153, 38.8418045044], [264.199157715, 150.251754761, 174.291854858, 382.678253174, 182.898025513, 89.4137496948, 43.6242866516, 0.528690218925, 5.81001138687, 29.5723648071, -4.86964893341, 25.2208461761, 48.3938980103], [-58.8893928528, 153.812667847, 247.597930908, 182.898025513, 361.61895752, 82.0342330933, 25.1098098755, -34.4918441772, -3.54471969604, 37.8909416199, 0.791562318802, 4.51758527756, 30.790763855], [390.432769775, -102.259307861, 149.181335449, 89.4137496948, 82.0342330933, 211.71206665, 77.1558685303, 52.3665924072, 57.8828353882, 21.6442451477, 34.9201965332, 37.5310821533, 15.5548801422], [228.188583374, -21.1412124634, 70.2852096558, 43.6242866516, 25.1098098755, 77.1558685303, 160.781463623, 87.3613586426, 35.8850708008, 29.2799243927, 30.7736148834, 29.9359436035, 24.4389724731], [104.359527588, -32.3995857239, -1.35010075569, 0.528690218925, -34.4918441772, 52.3665924072, 87.3613586426, 165.917022705, 61.6399459839, 18.4564228058, 37.9515266418, 35.0049972534, 12.5312604904], [91.95677948, -61.8978462219, 12.3677663803, 5.81001138687, -3.54471969604, 57.8828353882, 35.8850708008, 61.6399459839, 123.372261047, 31.230764389, 22.8315906525, 19.3694553375, -5.6572842598], [248.108413696, 3.27251029015, -5.62208414078, 29.5723648071, 37.8909416199, 21.6442451477, 29.2799243927, 18.4564228058, 31.230764389, 126.932929993, 42.42628479, 12.8322925568, 27.2313575745], [189.484848022, -48.4341812134, 2.83683657646, -4.86964893341, 0.791562318802, 34.9201965332, 30.7736148834, 37.9515266418, 22.8315906525, 42.42628479, 89.7903518677, 40.3277778625, 15.2858695984], [241.759628296, -44.6476631165, 38.4684944153, 25.2208461761, 4.51758527756, 37.5310821533, 29.9359436035, 35.0049972534, 19.3694553375, 12.8322925568, 40.3277778625, 93.1632843018, 33.6533851624], [161.022445679, 36.4711952209, 38.8418045044, 48.3938980103, 30.790763855, 15.5548801422, 24.4389724731, 12.5312604904, -5.6572842598, 27.2313575745, 15.2858695984, 33.6533851624, 83.9242248535]],
