{
"lowlevel": {
    "average_loudness": 0.933332145214,
    "barkbands_crest": {
        "dmean": 2.6569955349,
        "dmean2": 4.1506023407,
        "dvar": 7.23757743835,
        "dvar2": 16.3448677063,
        "max": 26.5907497406,
        "mean": 9.73096561432,
        "median": 8.64217185974,
        "min": 1.96259891987,
        "var": 22.5767593384
    },
    "barkbands_flatness_db": {
        "dmean": 0.0211744196713,
        "dmean2": 0.0326898545027,
        "dvar": 0.000557973748073,
        "dvar2": 0.00130279536825,
        "max": 0.38514739275,
        "mean": 0.123832136393,
        "median": 0.112790584564,
        "min": 0.024895818904,
        "var": 0.00262494664639
    },
    "barkbands_kurtosis": {
        "dmean": 2.65903520584,
        "dmean2": 4.32289743423,
        "dvar": 53.0423469543,
        "dvar2": 138.811584473,
        "max": 229.471633911,
        "mean": 2.49113225937,
        "median": 0.225257754326,
        "min": -1.93596792221,
        "var": 62.1188201904
    },
    "barkbands_skewness": {
        "dmean": 0.555341720581,
        "dmean2": 0.851335525513,
        "dvar": 0.511872172356,
        "dvar2": 1.17750835419,
        "max": 12.3833112717,
        "mean": 1.25647032261,
        "median": 1.0092010498,
        "min": -3.79374146461,
        "var": 1.50631916523
    },
    "barkbands_spread": {
        "dmean": 6.55496883392,
        "dmean2": 10.0819282532,
        "dvar": 58.2304573059,
        "dvar2": 122.083824158,
        "max": 108.899909973,
        "mean": 31.4577445984,
        "median": 30.8863792419,
        "min": 0.635517537594,
        "var": 279.472564697
    },
    "dissonance": {
        "dmean": 0.0125305820256,
        "dmean2": 0.0213412102312,
        "dvar": 0.00017947962624,
        "dvar2": 0.000483668438392,
        "max": 0.500000059605,
        "mean": 0.478076189756,
        "median": 0.483490347862,
        "min": 0.300219833851,
        "var": 0.000388872256735
    },
    "dynamic_complexity": 2.81536006927,
    "erbbands_crest": {
        "dmean": 2.17719101906,
        "dmean2": 3.58943152428,
        "dvar": 4.54995059967,
        "dvar2": 11.8193998337,
        "max": 25.1469020844,
        "mean": 7.62674188614,
        "median": 6.56602478027,
        "min": 1.96217858791,
        "var": 14.7657499313
    },
    "erbbands_flatness_db": {
        "dmean": 0.0137160113081,
        "dmean2": 0.0205399729311,
        "dvar": 0.000202195034944,
        "dvar2": 0.000408359977882,
        "max": 0.35160523653,
        "mean": 0.143408492208,
        "median": 0.127719223499,
        "min": 0.021088462323,
        "var": 0.00240480783395
    },
    "erbbands_kurtosis": {
        "dmean": 0.695822477341,
        "dmean2": 1.09848570824,
        "dvar": 0.706630110741,
        "dvar2": 1.66849076748,
        "max": 14.1429958344,
        "mean": 0.303036987782,
        "median": -0.108828544617,
        "min": -1.71176564693,
        "var": 2.24353647232
    },
    "erbbands_skewness": {
        "dmean": 0.276830196381,
        "dmean2": 0.438123583794,
        "dvar": 0.066864028573,
        "dvar2": 0.158082664013,
        "max": 3.12706065178,
        "mean": -0.062608897686,
        "median": -0.0986300706863,
        "min": -2.83099889755,
        "var": 0.361656427383
    },
    "erbbands_spread": {
        "dmean": 7.83697891235,
        "dmean2": 12.2001628876,
        "dvar": 67.1722869873,
        "dvar2": 155.169876099,
        "max": 119.743156433,
        "mean": 40.9953765869,
        "median": 40.1659317017,
        "min": 4.77968549728,
        "var": 326.048034668
    },
    "hfc": {
        "dmean": 9.34156513214,
        "dmean2": 14.5775680542,
        "dvar": 233.57434082,
        "dvar2": 580.338378906,
        "max": 208.914703369,
        "mean": 30.8727588654,
        "median": 26.0405597687,
        "min": 1.1934556584e-16,
        "var": 614.742980957
    },
    "melbands_crest": {
        "dmean": 3.80501937866,
        "dmean2": 6.06598472595,
        "dvar": 12.429058075,
        "dvar2": 29.6704273224,
        "max": 39.3723068237,
        "mean": 15.9980516434,
        "median": 15.4193649292,
        "min": 1.00060749054,
        "var": 40.9140777588
    },
    "melbands_flatness_db": {
        "dmean": 0.0270528681576,
        "dmean2": 0.0407188870013,
        "dvar": 0.000868725648616,
        "dvar2": 0.00186864775605,
        "max": 0.480787813663,
        "mean": 0.16178509593,
        "median": 0.151886507869,
        "min": 2.24345413358e-07,
        "var": 0.00489202514291
    },
    "melbands_kurtosis": {
        "dmean": 7.77288341522,
        "dmean2": 12.5264492035,
        "dvar": 322.983795166,
        "dvar2": 832.120483398,
        "max": 378.220428467,
        "mean": 12.2130355835,
        "median": 5.66439294815,
        "min": -1.73380160332,
        "var": 437.032165527
    },
    "melbands_skewness": {
        "dmean": 0.808545172215,
        "dmean2": 1.25025689602,
        "dvar": 1.0407422781,
        "dvar2": 2.40717411041,
        "max": 15.1094636917,
        "mean": 2.65826106071,
        "median": 2.25731492043,
        "min": -1.4126881361,
        "var": 3.25838923454
    },
    "melbands_spread": {
        "dmean": 8.76268672943,
        "dmean2": 13.4479513168,
        "dvar": 103.202537537,
        "dvar2": 206.420013428,
        "max": 174.274917603,
        "mean": 32.367313385,
        "median": 28.6720924377,
        "min": 0.478174358606,
        "var": 467.922180176
    },
    "pitch_salience": {
        "dmean": 0.0759950727224,
        "dmean2": 0.120612621307,
        "dvar": 0.0056814304553,
        "dvar2": 0.0132367275655,
        "max": 0.997737050056,
        "mean": 0.541423976421,
        "median": 0.558120071888,
        "min": 0.0233203228563,
        "var": 0.0185225773603
    },
    "silence_rate_20dB": {
        "dmean": 0,
        "dmean2": 0,
        "dvar": 0,
        "dvar2": 0,
        "max": 1,
        "mean": 1,
        "median": 1,
        "min": 1,
        "var": 0
    },
    "silence_rate_30dB": {
        "dmean": 0.0417611263692,
        "dmean2": 0.0835322216153,
        "dvar": 0.0400141999125,
        "dvar2": 0.104707054794,
        "max": 1,
        "mean": 0.97220236063,
        "median": 1,
        "min": 0,
        "var": 0.0270278658718
    },
    "silence_rate_60dB": {
        "dmean": 0.00811359006912,
        "dmean2": 0.0162291172892,
        "dvar": 0.00804696138948,
        "dvar2": 0.0181164033711,
        "max": 1,
        "mean": 0.0613218806684,
        "median": 0,
        "min": 0,
        "var": 0.0575551018119
    },
    "spectral_centroid": {
        "dmean": 261.80682373,
        "dmean2": 410.834533691,
        "dvar": 79106.1796875,
        "dvar2": 170192.484375,
        "max": 11505.7158203,
        "mean": 1732.41296387,
        "median": 1738.3449707,
        "min": 220.891204834,
        "var": 411806.65625
    },
    "spectral_complexity": {
        "dmean": 4.41975879669,
        "dmean2": 6.97780418396,
        "dvar": 23.2166099548,
        "dvar2": 51.8183441162,
        "max": 61,
        "mean": 25.7029342651,
        "median": 27,
        "min": 0,
        "var": 169.284835815
    },
    "spectral_decrease": {
        "dmean": 4.03465039156e-09,
        "dmean2": 6.59996546304e-09,
        "dvar": 6.59605400978e-17,
        "dvar2": 1.67287802708e-16,
        "max": 1.13520582232e-28,
        "mean": -8.15280198907e-09,
        "median": -6.01868466177e-09,
        "min": -7.18282038292e-08,
        "var": 6.98516771086e-17
    },
    "spectral_energy": {
        "dmean": 0.0157738253474,
        "dmean2": 0.0258094388992,
        "dvar": 0.000989254447632,
        "dvar2": 0.00251602684148,
        "max": 0.273085385561,
        "mean": 0.033570792526,
        "median": 0.0255713965744,
        "min": 1.05704416892e-20,
        "var": 0.00106043601409
    },
    "spectral_energyband_high": {
        "dmean": 0.000760368420742,
        "dmean2": 0.00115593383089,
        "dvar": 1.88657350009e-06,
        "dvar2": 4.32126807937e-06,
        "max": 0.0191723834723,
        "mean": 0.00198101531714,
        "median": 0.00133637886029,
        "min": 7.66464747798e-21,
        "var": 5.51892208023e-06
    },
    "spectral_energyband_low": {
        "dmean": 0.0108139561489,
        "dmean2": 0.0172000918537,
        "dvar": 0.000598584476393,
        "dvar2": 0.00143935333472,
        "max": 0.265769302845,
        "mean": 0.0163672845811,
        "median": 0.00908798538148,
        "min": 4.07459721083e-23,
        "var": 0.000678405340295
    },
    "spectral_energyband_middle_high": {
        "dmean": 0.00194830528926,
        "dmean2": 0.00313985277899,
        "dvar": 6.60339355818e-06,
        "dvar2": 1.66236532095e-05,
        "max": 0.0399558693171,
        "mean": 0.00666509801522,
        "median": 0.00579071696848,
        "min": 1.45432538561e-21,
        "var": 2.70208493021e-05
    },
    "spectral_energyband_middle_low": {
        "dmean": 0.00645069172606,
        "dmean2": 0.0111610786989,
        "dvar": 0.00032542552799,
        "dvar2": 0.000905294029508,
        "max": 0.218161374331,
        "mean": 0.00962349027395,
        "median": 0.00653930194676,
        "min": 2.43455122369e-22,
        "var": 0.000236729465541
    },
    "spectral_entropy": {
        "dmean": 0.116301737726,
        "dmean2": 0.170481443405,
        "dvar": 0.0174654405564,
        "dvar2": 0.0329878143966,
        "max": 9.80749034882,
        "mean": 7.91872930527,
        "median": 8.00712299347,
        "min": 6.34970521927,
        "var": 0.138182356954
    },
    "spectral_flux": {
        "dmean": 0.0317148119211,
        "dmean2": 0.0474528521299,
        "dvar": 0.00249738199636,
        "dvar2": 0.00512675754726,
        "max": 0.491710245609,
        "mean": 0.100566111505,
        "median": 0.0852967500687,
        "min": 6.62698507181e-11,
        "var": 0.00448781019077
    },
    "spectral_kurtosis": {
        "dmean": 1.07446336746,
        "dmean2": 1.7786552906,
        "dvar": 1.96525788307,
        "dvar2": 5.37122297287,
        "max": 30.8173980713,
        "mean": 3.20985341072,
        "median": 2.51749658585,
        "min": -1.20666050911,
        "var": 5.95299196243
    },
    "spectral_rms": {
        "dmean": 0.00108213291969,
        "dmean2": 0.00168909155764,
        "dvar": 2.91745232062e-06,
        "dvar2": 6.86964585839e-06,
        "max": 0.0163225233555,
        "mean": 0.00519926752895,
        "median": 0.00499476771802,
        "min": 3.21132790498e-12,
        "var": 5.71969849261e-06
    },
    "spectral_rolloff": {
        "dmean": 701.559753418,
        "dmean2": 1113.94714355,
        "dvar": 1197591,
        "dvar2": 2286312.75,
        "max": 19078.4179688,
        "mean": 2229.67358398,
        "median": 1787.25585938,
        "min": 21.533203125,
        "var": 3740032
    },
    "spectral_skewness": {
        "dmean": 0.172107905149,
        "dmean2": 0.274597942829,
        "dvar": 0.035403791815,
        "dvar2": 0.090293854475,
        "max": 3.71781182289,
        "mean": 1.37238705158,
        "median": 1.31310129166,
        "min": -0.0226671136916,
        "var": 0.170124799013
    },
    "spectral_spread": {
        "dmean": 503783.78125,
        "dmean2": 721602.1875,
        "dvar": 478006378496,
        "dvar2": 823627481088,
        "max": 40433904,
        "mean": 5103569.5,
        "median": 5091791.5,
        "min": 1637758.125,
        "var": 2.7586438103e+12
    },
    "spectral_strongpeak": {
        "dmean": 0.386465102434,
        "dmean2": 0.675221979618,
        "dvar": 0.531709730625,
        "dvar2": 1.46288490295,
        "max": 9.12430095673,
        "mean": 0.688334226608,
        "median": 0.440941333771,
        "min": 0,
        "var": 0.770326793194
    },
    "zerocrossingrate": {
        "dmean": 0.0133234187961,
        "dmean2": 0.0147404419258,
        "dvar": 0.000260334229097,
        "dvar2": 0.000271420431091,
        "max": 0.56982421875,
        "mean": 0.0836042687297,
        "median": 0.076171875,
        "min": 0.00341796875,
        "var": 0.00223481538706
    },
    "barkbands": {
        "dmean": [0.000483689131215, 0.00803665909916, 0.00312191527337, 0.0028861456085, 0.00248822942376, 0.000643853854854, 0.000855209946167, 0.000603784923442, 0.000558365951292, 0.000473544787383, 0.000249437900493, 0.000440845411504, 0.000428974628448, 0.000478644098621, 0.000481398776174, 0.000383402773878, 0.000411168119172, 0.000246795039857, 0.000185260258149, 0.000195457687369, 0.000193928470253, 0.000161608026247, 0.000153868662892, 0.000152680833708, 0.000120137316117, 5.65885784454e-05, 1.19106722707e-07],
        "dmean2": [0.00074227002915, 0.0126583091915, 0.00541433459148, 0.00516915693879, 0.00442500039935, 0.00109440123197, 0.00140940130223, 0.000974515511189, 0.000917972240131, 0.000771273334976, 0.000409318919992, 0.000718155584764, 0.000696972652804, 0.000778954534326, 0.00078335654689, 0.000633219198789, 0.000681460194755, 0.000414552720031, 0.000314975244692, 0.000336794357281, 0.000326330278767, 0.000264774804236, 0.000237550848396, 0.000226186661166, 0.000173122694832, 8.46650655149e-05, 2.1929351135e-07],
        "dvar": [1.70445878211e-06, 0.000492918188684, 3.87687141483e-05, 0.000111073131848, 5.01316899317e-05, 1.66144047853e-06, 2.65428161583e-06, 1.46387810673e-06, 1.18218395073e-06, 8.47045271257e-07, 1.60669159754e-07, 4.95738561312e-07, 4.62246475763e-07, 7.17508157777e-07, 6.80973926137e-07, 5.07777144776e-07, 4.64186001636e-07, 2.44143649297e-07, 1.13697439019e-07, 1.4528016834e-07, 1.74292551947e-07, 7.60043548098e-08, 9.45918969819e-08, 1.27016249962e-07, 6.2980582527e-08, 2.12024087176e-08, 4.69153578833e-12],
        "dvar2": [3.85888415622e-06, 0.00120757392142, 0.000107434323581, 0.00030864024302, 0.000143268713146, 4.51241066912e-06, 6.88503860147e-06, 3.48872936229e-06, 3.05892763208e-06, 2.21825143853e-06, 4.15479689764e-07, 1.1869632317e-06, 1.08209189875e-06, 1.74977515144e-06, 1.63835795775e-06, 1.33909861688e-06, 1.15599323181e-06, 6.3747859258e-07, 3.01127954572e-07, 4.09444936622e-07, 4.89516594371e-07, 1.98427557052e-07, 2.01837394798e-07, 2.51518997629e-07, 1.24966362591e-07, 4.60027074212e-08, 1.33610457767e-11],
        "max": [0.014019141905, 0.24308398366, 0.0800398364663, 0.123298868537, 0.0832557976246, 0.0268783401698, 0.0418760962784, 0.0170710682869, 0.0232656374574, 0.0180908124894, 0.0078556491062, 0.0134948687628, 0.0100100496784, 0.0185568351299, 0.0236968975514, 0.0144803384319, 0.0173398051411, 0.0157793015242, 0.0085817091167, 0.00840402767062, 0.00697066262364, 0.00547133060172, 0.00773255107924, 0.00762064894661, 0.00476107373834, 0.002393362578, 0.000105252154754],
        "mean": [0.000488652265631, 0.00982199795544, 0.00512912496924, 0.00224720407277, 0.00269921193831, 0.000935631978791, 0.00153856654651, 0.000903510896023, 0.0009672199958, 0.000818993896246, 0.000419966352638, 0.000783140247222, 0.000745121797081, 0.000838730193209, 0.000903260253835, 0.000686241895892, 0.000762160110753, 0.000410601729527, 0.000344726693584, 0.000346116750734, 0.000380729092285, 0.000341389415553, 0.000334002048476, 0.000347745692125, 0.000278733437881, 9.78853058768e-05, 7.25730018303e-08],
        "median": [3.13395503326e-05, 0.00214335834607, 0.00387565558776, 0.000435035821283, 0.00110920425504, 0.000406078645028, 0.000674924987834, 0.000319635262713, 0.000437301991042, 0.000330777664203, 0.000217844877625, 0.000460004317574, 0.000451219559181, 0.000486335076857, 0.000429876352428, 0.000426156562753, 0.000452520500403, 0.000262002693489, 0.000224742776481, 0.000225103402045, 0.000255236343946, 0.00023288137163, 0.000199195215828, 0.000177920795977, 0.000141095690196, 3.37333913194e-05, 6.53930354311e-10],
        "min": [5.33572066213e-24, 1.06749454444e-23, 5.99414065566e-24, 1.28050126723e-23, 2.44982142512e-23, 3.24674448879e-23, 6.25361554562e-24, 3.68535935624e-23, 4.62407732773e-23, 2.4637260452e-23, 4.16971584997e-23, 8.23372938736e-23, 4.37342119272e-23, 4.04387707392e-23, 9.61098334021e-23, 1.55018172961e-22, 1.40517546371e-22, 2.64309020119e-22, 2.03071565583e-22, 2.68509546667e-22, 3.35574815271e-22, 4.99007862171e-22, 6.88176353834e-22, 6.84408804637e-22, 1.1366246186e-21, 1.53776733088e-21, 2.58323739318e-21],
        "var": [1.82978249086e-06, 0.000500128429849, 3.93156042264e-05, 7.25713471184e-05, 3.45223525073e-05, 2.20602873924e-06, 5.79296238357e-06, 2.65593280346e-06, 2.82289897768e-06, 2.09050540434e-06, 3.4550916439e-07, 1.12294287646e-06, 9.74050522018e-07, 1.38289453844e-06, 2.09389372685e-06, 8.51970582971e-07, 1.06040135961e-06, 3.151348551e-07, 1.85563507671e-07, 1.96765086002e-07, 2.35440637653e-07, 1.68212849871e-07, 2.67509875584e-07, 4.13648933772e-07, 1.92912295915e-07, 3.33953416032e-08, 2.72733333313e-12]
    },
    "erbbands": {
        "dmean": [0.294253438711, 1.69242119789, 3.55695080757, 6.14723920822, 11.3724603653, 6.9426817894, 4.32182168961, 5.89471626282, 11.240942955, 14.029463768, 9.7302646637, 12.1685085297, 16.3678188324, 11.3022432327, 10.2673072815, 18.6842498779, 18.4490737915, 22.4954319, 25.3989925385, 19.3461360931, 21.3382587433, 21.1792106628, 14.4310312271, 9.01905059814, 9.52478027344, 8.26863765717, 9.36691093445, 7.23095607758, 5.99044132233, 4.89220714569, 4.38427400589, 3.65790629387, 2.45847058296, 1.50470471382, 0.855593264103, 0.364642947912, 0.0823460891843, 0.00379084376618, 0.000101782490674, 2.3095499273e-05],
        "dmean2": [0.445391118526, 2.76108336449, 6.09732198715, 10.9484176636, 20.5210895538, 12.046836853, 7.26920604706, 10.0607948303, 18.6407489777, 22.3985710144, 15.9965801239, 19.9127655029, 26.5822410583, 18.4595909119, 16.9421710968, 30.3758010864, 29.9743156433, 36.3513145447, 41.5841293335, 31.8512229919, 35.4928474426, 35.3927192688, 24.2692928314, 15.2204847336, 16.2848014832, 14.1680517197, 15.9766311646, 11.9961776733, 9.85791301727, 7.8167963028, 6.78484630585, 5.39459371567, 3.6806769371, 2.2085249424, 1.25355625153, 0.533232450485, 0.128152191639, 0.00616585556418, 0.000159370087204, 3.69041408703e-05],
        "dvar": [0.732311069965, 20.4234695435, 52.397277832, 343.774414062, 1666.2175293, 277.708557129, 82.6306610107, 139.135696411, 515.08190918, 686.59197998, 349.167419434, 537.705810547, 1227.98327637, 448.244812012, 257.300476074, 984.810791016, 807.182006836, 1691.14025879, 1853.90356445, 1785.09057617, 1385.60583496, 1342.08752441, 835.887756348, 262.27545166, 319.561248779, 300.661499023, 399.060699463, 191.765182495, 109.444946289, 68.6933059692, 83.3011856079, 72.9499282837, 31.1909809113, 10.042596817, 3.32228851318, 0.748936235905, 0.0556465387344, 0.000240877183387, 1.59458636517e-07, 1.61719904135e-09],
        "dvar2": [1.72951674461, 52.6566314697, 143.379928589, 959.647705078, 4698.97607422, 788.40045166, 215.870193481, 384.578216553, 1364.18334961, 1592.0826416, 877.209289551, 1381.46362305, 3135.36621094, 1201.33300781, 672.896179199, 2381.11791992, 1950.06335449, 4046.23291016, 4746.64208984, 4593.41503906, 3562.92700195, 3332.79907227, 2191.03271484, 680.64050293, 880.815185547, 849.219543457, 1129.32824707, 524.546386719, 290.626708984, 164.882858276, 177.119537354, 141.253234863, 65.2821426392, 20.5003986359, 6.91760921478, 1.57732260227, 0.124178402126, 0.000615085999016, 4.01051920562e-07, 4.00728428218e-09],
        "max": [8.98860836029, 46.7758598328, 88.6149749756, 222.173309326, 488.388214111, 321.264068604, 155.403244019, 231.485794067, 626.008544922, 665.565124512, 354.913604736, 414.485107422, 711.512207031, 468.568878174, 338.256866455, 660.701904297, 423.00869751, 872.788635254, 1331.85327148, 1160.0723877, 716.785522461, 1002.75793457, 1010.18408203, 377.077789307, 336.027252197, 400.249084473, 305.209991455, 244.216171265, 194.877502441, 153.573745728, 206.980438232, 199.873336792, 133.741409302, 64.1982879639, 34.9486923218, 13.8987951279, 3.68442153931, 0.359690248966, 0.0144008444622, 0.000596122117713],
        "mean": [0.335426002741, 2.0284807682, 5.84398794174, 6.28288459778, 9.45909881592, 8.70387554169, 5.94952869415, 8.69941043854, 20.5455780029, 24.1936378479, 15.3623104095, 21.1045722961, 27.963602066, 21.5517692566, 19.7882995605, 34.3775787354, 35.4276542664, 43.2342224121, 48.7867088318, 38.8656845093, 42.1671638489, 41.2244529724, 26.2295398712, 17.1128501892, 17.3605384827, 15.2689762115, 17.0853652954, 14.444480896, 12.4471721649, 10.6041498184, 9.29651927948, 7.87830114365, 5.46719121933, 3.38159322739, 1.84348142147, 0.719787895679, 0.114810474217, 0.00399977061898, 0.00015227260883, 5.42735870113e-05],
        "median": [0.0325215086341, 0.679799616337, 4.53145980835, 3.06742763519, 2.62611103058, 3.78816103935, 2.64140033722, 4.14800214767, 8.46006774902, 11.09278965, 8.16096878052, 10.1557941437, 11.4742221832, 10.3249254227, 12.1097774506, 20.4837112427, 23.1668434143, 25.3184928894, 27.636138916, 20.1701011658, 27.0850906372, 26.1243362427, 17.1802959442, 11.7580366135, 11.435631752, 9.82026195526, 10.8397283554, 10.0103645325, 8.51308250427, 6.86732673645, 5.31238508224, 4.09865856171, 2.75036001205, 1.70759344101, 0.863780498505, 0.276644200087, 0.0313574485481, 0.000797196349595, 6.69697619742e-05, 4.1412509745e-05],
        "min": [2.60993810077e-22, 4.55454329053e-21, 9.14035384665e-21, 2.87089769069e-20, 2.88447831614e-20, 1.1138608626e-19, 1.70067816953e-19, 3.39281983514e-19, 1.1117123902e-19, 3.42120608882e-19, 7.93150247056e-19, 8.06314826505e-19, 1.38709100078e-18, 1.82074467621e-18, 2.78167729189e-18, 2.51426096679e-18, 2.70008936615e-18, 4.58835886371e-18, 2.9262585368e-18, 5.62878250228e-18, 7.86477453433e-18, 8.69229842684e-18, 1.106366477e-17, 1.28171478751e-17, 1.05669717635e-17, 1.17824400545e-17, 1.34222718522e-17, 1.50231417886e-17, 1.71500746064e-17, 1.96561489667e-17, 2.08542952685e-17, 1.55888340659e-17, 1.29932438741e-17, 9.28450597869e-18, 9.42282133045e-18, 5.70148547427e-18, 2.96866974116e-18, 1.0832417124e-18, 3.63015785691e-19, 3.61787183375e-20],
        "var": [0.767159998417, 18.8615646362, 52.9161987305, 231.313705444, 1058.54846191, 242.754592896, 100.428276062, 178.872558594, 1085.13964844, 1548.44714355, 528.404296875, 1261.75756836, 2594.23852539, 1243.56481934, 598.490783691, 2148.37866211, 1779.05322266, 3727.49926758, 4912.74560547, 5001.140625, 2937.90087891, 2877.07055664, 1166.390625, 439.328582764, 471.976715088, 406.86831665, 516.362609863, 312.385620117, 224.59085083, 181.052124023, 234.375900269, 224.383148193, 94.4810409546, 30.0396652222, 8.90058708191, 1.45698010921, 0.0709008648992, 0.000213295978028, 1.49888734313e-07, 2.26838015038e-09]
    },
    "gfcc": {
        "mean": [21.0202159882, 72.8140563965, -129.987854004, 40.7857475281, -62.2323608398, 30.6590385437, -45.8414955139, 13.9560461044, -22.638256073, 5.79820680618, -17.8265132904, -3.46782946587, -11.624253273],
        "cov": [[7202.71533203, -893.532409668, 1047.80371094, 697.537658691, 45.6577148438, 268.647949219, -267.958618164, 194.941360474, -281.201416016, 342.675079346, -217.407485962, 213.401138306, -174.755111694], [-893.532409668, 1398.83654785, 3.85588002205, 130.761566162, 364.920257568, -14.9697217941, 295.940246582, -56.0917396545, 228.09576416, -132.355285645, 203.165405273, -119.694801331, 102.808082581], [1047.80371094, 3.85588002205, 908.950134277, 445.064880371, 204.794235229, 198.198699951, 4.70590400696, 104.857688904, -22.1664505005, 130.365783691, -5.91684389114, 67.826789856, -54.0639533997], [697.537658691, 130.761566162, 445.064880371, 560.851379395, 202.56388855, 82.4410095215, 30.6521816254, 12.3795747757, 13.4649877548, 33.8762779236, 30.5918750763, 2.96528172493, -0.436483353376], [45.6577148438, 364.920257568, 204.794235229, 202.56388855, 333.475524902, 107.618225098, 127.816429138, 48.7078590393, 80.3385238647, 21.0257530212, 56.1586456299, 6.57611560822, 27.8219528198], [268.647949219, -14.9697217941, 198.198699951, 82.4410095215, 107.618225098, 213.933441162, 101.184310913, 63.563079834, 2.95504117012, 47.0636253357, 6.72812271118, 18.4923343658, 1.6863604784], [-267.958618164, 295.940246582, 4.70590400696, 30.6521816254, 127.816429138, 101.184310913, 251.039108276, 31.2353305817, 62.6652603149, -7.48060274124, 68.4698791504, -19.0113239288, 39.9622955322], [194.941360474, -56.0917396545, 104.857688904, 12.3795747757, 48.7078590393, 63.563079834, 31.2353305817, 131.627975464, 48.6162872314, 54.3375854492, 4.35775470734, 30.5642814636, -1.7086327076], [-281.201416016, 228.09576416, -22.1664505005, 13.4649877548, 80.3385238647, 2.95504117012, 62.6652603149, 48.6162872314, 157.392471313, 13.2941942215, 70.4267654419, -18.0511283875, 35.8491439819], [342.675079346, -132.355285645, 130.365783691, 33.8762779236, 21.0257530212, 47.0636253357, -7.48060274124, 54.3375854492, 13.2941942215, 120.960350037, 16.2528438568, 49.6233482361, -14.0531721115], [-217.407485962, 203.165405273, -5.91684389114, 30.5918750763, 56.1586456299, 6.72812271118, 68.4698791504, 4.35775470734, 70.4267654419, 16.2528438568, 114.138580322, 8.97032546997, 32.2383766174], [213.401138306, -119.694801331, 67.826789856, 2.96528172493, 6.57611560822, 18.4923343658, -19.0113239288, 30.5642814636, -18.0511283875, 49.6233482361, 8.97032546997, 84.2643814087, 11.3290786743], [-174.755111694, 102.808082581, -54.0639533997, -0.436483353376, 27.8219528198, 1.6863604784, 39.9622955322, -1.7086327076, 35.8491439819, -14.0531721115, 32.2383766174, 11.3290786743, 72.6529846191]],
        "icov": [[0.000234327264479, -0.000127924518893, 5.22238588019e-05, -0.000343829102349, 0.000188151476323, -0.000200368231162, 0.000189355007024, -0.000267714931397, 0.00032292175456, -0.000518017972354, 0.000427220540587, -0.000335009506671, 0.000206732947845], [-0.000127924518893, 0.00288683362305, -0.00111428136006, 0.001111884485, -0.00260400865227, 0.00188663043082, -0.00161768868566, 0.00155636074487, -0.00151110056322, 0.00263283168897, -0.00298014073633, 0.00274464464746, -0.00118615443353], [5.22238588019e-05, -0.00111428136006, 0.00326069677249, -0.00228594359942, 0.000600594095886, -0.0021853602957, 0.00119388150051, -0.00144554616418, 0.000902828935068, -0.0019121010555, 0.00130332098342, -0.00214605522342, 0.00218609743752], [-0.000343829102349, 0.001111884485, -0.00228594359942, 0.00450331997126, -0.00257244240493, 0.00138182460796, -0.000356733275112, 0.00163912179414, -0.000337927689543, 0.00148991937749, -0.00233339867555, 0.00290132663213, -0.00184869684745], [0.000188151476323, -0.00260400865227, 0.000600594095886, -0.00257244240493, 0.00809900276363, -0.00296447728761, -0.000279089581454, -0.00124125427101, -0.00111057341564, -0.00153112434782, 0.0029947294388, -0.00397945102304, 0.00120403594337], [-0.000200368231162, 0.00188663043082, -0.0021853602957, 0.00138182460796, -0.00296447728761, 0.0103664854541, -0.00457571446896, -0.00121741008479, 0.00127065635752, -0.000125952268718, -0.0010043309303, 0.00299349916168, -0.00205921335146], [0.000189355007024, -0.00161768868566, 0.00119388150051, -0.000356733275112, -0.000279089581454, -0.00457571446896, 0.00880760420114, -0.00227649859153, 0.00175812037196, -0.000695102149621, -0.00210590101779, 0.00130119081587, -0.00132457248401], [-0.000267714931397, 0.00155636074487, -0.00144554616418, 0.00163912179414, -0.00124125427101, -0.00121741008479, -0.00227649859153, 0.0152090378106, -0.00806857831776, -0.000558638887014, 0.00259250216186, -0.00354558392428, 0.00147704128176], [0.00032292175456, -0.00151110056322, 0.000902828935068, -0.000337927689543, -0.00111057341564, 0.00127065635752, 0.00175812037196, -0.00806857831776, 0.0162509232759, -0.00436434103176, -0.00544757954776, 0.00671099778265, -0.00466826558113], [-0.000518017972354, 0.00263283168897, -0.0019121010555, 0.00148991937749, -0.00153112434782, -0.000125952268718, -0.000695102149621, -0.000558638887014, -0.00436434103176, 0.0184392929077, -0.00550733366981, -0.00494790589437, 0.00350842718035], [0.000427220540587, -0.00298014073633, 0.00130332098342, -0.00233339867555, 0.0029947294388, -0.0010043309303, -0.00210590101779, 0.00259250216186, -0.00544757954776, -0.00550733366981, 0.0200086291879, -0.00779911968857, 0.00025674252538], [-0.000335009506671, 0.00274464464746, -0.00214605522342, 0.00290132663213, -0.00397945102304, 0.00299349916168, 0.00130119081587, -0.00354558392428, 0.00671099778265, -0.00494790589437, -0.00779911968857, 0.0260645803064, -0.0104859676212], [0.000206732947845, -0.00118615443353, 0.00218609743752, -0.00184869684745, 0.00120403594337, -0.00205921335146, -0.00132457248401, 0.00147704128176, -0.00466826558113, 0.00350842718035, 0.00025674252538, -0.0104859676212, 0.0224087685347]]
    },
    "melbands": {
        "dmean": [0.00235902052373, 0.00187758810353, 0.00126198085491, 0.000666298728902, 0.000168320868397, 0.000131518085254, 0.000173568158061, 0.000153131812112, 7.59770337027e-05, 8.04981245892e-05, 8.23700247565e-05, 4.83230869577e-05, 3.5549448512e-05, 4.38143651991e-05, 5.24002898601e-05, 4.03771009587e-05, 4.53270949947e-05, 4.36040572822e-05, 3.157723404e-05, 2.61712157226e-05, 2.67649611487e-05, 2.47251900873e-05, 1.95027350856e-05, 1.05741119114e-05, 7.5443881542e-06, 8.17376439954e-06, 6.14598775428e-06, 5.90928766542e-06, 7.10402173354e-06, 4.89682452098e-06, 4.61698436993e-06, 3.83981750929e-06, 3.21448260365e-06, 2.79060554931e-06, 2.78812535726e-06, 2.63992205873e-06, 2.33635819313e-06, 1.91957269635e-06, 1.52327947944e-06, 1.31998513098e-06],
        "dmean2": [0.00365899247117, 0.00312921334989, 0.00224340427667, 0.00118814816233, 0.000280662701698, 0.000224182265811, 0.000287153350655, 0.000244197319262, 0.00012610288104, 0.000132233122713, 0.000133805806399, 7.90025660535e-05, 5.84830086154e-05, 7.19184899935e-05, 8.49859934533e-05, 6.55406329315e-05, 7.35334615456e-05, 7.18675000826e-05, 5.15787760378e-05, 4.33044333477e-05, 4.47081329185e-05, 4.13689922425e-05, 3.29660215357e-05, 1.78528734978e-05, 1.28011079141e-05, 1.4050556274e-05, 1.05168101072e-05, 1.01826599348e-05, 1.21855946418e-05, 8.29464443086e-06, 7.73227020545e-06, 6.42199029244e-06, 5.22571508554e-06, 4.48665059594e-06, 4.41240990767e-06, 4.01469196731e-06, 3.55271617991e-06, 2.93121820505e-06, 2.31537364925e-06, 1.9844169401e-06],
        "dvar": [4.5945540478e-05, 1.58158800332e-05, 1.74450797203e-05, 4.0557556531e-06, 1.16470616263e-07, 6.84638052917e-08, 1.17606091976e-07, 8.18641865408e-08, 1.98671479268e-08, 2.50313139105e-08, 3.0422018682e-08, 8.73885763752e-09, 3.27449600768e-09, 5.30299182344e-09, 7.01402536052e-09, 4.13072420713e-09, 7.43310657469e-09, 5.54094947702e-09, 3.24311355548e-09, 2.77270495452e-09, 2.35060992892e-09, 2.05556593968e-09, 1.28294697088e-09, 4.36859076691e-10, 1.88450921534e-10, 2.58542187659e-10, 1.29763283452e-10, 1.76803058305e-10, 2.0631039932e-10, 1.07755943057e-10, 7.33708718781e-11, 4.68575629686e-11, 3.34136815439e-11, 2.45506167479e-11, 3.17662562921e-11, 3.49990002257e-11, 3.07044147052e-11, 1.96238823802e-11, 1.04893697894e-11, 7.86926600271e-12],
        "dvar2": [0.000110370936454, 4.1812480049e-05, 4.85695818497e-05, 1.15534248835e-05, 3.0669278317e-07, 1.88036239024e-07, 3.10303136075e-07, 1.89983111909e-07, 5.00900654288e-08, 6.50459952567e-08, 7.77555655418e-08, 2.33067289912e-08, 8.54887094448e-09, 1.27562183039e-08, 1.65962159571e-08, 9.90866677597e-09, 1.78413372964e-08, 1.43254199614e-08, 7.90871901302e-09, 7.43082262389e-09, 6.02680128026e-09, 5.06586905757e-09, 3.37255423588e-09, 1.15012743773e-09, 4.80217587917e-10, 7.06506741999e-10, 3.58027052449e-10, 5.00618047017e-10, 5.8266030889e-10, 2.99417296512e-10, 1.98823665865e-10, 1.25776944415e-10, 8.45152836604e-11, 5.93904092572e-11, 7.32631386113e-11, 6.94824545122e-11, 6.47263562192e-11, 4.32911519133e-11, 2.16449271701e-11, 1.71053761433e-11],
        "max": [0.0746311843395, 0.0489340014756, 0.0493862964213, 0.02436356619, 0.00684556085616, 0.00479546189308, 0.00945088639855, 0.00675854738802, 0.00304036214948, 0.00323160039261, 0.00346505176276, 0.00221414631233, 0.00115092238411, 0.00147149257828, 0.00149518589024, 0.00110128545202, 0.00198188074864, 0.00198735645972, 0.0013707895996, 0.0014809530694, 0.00101360562257, 0.0013994439505, 0.000749376893509, 0.000690383545589, 0.000365753745427, 0.00039699167246, 0.000274752586847, 0.000329336355207, 0.000251527584624, 0.000180117131094, 0.000144621066283, 0.000159934279509, 0.000190552746062, 0.000103549537016, 0.000108610627649, 0.000154567169375, 0.00014633210958, 9.32514085434e-05, 6.87181673129e-05, 5.82737811783e-05],
        "mean": [0.00281618000008, 0.00292009557597, 0.00125885324087, 0.000685389735736, 0.000240210836637, 0.000191766899661, 0.000320301798638, 0.000258521409705, 0.000119188647659, 0.000138577190228, 0.000138530362165, 8.72318996699e-05, 6.28941197647e-05, 7.80435293564e-05, 9.301956743e-05, 7.31795589672e-05, 7.9612742411e-05, 7.80740447226e-05, 5.78222206968e-05, 4.74568514619e-05, 4.93593106512e-05, 4.41038064309e-05, 3.34469332302e-05, 1.71389638126e-05, 1.31097931444e-05, 1.38048790177e-05, 1.06990983113e-05, 9.93145476968e-06, 1.17690788102e-05, 8.36947037897e-06, 8.56612678035e-06, 7.21962123862e-06, 6.22196557742e-06, 5.68132463741e-06, 5.35696244697e-06, 5.20242065249e-06, 4.66951314593e-06, 3.92434276364e-06, 3.25760811393e-06, 2.74224225905e-06],
        "median": [0.000445293262601, 0.00212800991721, 0.000582400942221, 0.000257068197243, 0.000110154491267, 8.41794535518e-05, 0.000134298403282, 0.000113007612526, 6.22940860922e-05, 6.35196629446e-05, 5.45840666746e-05, 3.82570069632e-05, 3.45257503795e-05, 4.5530985517e-05, 5.42315974599e-05, 4.48611826869e-05, 4.30985237472e-05, 4.17638184445e-05, 2.80804742943e-05, 2.58785075857e-05, 2.99052171613e-05, 2.64912378043e-05, 1.93537653104e-05, 1.11271119749e-05, 8.532283573e-06, 8.50814649311e-06, 7.25807512936e-06, 5.87037538935e-06, 6.85697068548e-06, 5.40191604159e-06, 5.609254913e-06, 4.79150639876e-06, 3.84646227758e-06, 3.63264280168e-06, 3.01486534227e-06, 2.68301869255e-06, 2.32190495808e-06, 1.89210095414e-06, 1.59367618835e-06, 1.33304138217e-06],
        "min": [5.1209962736e-24, 5.4407657747e-24, 6.04839456442e-24, 3.93700480172e-24, 6.03220753307e-24, 7.08903462704e-24, 1.31693583366e-24, 4.51056544995e-24, 6.54703669805e-24, 5.81593066628e-24, 6.10290998056e-24, 7.22140706465e-24, 7.47580208481e-24, 9.37660424557e-24, 6.25825207559e-24, 5.04311361415e-24, 5.96920357915e-24, 3.44288520765e-24, 7.22422882011e-24, 9.25704212019e-24, 8.67343020074e-24, 8.8840686842e-24, 8.42253930072e-24, 1.0624069438e-23, 1.05559670761e-23, 8.11370183404e-24, 7.27635832645e-24, 7.40475253852e-24, 8.30329666401e-24, 6.88969263173e-24, 1.01058367327e-23, 9.97398178782e-24, 8.74179604223e-24, 9.50003415597e-24, 1.04330333592e-23, 1.29474880516e-23, 7.60616608257e-24, 8.2217970773e-24, 9.77831036231e-24, 6.49267313763e-24],
        "var": [4.72855426779e-05, 1.61354873853e-05, 1.15913071568e-05, 2.72505894827e-06, 1.5137774767e-07, 9.14395670293e-08, 2.56507092899e-07, 1.80169564601e-07, 3.17477315548e-08, 5.75356402521e-08, 6.59070948927e-08, 2.41922286648e-08, 7.0783747752e-09, 1.1698890745e-08, 1.62610565013e-08, 9.02938701586e-09, 1.46182985716e-08, 1.33273445613e-08, 8.72356675785e-09, 5.61657254039e-09, 4.68877514592e-09, 3.86037202205e-09, 2.16311746293e-09, 5.35568922544e-10, 2.99213959165e-10, 3.52358170419e-10, 1.78594861122e-10, 2.13454240394e-10, 2.70446887107e-10, 1.29692437345e-10, 1.20503329537e-10, 8.17124770625e-11, 7.52936185622e-11, 5.89761295355e-11, 7.70394859018e-11, 9.82344136591e-11, 8.28800916786e-11, 5.24814566805e-11, 3.05216789342e-11, 2.03230158397e-11]
    },
    "mfcc": {
        "mean": [-612.180236816, 95.0587158203, -4.8497262001, 12.8418111801, 9.1281080246, 10.9806318283, -2.19708180428, 3.8494811058, 2.16608715057, 2.51113820076, 2.33833575249, 3.38974308968, -1.56563413143],
        "cov": [[6050.23632812, -914.985107422, 781.993408203, 411.986450195, 324.900146484, 139.719345093, 120.826934814, -112.247192383, 46.1633605957, -5.82981204987, -122.618690491, 78.3990936279, 118.535377502], [-914.985107422, 1135.16394043, -155.554244995, 112.202438354, 73.1636734009, 104.305206299, 95.0847167969, 142.550613403, 50.6053161621, 70.8468933105, 94.0902786255, 46.0680885315, 31.3476905823], [781.993408203, -155.554244995, 683.799194336, 271.421691895, 226.030883789, 130.883544922, 101.48865509, 16.3694496155, 31.9277610779, 24.6582317352, 15.3720846176, 61.0155601501, 64.2600097656], [411.986450195, 112.202438354, 271.421691895, 460.462585449, 221.412307739, 130.170166016, 77.5400924683, 31.9253559113, 28.1432151794, 16.4692897797, 6.7418088913, 53.9377059937, 55.1013069153], [324.900146484, 73.1636734009, 226.030883789, 221.412307739, 291.611724854, 101.007789612, 47.008354187, 40.9083061218, 48.5163497925, 34.7593307495, 24.8993530273, 44.5916061401, 55.9843292236], [139.719345093, 104.305206299, 130.883544922, 130.170166016, 101.007789612, 190.212310791, 128.213790894, 52.1786956787, 36.7182197571, 32.8875198364, 27.9364185333, 20.2914657593, 7.9702796936], [120.826934814, 95.0847167969, 101.48865509, 77.5400924683, 47.008354187, 128.213790894, 183.180496216, 75.3696899414, 42.026096344, 32.1342048645, 36.3699798584, 21.4434928894, 6.58400201797], [-112.247192383, 142.550613403, 16.3694496155, 31.9253559113, 40.9083061218, 52.1786956787, 75.3696899414, 112.591644287, 52.2101478577, 38.9180030823, 29.4554290771, 18.8181438446, 7.58736658096], [46.1633605957, 50.6053161621, 31.9277610779, 28.1432151794, 48.5163497925, 36.7182197571, 42.026096344, 52.2101478577, 93.7241134644, 49.9985809326, 25.687538147, 14.1344890594, 13.0811843872], [-5.82981204987, 70.8468933105, 24.6582317352, 16.4692897797, 34.7593307495, 32.8875198364, 32.1342048645, 38.9180030823, 49.9985809326, 87.4421768188, 45.117980957, 20.2755317688, 10.2518510818], [-122.618690491, 94.0902786255, 15.3720846176, 6.7418088913, 24.8993530273, 27.9364185333, 36.3699798584, 29.4554290771, 25.687538147, 45.117980957, 84.483505249, 39.7021827698, 21.3234539032], [78.3990936279, 46.0680885315, 61.0155601501, 53.9377059937, 44.5916061401, 20.2914657593, 21.4434928894, 18.8181438446, 14.1344890594, 20.2755317688, 39.7021827698, 77.7864303589, 48.8935470581], [118.535377502, 31.3476905823, 64.2600097656, 55.1013069153, 55.9843292236, 7.9702796936, 6.58400201797, 7.58736658096, 13.0811843872, 10.2518510818, 21.3234539032, 48.8935470581, 87.7527923584]],
