{
"lowlevel": {
    "average_loudness": 0.793848335743,
    "barkbands_crest": {
        "dmean": 3.07746744156,
        "dmean2": 5.02894878387,
        "dvar": 7.44465112686,
        "dvar2": 18.0804138184,
        "max": 25.0502567291,
        "mean": 11.0409488678,
        "median": 10.1588497162,
        "min": 2.33490872383,
        "var": 20.6991138458
    },
    "barkbands_flatness_db": {
        "dmean": 0.0219985954463,
        "dmean2": 0.0339027009904,
        "dvar": 0.000422016513767,
        "dvar2": 0.000928597059101,
        "max": 0.358063578606,
        "mean": 0.160620823503,
        "median": 0.157940134406,
        "min": 0.0378898158669,
        "var": 0.00271202088334
    },
    "barkbands_kurtosis": {
        "dmean": 2.80564403534,
        "dmean2": 4.49542236328,
        "dvar": 31.0093002319,
        "dvar2": 69.7701797485,
        "max": 160.434906006,
        "mean": 3.88216638565,
        "median": 1.47921848297,
        "min": -1.94592869282,
        "var": 63.0116882324
    },
    "barkbands_skewness": {
        "dmean": 0.525535345078,
        "dmean2": 0.813789665699,
        "dvar": 0.346855908632,
        "dvar2": 0.771202206612,
        "max": 10.096449852,
        "mean": 1.23462164402,
        "median": 1.05721271038,
        "min": -2.10073661804,
        "var": 1.43766212463
    },
    "barkbands_spread": {
        "dmean": 5.3136138916,
        "dmean2": 8.0437297821,
        "dvar": 57.3398017883,
        "dvar2": 111.950424194,
        "max": 123.639389038,
        "mean": 19.5864963531,
        "median": 16.4056854248,
        "min": 0.742749810219,
        "var": 210.301467896
    },
    "dissonance": {
        "dmean": 0.024588804692,
        "dmean2": 0.0417920723557,
        "dvar": 0.00057673023548,
        "dvar2": 0.00155210623052,
        "max": 0.500000059605,
        "mean": 0.452095687389,
        "median": 0.463617533445,
        "min": 0.185601815581,
        "var": 0.00157706113532
    },
    "dynamic_complexity": 3.06426715851,
    "erbbands_crest": {
        "dmean": 3.03619265556,
        "dmean2": 4.8858165741,
        "dvar": 7.87749481201,
        "dvar2": 19.2780246735,
        "max": 29.9236011505,
        "mean": 10.8826951981,
        "median": 9.90148925781,
        "min": 2.4124982357,
        "var": 26.9725017548
    },
    "erbbands_flatness_db": {
        "dmean": 0.0179771017283,
        "dmean2": 0.0263485759497,
        "dvar": 0.000291137053864,
        "dvar2": 0.000576204387471,
        "max": 0.36312019825,
        "mean": 0.183066979051,
        "median": 0.178313523531,
        "min": 0.0372614376247,
        "var": 0.00325270555913
    },
    "erbbands_kurtosis": {
        "dmean": 1.37957537174,
        "dmean2": 2.20452809334,
        "dvar": 4.68551301956,
        "dvar2": 11.1622753143,
        "max": 44.6558227539,
        "mean": 1.76019692421,
        "median": 0.675681829453,
        "min": -1.91299903393,
        "var": 12.6912431717
    },
    "erbbands_skewness": {
        "dmean": 0.405603557825,
        "dmean2": 0.630357861519,
        "dvar": 0.143263861537,
        "dvar2": 0.333635091782,
        "max": 5.30962181091,
        "mean": 0.641652643681,
        "median": 0.578712582588,
        "min": -2.6812441349,
        "var": 0.63416904211
    },
    "erbbands_spread": {
        "dmean": 6.80112266541,
        "dmean2": 9.92099285126,
        "dvar": 93.6870574951,
        "dvar2": 167.555221558,
        "max": 191.741455078,
        "mean": 29.8943920135,
        "median": 24.0386390686,
        "min": 2.27792811394,
        "var": 518.613769531
    },
    "hfc": {
        "dmean": 6.07652997971,
        "dmean2": 8.79075622559,
        "dvar": 61.3896026611,
        "dvar2": 122.945854187,
        "max": 151.91960144,
        "mean": 21.9479904175,
        "median": 17.5638237,
        "min": 1.14709913338e-16,
        "var": 333.526794434
    },
    "melbands_crest": {
        "dmean": 3.81714963913,
        "dmean2": 6.17880582809,
        "dvar": 11.6751184464,
        "dvar2": 28.9480381012,
        "max": 35.5121574402,
        "mean": 14.5922374725,
        "median": 13.4632301331,
        "min": 2.31409430504,
        "var": 35.5497322083
    },
    "melbands_flatness_db": {
        "dmean": 0.0259201284498,
        "dmean2": 0.0389495156705,
        "dvar": 0.000616285135038,
        "dvar2": 0.00128057354596,
        "max": 0.470537662506,
        "mean": 0.211459368467,
        "median": 0.210461139679,
        "min": 0.00543205207214,
        "var": 0.00428492762148
    },
    "melbands_kurtosis": {
        "dmean": 6.07132148743,
        "dmean2": 9.68130588531,
        "dvar": 228.370681763,
        "dvar2": 550.13482666,
        "max": 390.470062256,
        "mean": 10.0571622849,
        "median": 4.26992559433,
        "min": -1.63930261135,
        "var": 433.489105225
    },
    "melbands_skewness": {
        "dmean": 0.684677422047,
        "dmean2": 1.05856120586,
        "dvar": 0.681784749031,
        "dvar2": 1.53791630268,
        "max": 17.2916316986,
        "mean": 1.95170414448,
        "median": 1.60271143913,
        "min": -1.25919258595,
        "var": 3.01014757156
    },
    "melbands_spread": {
        "dmean": 5.77184104919,
        "dmean2": 9.02799606323,
        "dvar": 50.0730514526,
        "dvar2": 107.958992004,
        "max": 169.027450562,
        "mean": 21.4053955078,
        "median": 18.8272705078,
        "min": 0.612058877945,
        "var": 195.067626953
    },
    "pitch_salience": {
        "dmean": 0.075629003346,
        "dmean2": 0.123066924512,
        "dvar": 0.00465875212103,
        "dvar2": 0.0116636315361,
        "max": 0.937131941319,
        "mean": 0.543950736523,
        "median": 0.55427980423,
        "min": 0.0994145944715,
        "var": 0.0149951865897
    },
    "silence_rate_20dB": {
        "dmean": 0,
        "dmean2": 0,
        "dvar": 0,
        "dvar2": 0,
        "max": 1,
        "mean": 1,
        "median": 1,
        "min": 1,
        "var": 0
    },
    "silence_rate_30dB": {
        "dmean": 0.0169783458114,
        "dmean2": 0.0339608713984,
        "dvar": 0.0166910532862,
        "dvar2": 0.0451154969633,
        "max": 1,
        "mean": 0.988682508469,
        "median": 1,
        "min": 0,
        "var": 0.0111903036013
    },
    "silence_rate_60dB": {
        "dmean": 0.0167322829366,
        "dmean2": 0.0334686860442,
        "dvar": 0.0164511520416,
        "dvar2": 0.0370268039405,
        "max": 1,
        "mean": 0.0612621493638,
        "median": 0,
        "min": 0,
        "var": 0.0575095042586
    },
    "spectral_centroid": {
        "dmean": 185.561447144,
        "dmean2": 282.831115723,
        "dvar": 48347.125,
        "dvar2": 99731.109375,
        "max": 10818.6230469,
        "mean": 1122.07067871,
        "median": 1060.92626953,
        "min": 273.020172119,
        "var": 236346.046875
    },
    "spectral_complexity": {
        "dmean": 2.86368107796,
        "dmean2": 4.346991539,
        "dvar": 8.8519449234,
        "dvar2": 16.0387916565,
        "max": 56,
        "mean": 18.2470169067,
        "median": 17,
        "min": 0,
        "var": 83.8196182251
    },
    "spectral_decrease": {
        "dmean": 2.94043012161e-09,
        "dmean2": 4.73276173807e-09,
        "dvar": 1.79787855031e-17,
        "dvar2": 4.4321488656e-17,
        "max": -2.87615519093e-29,
        "mean": -8.11275402413e-09,
        "median": -6.2518825672e-09,
        "min": -6.64537367356e-08,
        "var": 4.64078730802e-17
    },
    "spectral_energy": {
        "dmean": 0.0114632779732,
        "dmean2": 0.0184030849487,
        "dvar": 0.00026649213396,
        "dvar2": 0.00065544527024,
        "max": 0.254936426878,
        "mean": 0.0326100774109,
        "median": 0.0254452396184,
        "min": 1.05130899615e-20,
        "var": 0.000712879525963
    },
    "spectral_energyband_high": {
        "dmean": 0.000249214353971,
        "dmean2": 0.000305870285956,
        "dvar": 2.71721006584e-07,
        "dvar2": 4.52405060969e-07,
        "max": 0.00975308567286,
        "mean": 0.000615358818322,
        "median": 0.000211031190702,
        "min": 7.73279940564e-21,
        "var": 1.09245036128e-06
    },
    "spectral_energyband_low": {
        "dmean": 0.00738824438304,
        "dmean2": 0.0121882101521,
        "dvar": 0.000194197622477,
        "dvar2": 0.000481661059894,
        "max": 0.228377789259,
        "mean": 0.0125664956868,
        "median": 0.00462167849764,
        "min": 7.65999211317e-23,
        "var": 0.000361566257197
    },
    "spectral_energyband_middle_high": {
        "dmean": 0.00237118173391,
        "dmean2": 0.00361446547322,
        "dvar": 1.88262511074e-05,
        "dvar2": 4.46452431788e-05,
        "max": 0.101732641459,
        "mean": 0.00740381423384,
        "median": 0.00395803758875,
        "min": 1.42654576874e-21,
        "var": 9.2543901701e-05
    },
    "spectral_energyband_middle_low": {
        "dmean": 0.00577891478315,
        "dmean2": 0.00940515100956,
        "dvar": 7.69548933022e-05,
        "dvar2": 0.000201458868105,
        "max": 0.113590270281,
        "mean": 0.0128705240786,
        "median": 0.00974631775171,
        "min": 2.59499518196e-22,
        "var": 0.00013593044423
    },
    "spectral_entropy": {
        "dmean": 0.163151159883,
        "dmean2": 0.236560598016,
        "dvar": 0.0280713587999,
        "dvar2": 0.0530031919479,
        "max": 9.80411529541,
        "mean": 7.40762376785,
        "median": 7.44192647934,
        "min": 5.44611310959,
        "var": 0.276967972517
    },
    "spectral_flux": {
        "dmean": 0.027485512197,
        "dmean2": 0.0448702462018,
        "dvar": 0.00102181581315,
        "dvar2": 0.00248311436735,
        "max": 0.467435449362,
        "mean": 0.0935165733099,
        "median": 0.0856565609574,
        "min": 6.49422599031e-11,
        "var": 0.00298577314243
    },
    "spectral_kurtosis": {
        "dmean": 1.90077626705,
        "dmean2": 3.09129714966,
        "dvar": 5.07260513306,
        "dvar2": 14.1276216507,
        "max": 44.9802055359,
        "mean": 6.35343980789,
        "median": 5.60013771057,
        "min": -1.65932250023,
        "var": 20.9132595062
    },
    "spectral_rms": {
        "dmean": 0.0008925574366,
        "dmean2": 0.00140544318128,
        "dvar": 1.04798391476e-06,
        "dvar2": 2.43884301199e-06,
        "max": 0.0157708097249,
        "mean": 0.00516261672601,
        "median": 0.00498243141919,
        "min": 3.20260419746e-12,
        "var": 5.16201043865e-06
    },
    "spectral_rolloff": {
        "dmean": 463.45413208,
        "dmean2": 782.001220703,
        "dvar": 1563221.5,
        "dvar2": 3414085.25,
        "max": 18863.0859375,
        "mean": 1440.48364258,
        "median": 1033.59375,
        "min": 64.599609375,
        "var": 3191131.75
    },
    "spectral_skewness": {
        "dmean": 0.230375811458,
        "dmean2": 0.358190983534,
        "dvar": 0.052029427141,
        "dvar2": 0.121645666659,
        "max": 5.46887302399,
        "mean": 1.96416044235,
        "median": 1.918664217,
        "min": -0.00500051630661,
        "var": 0.366635799408
    },
    "spectral_spread": {
        "dmean": 607097.125,
        "dmean2": 801861.3125,
        "dvar": 1.10497968947e+12,
        "dvar2": 1.48012715213e+12,
        "max": 40603284,
        "mean": 4592910.5,
        "median": 3973422.25,
        "min": 1269865.625,
        "var": 6.73494125773e+12
    },
    "spectral_strongpeak": {
        "dmean": 0.726610898972,
        "dmean2": 1.23899209499,
        "dvar": 1.24213385582,
        "dvar2": 3.1904168129,
        "max": 12.9612541199,
        "mean": 1.37262964249,
        "median": 0.603892147541,
        "min": 0,
        "var": 2.84946489334
    },
    "zerocrossingrate": {
        "dmean": 0.0105086797848,
        "dmean2": 0.0113073727116,
        "dvar": 0.000315391051117,
        "dvar2": 0.000295117031783,
        "max": 0.54541015625,
        "mean": 0.0573996268213,
        "median": 0.046875,
        "min": 0.0029296875,
        "var": 0.0020170728676
    },
    "barkbands": {
        "dmean": [0.00047976966016, 0.00592698110268, 0.00266365497373, 0.0012135617435, 0.00126818194985, 0.00166384724434, 0.00112386210822, 0.00117355049588, 0.00187285908032, 0.000953830895014, 0.000724022043869, 0.000526792253368, 0.000451224972494, 0.000433609762695, 0.000387599982787, 0.000295628997264, 0.000149045867147, 0.000116821800475, 7.91050188127e-05, 5.25398027094e-05, 4.47643069492e-05, 3.63955841749e-05, 3.58946272172e-05, 5.05059251736e-05, 7.90697304183e-05, 2.84125817416e-05, 1.48227421448e-08],
        "dmean2": [0.000769610982388, 0.00976688880473, 0.00469456985593, 0.00216581602581, 0.00221176142804, 0.00268650474027, 0.00181826355401, 0.00189849291928, 0.00299602956511, 0.00155303103384, 0.00112459075172, 0.000824597547762, 0.000706989085302, 0.000702128163539, 0.000611502560787, 0.000463488628156, 0.000233011320233, 0.000183817392099, 0.000122408382595, 7.88072138675e-05, 6.54880786897e-05, 5.0840262702e-05, 4.90644597448e-05, 6.9597394031e-05, 0.000102009500552, 3.80757410312e-05, 2.55390446569e-08],
        "dvar": [9.73827013695e-07, 0.00011924575665, 6.97936266079e-05, 1.43810430018e-05, 9.30308851821e-06, 1.17957488328e-05, 9.07559297048e-06, 1.00009019661e-05, 1.7148344341e-05, 9.97591632768e-06, 3.9976998778e-06, 2.93170091936e-06, 8.50097251259e-07, 1.31420358684e-06, 7.81872927291e-07, 5.35601884621e-07, 1.01581136391e-07, 5.19926430798e-08, 2.45582381098e-08, 1.32818733789e-08, 1.05225916869e-08, 8.36651281588e-09, 6.71745192804e-09, 1.26760317798e-08, 6.46803925974e-08, 1.2796735227e-08, 4.73917915545e-14],
        "dvar2": [2.26920042223e-06, 0.000299427716527, 0.000190049948287, 4.02931545977e-05, 2.6886629712e-05, 2.94311521429e-05, 2.26189768e-05, 2.51954606938e-05, 4.39693103544e-05, 2.54599090113e-05, 9.26153825276e-06, 6.629431482e-06, 2.04734442377e-06, 3.28008763972e-06, 1.76527953499e-06, 1.25184499211e-06, 2.16081005533e-07, 1.26238290932e-07, 5.50062004834e-08, 2.92382527078e-08, 2.27011689446e-08, 1.55218469189e-08, 1.20603704801e-08, 2.60061234769e-08, 1.15031326686e-07, 2.45592204351e-08, 1.23783443348e-13],
        "max": [0.0134640298784, 0.11065877974, 0.15928670764, 0.0440524071455, 0.0535957179964, 0.0538689270616, 0.0669300034642, 0.0663613453507, 0.0866114348173, 0.0876900479198, 0.0706686973572, 0.0773592367768, 0.0242636930197, 0.0301491264254, 0.0185687355697, 0.0160810295492, 0.00911909341812, 0.00408515473828, 0.0026943385601, 0.00215659756213, 0.00199486035854, 0.001983076334, 0.00160066131502, 0.00316304643638, 0.00596075644717, 0.00337713188492, 1.32782406581e-05],
        "mean": [0.000690744898748, 0.00869141239673, 0.00258639035746, 0.00111213326454, 0.00174139125738, 0.00274277967401, 0.00180512946099, 0.00194842647761, 0.00310858595185, 0.00159358757082, 0.00126854388509, 0.00111952982843, 0.000877642421983, 0.000839865999296, 0.000652018818073, 0.000499618239701, 0.000283617642708, 0.000227380063734, 0.000158052891493, 0.000112209068902, 9.6428229881e-05, 7.90863050497e-05, 8.15459279693e-05, 0.000105126840936, 0.000144698147778, 4.41236406914e-05, 1.13497682364e-08],
        "median": [0.000107107087388, 0.00285147875547, 0.000574566191062, 0.000256427098066, 0.000814263999928, 0.00104875233956, 0.00065788422944, 0.000481089839013, 0.000905327498913, 0.000284796667984, 0.000394361180952, 0.000251605320955, 0.000299135892419, 0.000196449211217, 0.000225825599045, 0.000155741901835, 0.000118018964713, 0.000108293250378, 7.77623354224e-05, 4.95648528158e-05, 3.31439368892e-05, 2.06385211641e-05, 2.20522560994e-05, 3.46343440469e-05, 2.66977258434e-05, 4.48941091236e-06, 6.08689043613e-10],
        "min": [5.66824959394e-25, 2.19103734065e-23, 1.38843148079e-23, 1.37006490565e-23, 6.91897719957e-23, 4.16648940887e-23, 4.2029398314e-23, 2.53279902161e-23, 5.03820721487e-23, 4.2648493197e-23, 4.89178390235e-23, 5.66717106331e-23, 6.56059137944e-23, 4.75135751043e-23, 9.65823421517e-23, 8.85916481874e-23, 1.49497004905e-22, 2.1156744607e-22, 1.54416455106e-22, 1.96405135575e-22, 4.84464043869e-22, 4.07157265501e-22, 5.10565520092e-22, 8.92276354223e-22, 9.80737423842e-22, 1.64695870583e-21, 2.47785991458e-21],
        "var": [1.88391504707e-06, 0.000199519767193, 5.2974683058e-05, 1.01475361589e-05, 8.89573311724e-06, 2.23884017032e-05, 1.53990786202e-05, 2.33365462918e-05, 2.97304995911e-05, 2.28821427299e-05, 8.72700093169e-06, 1.90593182197e-05, 2.83826716441e-06, 4.67813106297e-06, 1.87041439403e-06, 1.23632230498e-06, 2.95146975304e-07, 1.30525862119e-07, 5.89656359296e-08, 3.42792532138e-08, 3.19965423046e-08, 3.19031521201e-08, 2.71607163427e-08, 3.48763720126e-08, 1.7182490808e-07, 2.6797700059e-08, 3.96539998916e-14]
    },
    "erbbands": {
        "dmean": [0.247553899884, 1.12780570984, 2.50615262985, 3.9687693119, 3.95016503334, 4.16938734055, 7.3064789772, 17.2994804382, 14.7009134293, 19.3778610229, 25.4284191132, 46.8108253479, 32.2214889526, 27.1940593719, 26.3979530334, 17.4386692047, 19.3776283264, 16.5765972137, 23.7480354309, 16.1178035736, 13.5575628281, 8.1060333252, 6.1647901535, 5.2658867836, 2.5508108139, 2.38285255432, 2.05265545845, 1.79056656361, 1.3324290514, 1.18820905685, 1.0498033762, 0.966609477997, 0.927271366119, 0.778742730618, 0.664661109447, 0.221528410912, 0.0305925048888, 0.00125632039271, 3.9438764361e-05, 1.48370645547e-05],
        "dmean2": [0.399006217718, 1.86915361881, 4.26634788513, 6.9729809761, 7.08882379532, 7.16748762131, 11.9883680344, 27.8035488129, 23.9601364136, 31.3759346008, 40.3690757751, 74.7363204956, 52.429977417, 42.7539901733, 40.6516876221, 27.1329307556, 30.624546051, 26.1323947906, 37.5028076172, 25.3512420654, 20.8631439209, 12.5142183304, 9.59317588806, 8.2156419754, 3.7715857029, 3.5807967186, 3.08020782471, 2.62363696098, 1.90933966637, 1.63885188103, 1.45564579964, 1.34670388699, 1.2913248539, 1.04090416431, 0.876166045666, 0.290842831135, 0.0426515564322, 0.00186369160656, 5.47111121705e-05, 2.28612807405e-05],
        "dvar": [0.219451442361, 4.71237754822, 49.6985206604, 158.419219971, 152.98614502, 88.0148925781, 222.072906494, 1502.36657715, 1409.36645508, 2499.50341797, 4249.46191406, 11612.0947266, 7332.55029297, 6493.63476562, 4147.61425781, 3132.84716797, 1343.17114258, 1374.50341797, 3120.64794922, 1347.99707031, 1199.01184082, 284.660736084, 154.047714233, 105.489845276, 29.2918567657, 27.5363006592, 18.4444770813, 24.3741817474, 11.1319770813, 10.21459198, 5.50659751892, 4.37000083923, 4.72253465652, 4.99148082733, 5.73004484177, 0.65191078186, 0.0237838272005, 0.000119517564599, 4.33090647789e-08, 4.37086283833e-10],
        "dvar2": [0.528657913208, 12.0185461044, 131.795974731, 433.211334229, 446.590789795, 252.680419922, 560.761474609, 3711.76538086, 3500.59033203, 6206.56054688, 10592.6708984, 29720.6601562, 19413.4042969, 14987.0244141, 9340.20605469, 7213.58447266, 3290.34643555, 3173.24194336, 7793.01806641, 3074.16015625, 2675.44287109, 586.896728516, 369.772033691, 243.490234375, 60.1607894897, 61.9022636414, 40.3518600464, 53.165851593, 21.1613330841, 19.9672451019, 10.10567379, 8.99517059326, 9.90071392059, 9.66016197205, 10.0920982361, 1.21490740776, 0.047998894006, 0.000263149006059, 8.93328220286e-08, 9.82365855329e-10],
        "max": [5.2499961853, 25.3161067963, 146.240844727, 153.886642456, 225.673797607, 192.45324707, 268.014770508, 641.711791992, 764.433898926, 992.528259277, 1519.27453613, 2568.83789062, 2381.62866211, 3360.7421875, 1763.7767334, 2404.41943359, 1008.55926514, 1059.39013672, 1284.26208496, 1050.05444336, 1085.8548584, 479.959259033, 293.378112793, 259.654998779, 123.056938171, 106.077171326, 75.6947402954, 103.911361694, 82.3561630249, 74.9130477905, 42.5267601013, 60.3709869385, 49.9777069092, 52.0638160706, 71.1041412354, 18.7985191345, 6.65334320068, 0.510146558285, 0.00937886349857, 0.00046045097406],
        "mean": [0.342733681202, 1.58300244808, 2.89687609673, 3.68892812729, 4.21975326538, 5.89594936371, 12.081193924, 28.2445144653, 23.8960361481, 33.9077682495, 43.4279823303, 77.4627151489, 55.862991333, 47.2520523071, 53.1573143005, 40.265296936, 40.1687850952, 33.2281112671, 48.7694282532, 29.9575977325, 24.3949317932, 16.5643825531, 12.8126583099, 11.1488771439, 5.78139543533, 5.20304536819, 4.50234031677, 3.59263205528, 2.85299634933, 2.50478482246, 2.3548412323, 2.07899713516, 1.80201745033, 1.44427144527, 1.139498353, 0.360608994961, 0.0449523031712, 0.00157232803758, 7.18184164725e-05, 4.38278875663e-05],
        "median": [0.0839631557465, 0.567402601242, 0.895814538002, 0.947547733784, 1.36268985271, 2.75435304642, 5.32969760895, 10.4914751053, 10.4126977921, 11.9353151321, 14.7422008514, 23.1780948639, 17.1292057037, 14.8515481949, 17.1093883514, 11.4023761749, 14.8552532196, 13.1110401154, 15.1178436279, 11.3537416458, 8.49368667603, 7.24446964264, 6.25757455826, 5.66484880447, 2.83740592003, 2.27983784676, 1.76876175404, 1.09528398514, 0.776923239231, 0.601856589317, 0.662563681602, 0.714231193066, 0.548043608665, 0.342384636402, 0.159417927265, 0.0448804534972, 0.00381204136647, 0.000104242331872, 2.47608641075e-05, 3.45481494151e-05],
        "min": [2.74601370391e-22, 6.28982321672e-21, 2.43640071755e-20, 3.52824649126e-20, 6.15966957851e-20, 1.91647097978e-19, 1.52285721455e-19, 2.5020450601e-19, 6.38106201376e-19, 2.83176106173e-19, 7.85262821422e-19, 9.67249794014e-19, 1.168291389e-18, 1.68740760757e-18, 2.04194538651e-18, 2.75630642173e-18, 2.62534677356e-18, 3.27221959017e-18, 4.33280182705e-18, 5.11360366343e-18, 4.77875805634e-18, 8.20930435845e-18, 1.26565565494e-17, 1.04868436047e-17, 8.75061714156e-18, 9.52430563827e-18, 1.56988209633e-17, 1.82506152503e-17, 1.47196210977e-17, 1.43449182064e-17, 1.60724981506e-17, 1.80375318702e-17, 1.3910438281e-17, 1.06500289688e-17, 7.71182718471e-18, 5.76781501964e-18, 3.08492439279e-18, 1.38708376295e-18, 3.25196648646e-19, 3.42388279359e-20],
        "var": [0.367213398218, 6.99847412109, 44.7962799072, 114.826400757, 108.206001282, 101.870567322, 453.773925781, 2789.01196289, 2283.55322266, 4445.91796875, 8871.97558594, 19702.0839844, 15299.2255859, 13192.4794922, 12775.0966797, 20171.6308594, 4863.65966797, 3723.33178711, 11506.0195312, 3313.05615234, 2614.17626953, 841.547241211, 418.099151611, 303.008178711, 82.8401794434, 73.8824005127, 54.4608345032, 62.2153892517, 40.7175140381, 34.3002624512, 21.1831569672, 13.1325874329, 11.6464891434, 12.4708652496, 14.3393030167, 1.49005007744, 0.0413966439664, 0.000157677422976, 7.16300050385e-08, 1.30155020095e-09]
    },
    "gfcc": {
        "mean": [-8.6574306488, 106.595993042, -126.137756348, 18.9277610779, -65.0852813721, 25.7273750305, -43.5134735107, 21.522228241, -19.2498264313, 6.64258337021, -8.02307987213, -4.18319749832, -0.137470081449],
        "cov": [[5519.01074219, -518.684326172, 354.323608398, 741.044372559, 175.113342285, 457.211639404, -1.25636923313, 197.903778076, -40.444683075, 228.579696655, -49.3219413757, 193.268829346, -135.535644531], [-518.684326172, 1222.30883789, -53.7703094482, -16.9608478546, 230.476211548, -80.9331359863, 231.704528809, -81.3140792847, 125.198722839, -112.449577332, 190.651397705, -148.040649414, 126.467376709], [354.323608398, -53.7703094482, 1098.39318848, 249.430831909, 90.9693527222, 123.297515869, -122.152809143, 95.8319244385, -58.9206199646, 94.0462493896, -10.3477783203, 113.810523987, -57.2819519043], [741.044372559, -16.9608478546, 249.430831909, 526.188781738, 178.558425903, 84.6204910278, 2.86774230003, 34.5997657776, 66.8832168579, 16.8663883209, -15.1954975128, 66.4436721802, -14.7350740433], [175.113342285, 230.476211548, 90.9693527222, 178.558425903, 316.483093262, 109.340499878, 103.36341095, 39.1473884583, 57.3570556641, 13.6614198685, 9.09310626984, 2.8424346447, 11.1291599274], [457.211639404, -80.9331359863, 123.297515869, 84.6204910278, 109.340499878, 256.523284912, 96.1507797241, 26.9444980621, -9.84782600403, 48.364982605, -5.54398441315, 5.78751134872, -41.1457214355], [-1.25636923313, 231.704528809, -122.152809143, 2.86774230003, 103.36341095, 96.1507797241, 237.799285889, 15.5015916824, 44.5243492126, -13.987657547, 40.4609260559, -37.9620018005, 2.24092698097], [197.903778076, -81.3140792847, 95.8319244385, 34.5997657776, 39.1473884583, 26.9444980621, 15.5015916824, 161.011123657, 42.9436988831, 20.6153774261, -5.5107421875, 26.9219665527, -11.6759586334], [-40.444683075, 125.198722839, -58.9206199646, 66.8832168579, 57.3570556641, -9.84782600403, 44.5243492126, 42.9436988831, 152.790237427, 0.210065707564, 14.7741584778, -0.893664300442, 18.7367115021], [228.579696655, -112.449577332, 94.0462493896, 16.8663883209, 13.6614198685, 48.364982605, -13.987657547, 20.6153774261, 0.210065707564, 109.77545166, 13.6978588104, 29.7034702301, -18.087896347], [-49.3219413757, 190.651397705, -10.3477783203, -15.1954975128, 9.09310626984, -5.54398441315, 40.4609260559, -5.5107421875, 14.7741584778, 13.6978588104, 145.154678345, -16.593328476, 38.3598861694], [193.268829346, -148.040649414, 113.810523987, 66.4436721802, 2.8424346447, 5.78751134872, -37.9620018005, 26.9219665527, -0.893664300442, 29.7034702301, -16.593328476, 122.812385559, -1.99050033092], [-135.535644531, 126.467376709, -57.2819519043, -14.7350740433, 11.1291599274, -41.1457214355, 2.24092698097, -11.6759586334, 18.7367115021, -18.087896347, 38.3598861694, -1.99050033092, 111.147010803]],
        "icov": [[0.000323604181176, -0.000260775705101, 0.000259953434579, -0.000565011636354, 0.000372807873646, -0.000649466412142, 0.000319632468745, -0.00055483658798, 0.000489784113597, -0.000596412399318, 0.000178445101483, -0.000341886101523, 0.00016057920584], [-0.000260775705101, 0.00333414110355, -0.00132275174838, 0.00114265864249, -0.00254495139234, 0.00265607377514, -0.00262270029634, 0.00261179287918, -0.00222164113075, 0.00269329617731, -0.0027555655688, 0.00252711074427, -0.00126750790514], [0.000259953434579, -0.00132275174838, 0.00201081926934, -0.0011556254467, 0.00079877738608, -0.00179731787648, 0.00203785859048, -0.00193821371067, 0.00179001723882, -0.00162271445151, 0.000636011711322, -0.00161474233028, 0.000900901039131], [-0.000565011636354, 0.00114265864249, -0.0011556254467, 0.0041013895534, -0.00255934451707, 0.00106929778121, -0.000450320832897, 0.00196240027435, -0.00262837251648, 0.00227119284682, -0.000891829025932, -0.000131832508487, -5.55286023882e-05], [0.000372807873646, -0.00254495139234, 0.00079877738608, -0.00255934451707, 0.00728147057816, -0.00339127890766, 0.000285971735138, -0.00256436993368, 0.00108823890332, -0.00256827357225, 0.00255884183571, -0.00139898294583, -0.000346535147401], [-0.000649466412142, 0.00265607377514, -0.00179731787648, 0.00106929778121, -0.00339127890766, 0.00949518289417, -0.00529688317329, 0.00243284460157, -0.000653256545775, 5.5539116147e-05, -0.00128502515145, 0.00258311722428, 0.000227206212003], [0.000319632468745, -0.00262270029634, 0.00203785859048, -0.000450320832897, 0.000285971735138, -0.00529688317329, 0.00965851452202, -0.00267549580894, 0.000484452350065, -0.000339382095262, 3.51824451172e-06, -0.00138009281363, 0.00173641310539], [-0.00055483658798, 0.00261179287918, -0.00193821371067, 0.00196240027435, -0.00256436993368, 0.00243284460157, -0.00267549580894, 0.0101523110643, -0.00463472586125, 0.00211131293327, -0.00169355352409, 0.000868672970682, -0.000384346290957], [0.000489784113597, -0.00222164113075, 0.00179001723882, -0.00262837251648, 0.00108823890332, -0.000653256545775, 0.000484452350065, -0.00463472586125, 0.0108990659937, -0.00317660649307, 0.00157602876425, -0.00145489815623, -7.25045392755e-05], [-0.000596412399318, 0.00269329617731, -0.00162271445151, 0.00227119284682, -0.00256827357225, 5.5539116147e-05, -0.000339382095262, 0.00211131293327, -0.00317660649307, 0.0147626325488, -0.00456002587453, -0.000249358505243, 0.000686609651893], [0.000178445101483, -0.0027555655688, 0.000636011711322, -0.000891829025932, 0.00255884183571, -0.00128502515145, 3.51824451172e-06, -0.00169355352409, 0.00157602876425, -0.00456002587453, 0.0110005754977, -0.000770103186369, -0.002165525686], [-0.000341886101523, 0.00252711074427, -0.00161474233028, -0.000131832508487, -0.00139898294583, 0.00258311722428, -0.00138009281363, 0.000868672970682, -0.00145489815623, -0.000249358505243, -0.000770103186369, 0.0124975908548, -0.00223232991993], [0.00016057920584, -0.00126750790514, 0.000900901039131, -5.55286023882e-05, -0.000346535147401, 0.000227206212003, 0.00173641310539, -0.000384346290957, -7.25045392755e-05, 0.000686609651893, -0.002165525686, -0.00223232991993, 0.0119668524712]]
    },
    "melbands": {
        "dmean": [0.00185694196261, 0.00120099296328, 0.000664661929477, 0.000285904068733, 0.000236980558839, 0.000359265744919, 0.000226913078222, 0.000230182573432, 0.000215027786908, 0.000302991713397, 0.000164625074831, 0.000118572170322, 8.55168036651e-05, 6.86321363901e-05, 3.95810457121e-05, 4.8438392696e-05, 3.32599738613e-05, 4.44037250418e-05, 2.81454213109e-05, 2.35392872128e-05, 1.50209234562e-05, 1.01112991615e-05, 5.93491358813e-06, 5.494585821e-06, 4.74617900181e-06, 2.43815816248e-06, 1.65318670042e-06, 1.80857989562e-06, 1.54070039571e-06, 1.11422764348e-06, 1.10466999104e-06, 8.46898103646e-07, 6.90794877301e-07, 6.99807401361e-07, 6.57195300846e-07, 6.26817325156e-07, 6.29945077435e-07, 6.72806208968e-07, 6.42134807549e-07, 7.29764735752e-07],
        "dmean2": [0.00304784812033, 0.00200697570108, 0.00116211478598, 0.000505552627146, 0.000389790220652, 0.000578121980652, 0.000368093082216, 0.000373445829609, 0.000341534090694, 0.000483410374727, 0.000268517731456, 0.000187179539353, 0.000132200977532, 0.000106135586975, 6.33879899397e-05, 7.52999621909e-05, 5.28151322214e-05, 7.08859588485e-05, 4.42363270849e-05, 3.75423987862e-05, 2.35360766965e-05, 1.58556922543e-05, 9.37664481171e-06, 8.73798126122e-06, 7.50597610022e-06, 3.82485814043e-06, 2.4772875804e-06, 2.81472307506e-06, 2.3808761398e-06, 1.66825964243e-06, 1.67493783465e-06, 1.25617430058e-06, 1.00843794826e-06, 9.94364995677e-07, 9.43910492879e-07, 9.18534794891e-07, 9.03744592051e-07, 9.6335361377e-07, 9.02244437384e-07, 1.01980322142e-06],
        "dvar": [1.17752861115e-05, 7.84832445788e-06, 4.13215684603e-06, 5.97209748321e-07, 2.06017929827e-07, 6.04154308803e-07, 3.26622227931e-07, 3.444302763e-07, 3.05197147554e-07, 4.93848745009e-07, 2.08689101555e-07, 1.25979042309e-07, 4.57368010132e-08, 6.14549620082e-08, 1.10121014529e-08, 1.1007990075e-08, 6.43876330031e-09, 1.3162381407e-08, 4.72564520848e-09, 3.43054473717e-09, 1.61816560151e-09, 4.97054952753e-10, 1.33760669208e-10, 1.26478105766e-10, 9.30036811453e-11, 2.62856472699e-11, 1.23106759162e-11, 1.55261029727e-11, 1.13029915288e-11, 6.15532017717e-12, 1.00077888684e-11, 4.52458036315e-12, 3.34163165888e-12, 3.50418912637e-12, 2.24143338438e-12, 1.75789157536e-12, 2.0507788176e-12, 2.38534712815e-12, 2.56301750656e-12, 5.10526343422e-12],
        "dvar2": [2.88951850962e-05, 1.98924262804e-05, 1.12702500701e-05, 1.74336219061e-06, 5.28728719473e-07, 1.4997344806e-06, 8.1164915855e-07, 8.64761148023e-07, 7.70893848312e-07, 1.26551447011e-06, 5.49528067495e-07, 2.92064299856e-07, 1.04288474745e-07, 1.37034916747e-07, 2.73492890557e-08, 2.4945505217e-08, 1.49304995034e-08, 3.35810454999e-08, 1.05457020894e-08, 8.14430567431e-09, 3.68963481989e-09, 1.0896054059e-09, 3.13905568206e-10, 3.1655877919e-10, 2.17477397202e-10, 6.07824485188e-11, 2.51246159294e-11, 3.66703854782e-11, 2.5865108666e-11, 1.39407235755e-11, 2.23368667313e-11, 9.26001983426e-12, 6.92884681922e-12, 7.24021667273e-12, 4.44539110384e-12, 3.73390597955e-12, 4.51251883082e-12, 5.20041518529e-12, 5.26216960631e-12, 1.04971838513e-11],
        "max": [0.0371075198054, 0.0590017922223, 0.0232514627278, 0.0136429909617, 0.00779949035496, 0.0125498883426, 0.0113810133189, 0.00953644700348, 0.0157503988594, 0.0169190280139, 0.012873372063, 0.0126484138891, 0.00691806012765, 0.0118634467945, 0.00284097041003, 0.00329476594925, 0.00212011137046, 0.00292245228775, 0.00171516404953, 0.00157694506925, 0.00124461425003, 0.000495798536576, 0.000254559738096, 0.000258499581832, 0.000231752477703, 0.000110567780212, 7.69579419284e-05, 7.12790570105e-05, 6.01201318204e-05, 4.58587492176e-05, 7.18790470273e-05, 5.08803277626e-05, 4.15781178162e-05, 4.49186991318e-05, 2.90231237159e-05, 2.35205734498e-05, 4.92375584145e-05, 3.78040567739e-05, 3.52201313945e-05, 5.0457976613e-05],
        "mean": [0.00269513088278, 0.00172380357981, 0.000661780242808, 0.000357010692824, 0.000401683122618, 0.00059298297856, 0.000369425251847, 0.000403856975026, 0.000351688475348, 0.000496361055411, 0.000275405065622, 0.000195973218069, 0.000160413168487, 0.000157317219418, 7.53465646994e-05, 9.17001671041e-05, 5.81902204431e-05, 8.76384074218e-05, 4.72609208373e-05, 3.9094073145e-05, 2.47430562013e-05, 1.85704084288e-05, 1.14486947496e-05, 1.03859974843e-05, 9.22136860027e-06, 4.75799106425e-06, 3.36235189025e-06, 3.50999584953e-06, 3.00739384329e-06, 2.27212240134e-06, 2.01066200134e-06, 1.66750999142e-06, 1.38692212204e-06, 1.38443112974e-06, 1.3629253317e-06, 1.29055877096e-06, 1.25232224946e-06, 1.26033592096e-06, 1.16026569685e-06, 1.25083693092e-06],
        "median": [0.000795645755716, 0.000654571107589, 0.000193602434592, 0.000152574852109, 0.000195346103283, 0.000227082811762, 0.000151992193423, 0.000125632548588, 0.000107942993054, 0.00013418738672, 7.07078797859e-05, 5.17227927048e-05, 5.38254462299e-05, 3.44957697962e-05, 2.1785046556e-05, 2.99536859529e-05, 1.87714122148e-05, 2.20043439185e-05, 1.5897108824e-05, 1.19210571938e-05, 7.88236502558e-06, 7.45521538192e-06, 5.42724455954e-06, 4.86677936351e-06, 4.35406536781e-06, 2.22639869207e-06, 1.446537226e-06, 1.41956206789e-06, 1.17103547836e-06, 7.34643435862e-07, 5.5976687463e-07, 4.45431652452e-07, 3.15871290013e-07, 3.20021285916e-07, 3.59996192856e-07, 3.98523923195e-07, 4.31503252685e-07, 3.75588058432e-07, 3.20696045719e-07, 2.62063593937e-07],
        "min": [4.54372285152e-24, 1.49569952451e-23, 6.04572663684e-24, 7.24148515241e-24, 7.99116806964e-24, 6.2579310092e-24, 1.17523906014e-23, 3.01891112528e-24, 7.47475684411e-24, 5.84515914611e-24, 5.67066903034e-24, 6.78089372454e-24, 7.06492072688e-24, 5.30543431983e-24, 9.51974305682e-24, 6.53610624135e-24, 5.71125750163e-24, 6.4036142913e-24, 7.04179921375e-24, 6.75550502517e-24, 5.22497287408e-24, 5.94448896142e-24, 1.54454421403e-23, 8.88729591417e-24, 6.34907954806e-24, 6.05042627568e-24, 7.03346095398e-24, 5.36001402814e-24, 8.22491623332e-24, 8.0425505247e-24, 8.36336605536e-24, 7.05506154329e-24, 9.89098730971e-24, 6.37399848077e-24, 7.62170743126e-24, 7.70449207238e-24, 1.08488711302e-23, 9.09330378412e-24, 1.13821545128e-23, 7.7102121028e-24],
        "var": [2.02718547371e-05, 9.84515372693e-06, 3.10884661303e-06, 5.06063543071e-07, 4.0265135226e-07, 1.12125496798e-06, 5.58014789931e-07, 6.98532517163e-07, 5.49848891751e-07, 8.60918248691e-07, 4.44619729478e-07, 2.56790258391e-07, 1.1282896395e-07, 4.28739838298e-07, 3.33694742949e-08, 3.83826055383e-08, 1.58524695593e-08, 4.96984355891e-08, 1.25608465851e-08, 8.40385538936e-09, 3.19061221887e-09, 1.28946686662e-09, 3.33562788501e-10, 2.72264544243e-10, 2.38963626664e-10, 5.95182583774e-11, 3.43797490476e-11, 3.55854339051e-11, 2.57137297566e-11, 1.78575106091e-11, 2.29199818846e-11, 1.42042445514e-11, 1.04886654917e-11, 1.08326039111e-11, 7.74821873328e-12, 5.53387067073e-12, 4.99893312508e-12, 5.63759976202e-12, 5.96922554788e-12, 1.11204916803e-11]
    },
    "mfcc": {
        "mean": [-647.963012695, 134.854278564, -1.52503681183, 0.811673700809, 5.87367296219, -3.43704032898, 1.2876958847, 1.36260402203, 3.56254768372, 5.87212944031, 1.3896638155, 3.31444454193, -1.55665969849],
        "cov": [[4875.5859375, -832.302368164, 159.030410767, 374.832672119, 248.178771973, 368.828552246, 135.91116333, 197.66456604, 45.4748497009, 152.263244629, 51.1579780579, 101.925064087, 104.648040771], [-832.302368164, 1094.81054688, -57.4486045837, 20.6112499237, 4.8721909523, -21.7235126495, 130.764633179, -6.3771777153, 7.56414270401, 37.2343215942, 5.28784799576, 22.7865142822, 5.58172893524], [159.030410767, -57.4486045837, 813.322875977, 141.402038574, 212.019729614, 37.6940116882, 33.3088951111, -6.94006204605, -38.1045532227, -22.1373023987, 1.03393733501, 29.3042106628, 60.4758491516], [374.832672119, 20.6112499237, 141.402038574, 383.433898926, 180.503601074, 80.2070236206, -8.66543102264, 70.5918045044, 36.6825828552, 9.63674068451, -16.645690918, 45.9998168945, 57.2727127075], [248.178771973, 4.8721909523, 212.019729614, 180.503601074, 282.876220703, 66.4640960693, 29.1949748993, 44.8758354187, 42.6238174438, 23.7704677582, -4.57498979568, 30.7648983002, 54.015460968], [368.828552246, -21.7235126495, 37.6940116882, 80.2070236206, 66.4640960693, 277.471710205, 79.3214797974, 67.1895217896, 27.4895210266, 35.469909668, 48.300327301, -13.7429924011, 19.1793441772], [135.91116333, 130.764633179, 33.3088951111, -8.66543102264, 29.1949748993, 79.3214797974, 218.084732056, 25.6150035858, 3.13466620445, 42.6296806335, 21.9090690613, 11.8864049911, 9.50599193573], [197.66456604, -6.3771777153, -6.94006204605, 70.5918045044, 44.8758354187, 67.1895217896, 25.6150035858, 172.883850098, 55.8282165527, 36.3798675537, 39.515750885, 17.7347545624, 15.9084196091], [45.4748497009, 7.56414270401, -38.1045532227, 36.6825828552, 42.6238174438, 27.4895210266, 3.13466620445, 55.8282165527, 125.909660339, 26.5542354584, 20.7283325195, -0.434888005257, 5.33383798599], [152.263244629, 37.2343215942, -22.1373023987, 9.63674068451, 23.7704677582, 35.469909668, 42.6296806335, 36.3798675537, 26.5542354584, 116.520103455, 35.1132354736, 21.8268165588, 8.21497058868], [51.1579780579, 5.28784799576, 1.03393733501, -16.645690918, -4.57498979568, 48.300327301, 21.9090690613, 39.515750885, 20.7283325195, 35.1132354736, 103.132804871, 13.9473848343, 4.32363462448], [101.925064087, 22.7865142822, 29.3042106628, 45.9998168945, 30.7648983002, -13.7429924011, 11.8864049911, 17.7347545624, -0.434888005257, 21.8268165588, 13.9473848343, 88.303062439, 34.3560409546], [104.648040771, 5.58172893524, 60.4758491516, 57.2727127075, 54.015460968, 19.1793441772, 9.50599193573, 15.9084196091, 5.33383798599, 8.21497058868, 4.32363462448, 34.3560409546, 96.2795639038]],
