{
"lowlevel": {
    "average_loudness": 0.827880680561,
    "barkbands_crest": {
        "dmean": 2.93542480469,
        "dmean2": 4.79658651352,
        "dvar": 6.76444959641,
        "dvar2": 16.7879180908,
        "max": 26.2645435333,
        "mean": 11.1778564453,
        "median": 10.2896194458,
        "min": 1.98419356346,
        "var": 23.203496933
    },
    "barkbands_flatness_db": {
        "dmean": 0.0200197398663,
        "dmean2": 0.0313821695745,
        "dvar": 0.000330249138642,
        "dvar2": 0.000779222638812,
        "max": 0.399898856878,
        "mean": 0.147461175919,
        "median": 0.135681509972,
        "min": 0.0211798232049,
        "var": 0.00295529258437
    },
    "barkbands_kurtosis": {
        "dmean": 2.6014008522,
        "dmean2": 4.15950202942,
        "dvar": 32.5610961914,
        "dvar2": 84.9649887085,
        "max": 248.191146851,
        "mean": 4.24624681473,
        "median": 1.59107327461,
        "min": -1.94759392738,
        "var": 101.301841736
    },
    "barkbands_skewness": {
        "dmean": 0.48178628087,
        "dmean2": 0.751016795635,
        "dvar": 0.268988251686,
        "dvar2": 0.612108588219,
        "max": 13.4646339417,
        "mean": 1.32531130314,
        "median": 1.15386486053,
        "min": -7.78231096268,
        "var": 1.61007201672
    },
    "barkbands_spread": {
        "dmean": 5.07800483704,
        "dmean2": 7.78828001022,
        "dvar": 47.9874839783,
        "dvar2": 94.6042327881,
        "max": 119.345146179,
        "mean": 21.6883354187,
        "median": 19.2788276672,
        "min": 0.54505443573,
        "var": 220.043533325
    },
    "dissonance": {
        "dmean": 0.0217698179185,
        "dmean2": 0.0368406549096,
        "dvar": 0.000423001067247,
        "dvar2": 0.0011647293577,
        "max": 0.500000119209,
        "mean": 0.460307538509,
        "median": 0.46908724308,
        "min": 0.215277329087,
        "var": 0.00109735317528
    },
    "dynamic_complexity": 3.93559265137,
    "erbbands_crest": {
        "dmean": 2.94881081581,
        "dmean2": 4.80602121353,
        "dvar": 7.10849094391,
        "dvar2": 17.4773731232,
        "max": 32.4822502136,
        "mean": 10.4907360077,
        "median": 8.98165893555,
        "min": 2.54087686539,
        "var": 29.7427101135
    },
    "erbbands_flatness_db": {
        "dmean": 0.0158576779068,
        "dmean2": 0.0242887232453,
        "dvar": 0.00021162138728,
        "dvar2": 0.000452316249721,
        "max": 0.439153283834,
        "mean": 0.168149873614,
        "median": 0.153143495321,
        "min": 0.0577803440392,
        "var": 0.00325615517795
    },
    "erbbands_kurtosis": {
        "dmean": 1.45640277863,
        "dmean2": 2.31531190872,
        "dvar": 7.79146146774,
        "dvar2": 18.5603561401,
        "max": 89.1005630493,
        "mean": 2.23064017296,
        "median": 0.849109888077,
        "min": -1.800532341,
        "var": 30.0426921844
    },
    "erbbands_skewness": {
        "dmean": 0.377687752247,
        "dmean2": 0.581862747669,
        "dvar": 0.121941223741,
        "dvar2": 0.267344117165,
        "max": 4.91183710098,
        "mean": 0.69050681591,
        "median": 0.633318424225,
        "min": -5.56963586807,
        "var": 0.885157287121
    },
    "erbbands_spread": {
        "dmean": 6.23944997787,
        "dmean2": 9.60846710205,
        "dvar": 49.8403663635,
        "dvar2": 110.74520874,
        "max": 112.927574158,
        "mean": 30.133928299,
        "median": 27.7711029053,
        "min": 0.589366257191,
        "var": 258.882904053
    },
    "hfc": {
        "dmean": 6.18388175964,
        "dmean2": 9.05773258209,
        "dvar": 103.672325134,
        "dvar2": 196.170272827,
        "max": 237.986129761,
        "mean": 24.5035228729,
        "median": 17.3744716644,
        "min": 1.12292454837e-16,
        "var": 606.37097168
    },
    "melbands_crest": {
        "dmean": 3.53798270226,
        "dmean2": 5.74886035919,
        "dvar": 9.29851531982,
        "dvar2": 22.9309482574,
        "max": 34.4744224548,
        "mean": 14.809753418,
        "median": 13.8211946487,
        "min": 2.19492268562,
        "var": 35.2463378906
    },
    "melbands_flatness_db": {
        "dmean": 0.0239100921899,
        "dmean2": 0.0367424376309,
        "dvar": 0.000505756353959,
        "dvar2": 0.00112975214142,
        "max": 0.473561108112,
        "mean": 0.196840703487,
        "median": 0.187323510647,
        "min": 0.00668014446273,
        "var": 0.00428951671347
    },
    "melbands_kurtosis": {
        "dmean": 4.98854351044,
        "dmean2": 8.01933860779,
        "dvar": 93.371131897,
        "dvar2": 231.492248535,
        "max": 272.792114258,
        "mean": 9.32999229431,
        "median": 4.93142032623,
        "min": -1.81875813007,
        "var": 224.609069824
    },
    "melbands_skewness": {
        "dmean": 0.634177327156,
        "dmean2": 0.999146938324,
        "dvar": 0.433697193861,
        "dvar2": 1.00885081291,
        "max": 12.181303978,
        "mean": 2.03092455864,
        "median": 1.82041025162,
        "min": -5.19508838654,
        "var": 2.35746502876
    },
    "melbands_spread": {
        "dmean": 6.12279319763,
        "dmean2": 9.53791999817,
        "dvar": 84.5924606323,
        "dvar2": 169.164016724,
        "max": 251.022323608,
        "mean": 23.2749481201,
        "median": 20.9053287506,
        "min": 0.602264106274,
        "var": 306.408660889
    },
    "pitch_salience": {
        "dmean": 0.071396715939,
        "dmean2": 0.116407454014,
        "dvar": 0.00427691126242,
        "dvar2": 0.010915745981,
        "max": 0.950568437576,
        "mean": 0.526899516582,
        "median": 0.532996296883,
        "min": 0.107180580497,
        "var": 0.0147951385006
    },
    "silence_rate_20dB": {
        "dmean": 0,
        "dmean2": 0,
        "dvar": 0,
        "dvar2": 0,
        "max": 1,
        "mean": 1,
        "median": 1,
        "min": 1,
        "var": 0
    },
    "silence_rate_30dB": {
        "dmean": 0.00311041995883,
        "dmean2": 0.0062215840444,
        "dvar": 0.00310065969825,
        "dvar2": 0.00857544410974,
        "max": 1,
        "mean": 0.998086094856,
        "median": 1,
        "min": 0,
        "var": 0.00191030860879
    },
    "silence_rate_60dB": {
        "dmean": 0.0177054665983,
        "dmean2": 0.0354151725769,
        "dvar": 0.0173941794783,
        "dvar2": 0.0399011671543,
        "max": 1,
        "mean": 0.107655502856,
        "median": 0,
        "min": 0,
        "var": 0.09607090801
    },
    "spectral_centroid": {
        "dmean": 188.423477173,
        "dmean2": 282.01776123,
        "dvar": 64034.21875,
        "dvar2": 114819.585938,
        "max": 11242.5927734,
        "mean": 1209.5123291,
        "median": 1139.2097168,
        "min": 165.586273193,
        "var": 346884.53125
    },
    "spectral_complexity": {
        "dmean": 2.93838977814,
        "dmean2": 4.71464443207,
        "dvar": 8.82317638397,
        "dvar2": 19.7859420776,
        "max": 51,
        "mean": 19.1234455109,
        "median": 19,
        "min": 0,
        "var": 104.381896973
    },
    "spectral_decrease": {
        "dmean": 2.36400810039e-09,
        "dmean2": 3.8005398828e-09,
        "dvar": 8.49599192387e-18,
        "dvar2": 2.16909801863e-17,
        "max": 6.73199122226e-29,
        "mean": -7.40825401024e-09,
        "median": -6.5073679778e-09,
        "min": -4.17439309786e-08,
        "var": 3.28207499221e-17
    },
    "spectral_energy": {
        "dmean": 0.00924604572356,
        "dmean2": 0.0148448487744,
        "dvar": 0.000128149986267,
        "dvar2": 0.000325878761942,
        "max": 0.163359925151,
        "mean": 0.0301830451936,
        "median": 0.0265271626413,
        "min": 1.05111100595e-20,
        "var": 0.000533680489752
    },
    "spectral_energyband_high": {
        "dmean": 0.000369887304259,
        "dmean2": 0.000492092280183,
        "dvar": 9.70428459368e-07,
        "dvar2": 1.58914951953e-06,
        "max": 0.0250593889505,
        "mean": 0.00110189826228,
        "median": 0.00045128056081,
        "min": 7.62630151736e-21,
        "var": 3.92412493966e-06
    },
    "spectral_energyband_low": {
        "dmean": 0.0059336964041,
        "dmean2": 0.00965524092317,
        "dvar": 8.64540634211e-05,
        "dvar2": 0.000226372241741,
        "max": 0.113738901913,
        "mean": 0.0109298937023,
        "median": 0.00827381573617,
        "min": 4.960997296e-23,
        "var": 0.000156240115757
    },
    "spectral_energyband_middle_high": {
        "dmean": 0.00224617682397,
        "dmean2": 0.00355628365651,
        "dvar": 1.26956565509e-05,
        "dvar2": 3.17099875247e-05,
        "max": 0.0672624483705,
        "mean": 0.00706967664883,
        "median": 0.00419724918902,
        "min": 1.54921063552e-21,
        "var": 7.17919174349e-05
    },
    "spectral_energyband_middle_low": {
        "dmean": 0.00485437829047,
        "dmean2": 0.00771820964292,
        "dvar": 4.40162330051e-05,
        "dvar2": 0.000111850029498,
        "max": 0.086071677506,
        "mean": 0.0121878255159,
        "median": 0.00908567942679,
        "min": 2.27779282357e-22,
        "var": 0.000133633177029
    },
    "spectral_entropy": {
        "dmean": 0.135311573744,
        "dmean2": 0.200494706631,
        "dvar": 0.0208324287087,
        "dvar2": 0.0399228110909,
        "max": 9.8035068512,
        "mean": 7.61686706543,
        "median": 7.71840620041,
        "min": 4.95791769028,
        "var": 0.25786203146
    },
    "spectral_flux": {
        "dmean": 0.0201007016003,
        "dmean2": 0.0323475301266,
        "dvar": 0.000441063806647,
        "dvar2": 0.00103185430635,
        "max": 0.285716116428,
        "mean": 0.0853372439742,
        "median": 0.0838907510042,
        "min": 7.0059381907e-11,
        "var": 0.00222401507199
    },
    "spectral_kurtosis": {
        "dmean": 1.46846759319,
        "dmean2": 2.41634774208,
        "dvar": 5.08632326126,
        "dvar2": 14.8012752533,
        "max": 44.8596305847,
        "mean": 5.42584514618,
        "median": 3.94049072266,
        "min": -1.45109033585,
        "var": 25.7580776215
    },
    "spectral_rms": {
        "dmean": 0.000766818644479,
        "dmean2": 0.00121298443992,
        "dvar": 6.03664318533e-07,
        "dvar2": 1.49155835061e-06,
        "max": 0.0126244025305,
        "mean": 0.00493240915239,
        "median": 0.00508725456893,
        "min": 3.20230257242e-12,
        "var": 5.11825055582e-06
    },
    "spectral_rolloff": {
        "dmean": 417.391204834,
        "dmean2": 692.992431641,
        "dvar": 958277.375,
        "dvar2": 1913958.75,
        "max": 18992.2851562,
        "mean": 1429.78088379,
        "median": 1119.7265625,
        "min": 64.599609375,
        "var": 2513956.75
    },
    "spectral_skewness": {
        "dmean": 0.191017970443,
        "dmean2": 0.297940194607,
        "dvar": 0.043046452105,
        "dvar2": 0.105871990323,
        "max": 5.43591403961,
        "mean": 1.84664750099,
        "median": 1.75048780441,
        "min": -0.042596321553,
        "var": 0.399127364159
    },
    "spectral_spread": {
        "dmean": 486952.90625,
        "dmean2": 703297.875,
        "dvar": 703194595328,
        "dvar2": 1.61309170074e+12,
        "max": 42442900,
        "mean": 5061844,
        "median": 5004546.5,
        "min": 1221543,
        "var": 3.7056086016e+12
    },
    "spectral_strongpeak": {
        "dmean": 0.612583935261,
        "dmean2": 1.05351233482,
        "dvar": 0.902301430702,
        "dvar2": 2.29542613029,
        "max": 9.48745059967,
        "mean": 1.12569499016,
        "median": 0.430849909782,
        "min": 0,
        "var": 2.05793142319
    },
    "zerocrossingrate": {
        "dmean": 0.00992468558252,
        "dmean2": 0.0114090023562,
        "dvar": 0.000226397285587,
        "dvar2": 0.000218543034862,
        "max": 0.55322265625,
        "mean": 0.0628371238708,
        "median": 0.05615234375,
        "min": 0.00341796875,
        "var": 0.0016900683986
    },
    "barkbands": {
        "dmean": [0.000241872156039, 0.00520330434665, 0.00135699589737, 0.000718569150195, 0.00107381877024, 0.00157274433877, 0.00126753200311, 0.000970512337517, 0.00127180933487, 0.00120499893092, 0.000690969463903, 0.000594763259869, 0.000355798314558, 0.000504051626194, 0.000294401863357, 0.000185196448001, 0.000204453186598, 0.000112713525596, 8.07636679383e-05, 5.349823914e-05, 7.19745366951e-05, 6.99138327036e-05, 7.24628989701e-05, 9.08707006602e-05, 0.00011592044757, 2.99561015709e-05, 6.44486206625e-08],
        "dmean2": [0.00041136686923, 0.00851827766746, 0.00237416429445, 0.00124880077783, 0.00174481130671, 0.00250094640069, 0.00205137813464, 0.00155178201385, 0.00202399352565, 0.00195673084818, 0.00112382008228, 0.000979211530648, 0.000593620934524, 0.000826893025078, 0.000479955313494, 0.000302623026073, 0.000333171105012, 0.000184244301636, 0.00012811277702, 8.68327988428e-05, 0.000110535394924, 0.000107621483039, 0.000107841318822, 0.00012371003686, 0.000158273192937, 4.33923705714e-05, 1.15427617686e-07],
        "dvar": [1.88174297477e-07, 7.28561644792e-05, 8.79776962392e-06, 3.51667404175e-06, 4.12831923313e-06, 1.04670752989e-05, 9.17721445148e-06, 5.95390110902e-06, 8.50542892294e-06, 8.9181585281e-06, 3.24774805449e-06, 1.70963483015e-06, 6.23280811851e-07, 1.17648664855e-06, 4.1343673729e-07, 1.92180252157e-07, 1.60571289598e-07, 5.39888205253e-08, 2.90433863626e-08, 1.69693095131e-08, 2.22929887883e-08, 1.95448546236e-08, 4.23900772262e-08, 1.15609829265e-07, 1.75222538701e-07, 8.95282159519e-09, 1.54511614007e-12],
        "dvar2": [5.13452278028e-07, 0.000191818820895, 2.49307850027e-05, 9.51548918238e-06, 1.00904808278e-05, 2.45874743996e-05, 2.27975669986e-05, 1.47258106153e-05, 2.02522733161e-05, 2.30113564612e-05, 7.86316377344e-06, 4.33261038779e-06, 1.60451588727e-06, 3.09878601001e-06, 1.04279956759e-06, 4.92324829793e-07, 4.05944689419e-07, 1.35129141654e-07, 6.88430077389e-08, 4.54547404161e-08, 5.16859302024e-08, 4.47653611957e-08, 8.79941595144e-08, 1.97984476813e-07, 3.11708504341e-07, 1.77536563228e-08, 4.40438310823e-12],
        "max": [0.00478171790019, 0.107168883085, 0.0507678389549, 0.0268537998199, 0.0319544821978, 0.0632128864527, 0.0664115250111, 0.0502306744456, 0.0574464611709, 0.0663470625877, 0.0520584136248, 0.0318986549973, 0.0209479611367, 0.0286714639515, 0.0217557307333, 0.0137419672683, 0.0065672849305, 0.00420525763184, 0.00430867448449, 0.0039561833255, 0.00344007275999, 0.00408061034977, 0.00948269478977, 0.0109893120825, 0.013421157375, 0.00280277943239, 5.72316712351e-05],
        "mean": [0.000315786426654, 0.00842752214521, 0.00174212921411, 0.000808570941444, 0.00173416279722, 0.0025671639014, 0.00183380756062, 0.00166236702353, 0.00236364710145, 0.00209917011671, 0.00145612377673, 0.000981589197181, 0.000577576109208, 0.000835697865114, 0.000511045625899, 0.000337195320753, 0.000381069781724, 0.000220096786506, 0.000170387371327, 0.000114998983918, 0.000173367210664, 0.000175581371877, 0.000178053596755, 0.000207435703487, 0.00024992460385, 5.85262059758e-05, 4.22087609309e-08],
        "median": [9.09861919354e-05, 0.0053039258346, 0.000704938254785, 0.00021226987883, 0.000820000015665, 0.000882302818354, 0.000444154837169, 0.000497578759678, 0.000611067691352, 0.000444717268692, 0.00031640852103, 0.00045468006283, 0.000245297560468, 0.000353803450707, 0.000220627174713, 0.000151342945173, 0.000179064023541, 8.9399254648e-05, 7.11400207365e-05, 5.0497277698e-05, 5.49391843379e-05, 6.19155252934e-05, 6.24211606919e-05, 6.51578884572e-05, 8.59673455125e-05, 2.1508341888e-05, 6.05545891208e-10],
        "min": [1.5119713584e-23, 1.84919614252e-23, 6.35991968019e-24, 4.40917749654e-24, 6.51166062519e-24, 1.27129526047e-23, 1.08615504915e-23, 5.10656169676e-23, 8.38895323213e-23, 3.85278751031e-23, 5.8946438385e-23, 4.52233383471e-23, 1.20934888504e-22, 9.16356730941e-23, 1.00730349496e-22, 2.50234479393e-22, 1.44524215085e-22, 2.01008599652e-22, 1.27016046828e-22, 2.52646904393e-22, 4.28190215744e-22, 4.92955973742e-22, 4.30310825319e-22, 6.2377793996e-22, 1.25056571875e-21, 1.57801019275e-21, 2.1521179665e-21],
        "var": [2.89632282602e-07, 0.000116345814604, 8.80997686181e-06, 3.84449822377e-06, 8.2771621237e-06, 2.03659838007e-05, 1.75366494659e-05, 1.50712821778e-05, 2.49961831287e-05, 2.37471995206e-05, 1.82726489584e-05, 3.09099186779e-06, 1.29326554088e-06, 2.5375545647e-06, 8.30174030853e-07, 3.6522627056e-07, 3.50764025825e-07, 1.29339724708e-07, 8.9591651431e-08, 3.60303467062e-08, 8.58357580569e-08, 7.30507281332e-08, 1.18792911508e-07, 3.37219745461e-07, 5.08513153363e-07, 2.11089208335e-08, 9.19189095498e-13]
    },
    "erbbands": {
        "dmean": [0.179542735219, 1.09427535534, 1.49867451191, 2.02080082893, 2.64303016663, 3.81460642815, 6.88695907593, 15.2440671921, 18.266664505, 20.8579788208, 20.5149650574, 25.844619751, 44.6585884094, 24.8673152924, 20.6602954865, 24.8386993408, 14.8338527679, 26.0856380463, 13.320019722, 14.266535759, 9.51441383362, 10.6911649704, 6.81255483627, 4.12968826294, 3.92396950722, 2.36808633804, 2.49969005585, 3.25726318359, 2.59769535065, 2.26373147964, 2.20483636856, 1.71602225304, 1.73648107052, 1.41267299652, 0.813408851624, 0.240859866142, 0.0349022336304, 0.00149804423563, 4.56935922557e-05, 1.30391190396e-05],
        "dmean2": [0.286593616009, 1.83256494999, 2.59190821648, 3.49620509148, 4.51228952408, 6.17954444885, 11.0447063446, 24.2078266144, 29.8442382812, 33.0244789124, 32.2213630676, 40.8443565369, 72.4553222656, 39.553478241, 33.8448143005, 40.8312988281, 24.510843277, 42.4246177673, 21.7888069153, 23.1057491302, 15.3347291946, 17.046962738, 10.9665870667, 6.75089073181, 6.20862483978, 3.83827590942, 3.93766689301, 5.00114011765, 4.03494167328, 3.43433308601, 3.28215169907, 2.33292388916, 2.40167689323, 1.98365664482, 1.13470053673, 0.340807944536, 0.0523673929274, 0.00231127603911, 6.62927923258e-05, 1.98973957595e-05],
        "dvar": [0.0907060280442, 3.35786533356, 9.1565284729, 22.1016197205, 44.2083396912, 58.6792106628, 192.189743042, 1233.72033691, 1971.2442627, 3049.44262695, 2221.4519043, 3855.36401367, 11116.8427734, 3717.79663086, 2330.36254883, 3093.90112305, 889.266174316, 2825.05981445, 960.04119873, 1143.81213379, 383.705749512, 451.721282959, 191.840896606, 64.3472213745, 102.638137817, 27.0350036621, 26.8872528076, 49.4062004089, 29.8994903564, 23.4979934692, 44.4908332825, 30.2505111694, 49.3579978943, 29.5443229675, 8.66840744019, 0.549004673958, 0.0159183759242, 8.17866530269e-05, 4.11125142818e-08, 3.6405251036e-10],
        "dvar2": [0.21978443861, 9.16646575928, 25.394109726, 60.2548789978, 115.315208435, 143.39642334, 470.349060059, 2837.93554688, 5133.49462891, 7548.71435547, 5308.60839844, 9134.6015625, 28494.2167969, 8727.82714844, 6244.16699219, 7811.46289062, 2269.71508789, 7405.42089844, 2399.05419922, 2946.77441406, 937.701171875, 1086.4473877, 478.919128418, 166.855239868, 237.27494812, 68.8962783813, 65.5818328857, 113.915748596, 71.3183517456, 51.9289245605, 91.1973419189, 45.9313774109, 96.0675506592, 57.0394897461, 16.0152454376, 1.01211190224, 0.0348185375333, 0.000198161389562, 9.13554458748e-08, 7.63047069974e-10],
        "max": [3.54287457466, 26.3203620911, 51.6376914978, 72.4006958008, 125.738983154, 133.89805603, 287.132324219, 747.533569336, 825.016723633, 1019.41131592, 1204.24511719, 1441.34228516, 2449.97119141, 1816.15039062, 1153.74743652, 1609.40490723, 643.563781738, 1396.9901123, 1469.31542969, 866.539978027, 363.849517822, 416.842254639, 261.433624268, 219.81237793, 282.804412842, 107.616600037, 96.3551864624, 173.616210938, 203.285263062, 170.945388794, 279.785797119, 186.089797974, 256.852630615, 191.520782471, 84.8425750732, 25.900642395, 3.32974386215, 0.275701612234, 0.00814603734761, 0.000446935504442],
        "mean": [0.297435939312, 1.66942703724, 2.12985348701, 2.62917041779, 3.32892489433, 6.1129450798, 11.9858131409, 23.4990005493, 27.1923885345, 33.6190490723, 38.0285987854, 49.6303024292, 80.4937286377, 55.1057395935, 40.8019752502, 42.3905830383, 27.7517948151, 44.6284751892, 26.6334953308, 26.5673160553, 19.2131328583, 21.2592277527, 13.9632320404, 8.92098045349, 8.12075233459, 5.31110858917, 5.80558490753, 7.65011024475, 6.25676774979, 5.59821939468, 5.14413928986, 4.06477689743, 3.68192601204, 2.91863799095, 1.67158329487, 0.504506111145, 0.060439247638, 0.001996219391, 9.33697447181e-05, 4.48720275017e-05],
        "median": [0.160791352391, 1.02876532078, 1.18226003647, 1.00612235069, 1.1830343008, 2.75461292267, 5.54650306702, 6.90179538727, 7.55198287964, 9.88055515289, 13.1518688202, 14.4960794449, 18.9909667969, 14.5166530609, 13.6786403656, 20.5583686829, 13.7784957886, 20.7954978943, 13.9581098557, 10.5981464386, 9.48403167725, 10.034236908, 6.10315704346, 4.52226734161, 3.12784790993, 2.3328640461, 2.0592007637, 2.31675457954, 2.165391922, 2.00985383987, 1.72889792919, 1.23721039295, 1.1630988121, 0.935204327106, 0.592038393021, 0.196917057037, 0.0190085750073, 0.00046393161756, 4.15772738052e-05, 3.73258226318e-05],
        "min": [5.34661699271e-22, 4.13286899013e-21, 8.8753579748e-21, 7.26873250274e-21, 2.08453763358e-20, 2.56660847793e-20, 5.69582417261e-20, 1.4321646152e-19, 2.50086012388e-19, 2.95699284605e-19, 1.35370030439e-18, 1.91897609627e-18, 1.32991700062e-18, 1.33861728631e-18, 2.8062565502e-18, 1.98384711542e-18, 5.13476252991e-18, 4.82070273084e-18, 5.74300125562e-18, 9.79298713611e-18, 1.09733978585e-17, 7.97301525339e-18, 1.22211468729e-17, 5.73884591381e-18, 8.87592011512e-18, 1.37455166648e-17, 1.53608035321e-17, 1.65389171739e-17, 1.6733374101e-17, 1.35602124911e-17, 1.44143236229e-17, 1.46853113003e-17, 9.92876469776e-18, 1.20851459725e-17, 9.37803115464e-18, 5.48902661548e-18, 3.21015064534e-18, 1.24659302957e-18, 2.75410120992e-19, 3.21867608572e-20],
        "var": [0.168848603964, 4.67907476425, 9.95438957214, 24.8556079865, 58.3053588867, 110.726547241, 435.261932373, 2190.72021484, 3526.06933594, 5991.63085938, 6291.05419922, 10898.6669922, 30304.5644531, 19660.9882812, 6532.06152344, 5911.12402344, 2098.21191406, 5853.19726562, 2680.36352539, 2359.40820312, 878.84375, 1148.21105957, 494.981323242, 159.968292236, 288.016021729, 68.1789474487, 90.5362625122, 174.264312744, 98.126335144, 78.7604827881, 117.026092529, 104.627708435, 120.643943787, 76.5820465088, 22.8564491272, 1.51946568489, 0.0288733225316, 9.41788093769e-05, 6.6314612468e-08, 1.64890179288e-09]
    },
    "gfcc": {
        "mean": [-5.65661811829, 90.0989379883, -123.964492798, 18.1872997284, -67.2778549194, 31.6528816223, -45.6236419678, 17.5107345581, -21.8508014679, 8.97846221924, -13.7424449921, 2.84910035133, -4.43300580978],
        "cov": [[9056.40527344, -1203.51916504, 1171.46337891, 1177.0098877, 5.30301856995, 876.414367676, 467.820587158, 911.703063965, 273.571929932, 600.15411377, -61.2825775146, 562.128173828, -94.7551040649], [-1203.51916504, 1184.26574707, 110.570304871, -94.6226882935, 239.445968628, -165.047515869, 27.9496097565, -188.223114014, 25.0486946106, -96.097328186, 114.427627563, -130.405807495, 36.6902732849], [1171.46337891, 110.570304871, 942.091491699, 423.65612793, 153.46987915, 206.364715576, 21.8368453979, 115.377243042, 3.3971350193, 136.662231445, 20.2281570435, 97.7996673584, -7.69366931915], [1177.0098877, -94.6226882935, 423.65612793, 575.293518066, 180.602127075, 219.739700317, 132.26600647, 151.246002197, 74.2840118408, 116.723907471, 14.6985702515, 80.8707733154, 20.6933307648], [5.30301856995, 239.445968628, 153.46987915, 180.602127075, 296.784973145, 113.628868103, 98.4706497192, 53.2109184265, 30.1335277557, 21.2444515228, 24.0411109924, -16.8524742126, 7.86880731583], [876.414367676, -165.047515869, 206.364715576, 219.739700317, 113.628868103, 295.932922363, 167.469268799, 164.564605713, 29.4771366119, 74.0945968628, 1.3218370676, 50.6242408752, -11.1350460052], [467.820587158, 27.9496097565, 21.8368453979, 132.26600647, 98.4706497192, 167.469268799, 280.796295166, 155.993927002, 52.2322120667, 38.6855125427, 11.7388000488, 22.9116458893, 1.70520985126], [911.703063965, -188.223114014, 115.377243042, 151.246002197, 53.2109184265, 164.564605713, 155.993927002, 262.246917725, 77.4080352783, 83.4359436035, -7.20296621323, 65.0146179199, -17.8056163788], [273.571929932, 25.0486946106, 3.3971350193, 74.2840118408, 30.1335277557, 29.4771366119, 52.2322120667, 77.4080352783, 132.317703247, 59.6969718933, 12.6764059067, 29.3656005859, 9.56683444977], [600.15411377, -96.097328186, 136.662231445, 116.723907471, 21.2444515228, 74.0945968628, 38.6855125427, 83.4359436035, 59.6969718933, 129.608825684, 30.8380889893, 61.5404205322, 0.466826766729], [-61.2825775146, 114.427627563, 20.2281570435, 14.6985702515, 24.0411109924, 1.3218370676, 11.7388000488, -7.20296621323, 12.6764059067, 30.8380889893, 113.476341248, 8.49646854401, 15.6587371826], [562.128173828, -130.405807495, 97.7996673584, 80.8707733154, -16.8524742126, 50.6242408752, 22.9116458893, 65.0146179199, 29.3656005859, 61.5404205322, 8.49646854401, 132.250717163, 26.0945549011], [-94.7551040649, 36.6902732849, -7.69366931915, 20.6933307648, 7.86880731583, -11.1350460052, 1.70520985126, -17.8056163788, 9.56683444977, 0.466826766729, 15.6587371826, 26.0945549011, 77.7307281494]],
        "icov": [[0.000308970775222, -0.000158925176947, 5.64360088902e-05, -0.000412674038671, 0.000508392113261, -0.000459315895569, 0.000181001028977, -0.000567294016946, 0.000231306708883, -0.000635306292679, 0.000347835739376, -0.000635022879578, 0.000434376939666], [-0.000158925176947, 0.00303950440139, -0.00171573227271, 0.00155838846695, -0.00274112145416, 0.00264116283506, -0.0024783234112, 0.00244023883715, -0.00273425225168, 0.00264437892474, -0.00252639153041, 0.00152004498523, -0.000624643929768], [5.64360088902e-05, -0.00171573227271, 0.00295882020146, -0.00198995112441, 0.0010146391578, -0.00195836601779, 0.00233183568344, -0.00149947439786, 0.00267730420455, -0.0025624150876, 0.00135123287328, -0.0013346071355, 0.000785089912824], [-0.000412674038671, 0.00155838846695, -0.00198995112441, 0.00492688966915, -0.0028453329578, 0.000626168679446, -0.0017081820406, 0.00176842079964, -0.00252245296724, 0.00114538474008, -0.00105711293872, 0.00101432052907, -0.00175091670826], [0.000508392113261, -0.00274112145416, 0.0010146391578, -0.0028453329578, 0.00804899167269, -0.00382532714866, 0.00135123846121, -0.0023289360106, 0.00164248340297, -0.00204110168852, 0.00160511920694, -6.1086480855e-05, 0.000352844683221], [-0.000459315895569, 0.00264116283506, -0.00195836601779, 0.000626168679446, -0.00382532714866, 0.0107384426519, -0.00502945110202, 0.000292503711535, -0.000261360954028, 0.00130477908533, -0.00182824535295, 0.0013440157054, -0.000122807789012], [0.000181001028977, -0.0024783234112, 0.00233183568344, -0.0017081820406, 0.00135123846121, -0.00502945110202, 0.00931739527732, -0.00503524811938, 0.00168137764558, -0.0011472577462, 0.00111548381392, -0.000786369026173, -0.000299844599795], [-0.000567294016946, 0.00244023883715, -0.00149947439786, 0.00176842079964, -0.0023289360106, 0.000292503711535, -0.00503524811938, 0.0116873029619, -0.00519758369774, 0.00128048670013, -0.000936838274356, -0.00010644095164, 0.00145919981878], [0.000231306708883, -0.00273425225168, 0.00267730420455, -0.00252245296724, 0.00164248340297, -0.000261360954028, 0.00168137764558, -0.00519758369774, 0.0145362084731, -0.0076361913234, 0.00253143743612, -0.00123002636246, -0.000762331474107], [-0.000635306292679, 0.00264437892474, -0.0025624150876, 0.00114538474008, -0.00204110168852, 0.00130477908533, -0.0011472577462, 0.00128048670013, -0.0076361913234, 0.019250113517, -0.0064489627257, -0.00169837195426, 0.000824343995191], [0.000347835739376, -0.00252639153041, 0.00135123287328, -0.00105711293872, 0.00160511920694, -0.00182824535295, 0.00111548381392, -0.000936838274356, 0.00253143743612, -0.0064489627257, 0.0126586211845, -0.00132601684891, -0.00100951385684], [-0.000635022879578, 0.00152004498523, -0.0013346071355, 0.00101432052907, -6.1086480855e-05, 0.0013440157054, -0.000786369026173, -0.00010644095164, -0.00123002636246, -0.00169837195426, -0.00132601684891, 0.0141280731186, -0.0060162814334], [0.000434376939666, -0.000624643929768, 0.000785089912824, -0.00175091670826, 0.000352844683221, -0.000122807789012, -0.000299844599795, 0.00145919981878, -0.000762331474107, 0.000824343995191, -0.00100951385684, -0.0060162814334, 0.0168325677514]]
    },
    "melbands": {
        "dmean": [0.00153014005627, 0.000918829231523, 0.000356792879757, 0.000213592516957, 0.00022508323309, 0.000338106532581, 0.00027126679197, 0.000226267482503, 0.000185205222806, 0.000170000726939, 0.00022620591335, 0.000101800113043, 7.72187195253e-05, 6.48492059554e-05, 5.38041858817e-05, 3.53085815732e-05, 5.54408543394e-05, 2.35060815612e-05, 2.36940195464e-05, 1.63065724337e-05, 1.1889873349e-05, 1.30814587465e-05, 7.91384900367e-06, 4.99277211929e-06, 3.66115477846e-06, 3.22429877997e-06, 2.42730106947e-06, 1.63618483384e-06, 1.6357628283e-06, 1.9403519218e-06, 2.10220719055e-06, 1.65944868513e-06, 1.43793113239e-06, 1.32751085857e-06, 1.44423518122e-06, 1.21109826523e-06, 1.13839894311e-06, 1.28587589643e-06, 1.30873331727e-06, 1.25700660192e-06],
        "dmean2": [0.00247616949491, 0.00155628938228, 0.000615896424279, 0.000353436858859, 0.000361875223462, 0.000538153864909, 0.00044040553621, 0.000359973288141, 0.000291327451123, 0.000269464857411, 0.000367715663742, 0.000162894051755, 0.000125775855849, 0.000107104999188, 8.82033127709e-05, 5.80442138016e-05, 9.03387990547e-05, 3.83157712349e-05, 3.86134379369e-05, 2.69623142231e-05, 1.93344912987e-05, 2.10955531657e-05, 1.2708182112e-05, 8.1441266957e-06, 6.07151378063e-06, 5.13540544489e-06, 3.96926452595e-06, 2.67266455012e-06, 2.63410356638e-06, 3.086579909e-06, 3.26741906065e-06, 2.64105187853e-06, 2.23616461881e-06, 2.02887849809e-06, 2.24278664973e-06, 1.76268281393e-06, 1.60170384333e-06, 1.84195334896e-06, 1.87314617506e-06, 1.8146192815e-06],
        "dvar": [6.30225213172e-06, 2.51717551691e-06, 6.99019494732e-07, 1.99707685056e-07, 1.85739835956e-07, 5.47990225641e-07, 3.89497046172e-07, 3.5559341427e-07, 1.92057598269e-07, 1.6719994278e-07, 2.86445612119e-07, 6.33606020983e-08, 3.4259347359e-08, 2.11276347528e-08, 1.57362478603e-08, 5.88760418196e-09, 1.3502908125e-08, 3.57318463706e-09, 2.50086795717e-09, 1.82822257333e-09, 6.12255024457e-10, 7.16248060861e-10, 2.36187347458e-10, 1.18048459896e-10, 5.14281915664e-11, 6.19845424987e-11, 5.56435869603e-11, 1.24209175931e-11, 1.25714326102e-11, 1.66919620487e-11, 2.09426070236e-11, 1.20538639833e-11, 8.98978808062e-12, 9.50178390829e-12, 2.25371509649e-11, 1.27558606039e-11, 1.50004782901e-11, 3.02305853961e-11, 2.0738752729e-11, 2.55302966268e-11],
        "dvar2": [1.61054449563e-05, 6.80938728692e-06, 1.89230127035e-06, 5.09676510774e-07, 4.4123461862e-07, 1.28121268972e-06, 1.001197802e-06, 8.92744139946e-07, 4.64909874154e-07, 3.94533969938e-07, 7.36849756322e-07, 1.52655431407e-07, 8.72076242331e-08, 5.40503251045e-08, 4.04429130185e-08, 1.49490642087e-08, 3.56833247395e-08, 9.00390872971e-09, 6.32643670784e-09, 4.95566077063e-09, 1.53701851247e-09, 1.76652292794e-09, 5.839496664e-10, 2.97449509468e-10, 1.36561359443e-10, 1.44408249247e-10, 1.45292070042e-10, 3.15678108653e-11, 3.19566734186e-11, 4.08655297102e-11, 4.94902140102e-11, 3.00935665276e-11, 2.03247540326e-11, 2.1428843075e-11, 5.1495387815e-11, 2.41050322064e-11, 2.55941604715e-11, 6.31842009269e-11, 3.94786980884e-11, 5.28428169277e-11],
        "max": [0.0275657661259, 0.0194695964456, 0.0104554668069, 0.00782406888902, 0.00781744718552, 0.0147433057427, 0.0111022191122, 0.0117544652894, 0.0131973130628, 0.00963309500366, 0.0124168815091, 0.00683789001778, 0.00423071393743, 0.0031752998475, 0.00303339562379, 0.00253935111687, 0.00295385392383, 0.00280652986839, 0.00105783808976, 0.00138736178633, 0.000419018761022, 0.000483808165882, 0.000286209833575, 0.000275820901152, 0.000190362188732, 0.000218972287257, 0.000254709128058, 6.78415017319e-05, 6.49326830171e-05, 8.25601673569e-05, 0.000121061340906, 0.000120740682178, 8.95923876669e-05, 0.000143919736729, 0.000242282185354, 0.000168916507391, 0.000129627878778, 0.000204211770324, 0.000130298474687, 0.000178180373041],
        "mean": [0.0025115411263, 0.0015034598764, 0.000474941480206, 0.000320226303302, 0.000403705169447, 0.000536319450475, 0.000406778824981, 0.000368857115973, 0.000335777702276, 0.000320168648614, 0.000400859105866, 0.000214200350456, 0.000158751849085, 0.000108451320557, 8.90507435543e-05, 5.71352939005e-05, 8.90058581717e-05, 4.27584091085e-05, 4.02133191528e-05, 2.83966874122e-05, 2.14863139263e-05, 2.3507998776e-05, 1.55835241458e-05, 9.46970521909e-06, 6.96394727129e-06, 6.13798101767e-06, 4.68980715596e-06, 3.25438327309e-06, 3.3624619391e-06, 4.155507213e-06, 4.54694645668e-06, 3.5911609757e-06, 3.20886033478e-06, 3.03512251776e-06, 3.02602575175e-06, 2.63054675997e-06, 2.4237724574e-06, 2.54118276644e-06, 2.56768112195e-06, 2.43230283559e-06],
        "median": [0.00151006761007, 0.00104172714055, 0.000196256587515, 0.000144193676533, 0.000195796048502, 0.000161138072144, 0.000109561908175, 9.93125067907e-05, 9.6106879937e-05, 8.85689078132e-05, 8.17534455564e-05, 5.11567341164e-05, 4.02277582907e-05, 5.38278400199e-05, 3.73587281501e-05, 2.40137815126e-05, 3.79116354452e-05, 1.99814658117e-05, 1.63135300681e-05, 1.14351951197e-05, 9.83524660114e-06, 1.05235576484e-05, 6.80472385284e-06, 3.86606097891e-06, 3.32978743245e-06, 2.2021681616e-06, 1.8475611796e-06, 1.36829498842e-06, 1.17698073154e-06, 1.29410364025e-06, 1.34298386456e-06, 1.20583649732e-06, 1.10793018848e-06, 1.07439677777e-06, 9.99434632831e-07, 7.40790483178e-07, 7.03315208739e-07, 7.63493972045e-07, 8.07608671494e-07, 7.47714238969e-07],
        "min": [7.02251314234e-24, 5.03851928824e-24, 2.11485424258e-24, 1.45948142151e-24, 1.81035945519e-24, 3.58966895072e-24, 3.51279287778e-24, 4.31673443693e-24, 1.17264457551e-23, 1.14873980239e-23, 6.43391364981e-24, 5.12753948038e-24, 8.49351311636e-24, 6.15665034087e-24, 6.65694789911e-24, 1.23088672835e-23, 8.89853087118e-24, 9.16946988224e-24, 7.5988407202e-24, 1.92378925199e-23, 1.00101692041e-23, 6.7225756044e-24, 1.01710865736e-23, 6.0989613373e-24, 4.03148627791e-24, 5.14127828191e-24, 6.80034703447e-24, 9.43172669018e-24, 8.45233221052e-24, 1.11667647201e-23, 8.85989009746e-24, 8.9613612757e-24, 1.07405960267e-23, 6.1252142338e-24, 7.92639548957e-24, 1.00383118169e-23, 8.7141827551e-24, 6.86394657837e-24, 7.30060081093e-24, 1.02860054637e-23],
        "var": [1.07480318547e-05, 3.49297010871e-06, 7.68152062847e-07, 3.4109817193e-07, 4.46252329311e-07, 1.01687828646e-06, 7.1582661576e-07, 7.40506436614e-07, 5.52157018774e-07, 4.79497600736e-07, 7.80084860708e-07, 3.03248214095e-07, 1.57949571644e-07, 3.72166439888e-08, 3.18082200579e-08, 1.24561685411e-08, 2.70784799028e-08, 1.00467172359e-08, 4.96102714465e-09, 3.15436965437e-09, 1.22150434212e-09, 1.54501644811e-09, 5.98177618549e-10, 2.64567812103e-10, 1.09148384775e-10, 1.65276139996e-10, 9.82880443701e-11, 2.85671694633e-11, 3.38558348023e-11, 5.46257379608e-11, 6.42856878841e-11, 3.37316355403e-11, 2.75077703671e-11, 2.61434294352e-11, 4.46617187677e-11, 3.78788875266e-11, 4.3595189958e-11, 6.51753512271e-11, 5.39711435266e-11, 5.91095783431e-11]
    },
    "mfcc": {
        "mean": [-645.243164062, 121.122940063, -0.0168630760163, -4.29928779602, 4.18987941742, 5.18414211273, -2.74388670921, 2.87205243111, 3.25320267677, -0.243865907192, 3.64195966721, 1.45569074154, 0.785283327103],
        "cov": [[8193.93164062, -1519.4543457, 1042.29040527, 556.235595703, 141.520797729, 366.974517822, 334.562133789, 601.382019043, 528.920898438, 412.904693604, 351.752166748, 320.874023438, 223.20111084], [-1519.4543457, 1179.77172852, -97.0145187378, 4.01305913925, 77.6249008179, -25.2708206177, -7.02714920044, -114.595214844, -119.038581848, -73.0402984619, -15.0359334946, -39.713394165, -11.3999967575], [1042.29040527, -97.0145187378, 756.576416016, 267.162353516, 205.1144104, 149.476715088, 101.086158752, 41.5579414368, 63.5675773621, 24.5099334717, 40.9551849365, 74.6017074585, 88.8339996338], [556.235595703, 4.01305913925, 267.162353516, 373.726104736, 167.883590698, 137.671081543, 81.6916351318, 60.477180481, 85.3254852295, 60.2216186523, 29.4205188751, 53.2908859253, 49.5765151978], [141.520797729, 77.6249008179, 205.1144104, 167.883590698, 269.545684814, 94.5290222168, 65.4357757568, 15.317486763, 26.8864078522, 40.5043106079, 9.50546360016, 26.6462078094, 37.0335464478], [366.974517822, -25.2708206177, 149.476715088, 137.671081543, 94.5290222168, 199.120941162, 103.840072632, 67.5382156372, 66.8749694824, 46.5192527771, 25.6821899414, 32.5636138916, 25.760881424], [334.562133789, -7.02714920044, 101.086158752, 81.6916351318, 65.4357757568, 103.840072632, 252.797607422, 115.836273193, 60.443775177, 87.0940170288, 38.7644920349, 27.0103626251, 19.4698429108], [601.382019043, -114.595214844, 41.5579414368, 60.477180481, 15.317486763, 67.5382156372, 115.836273193, 193.550537109, 119.18081665, 77.8277740479, 59.4776153564, 34.2891349792, 17.8431797028], [528.920898438, -119.038581848, 63.5675773621, 85.3254852295, 26.8864078522, 66.8749694824, 60.443775177, 119.18081665, 167.469696045, 75.2243728638, 51.2987480164, 31.874584198, 13.6383342743], [412.904693604, -73.0402984619, 24.5099334717, 60.2216186523, 40.5043106079, 46.5192527771, 87.0940170288, 77.8277740479, 75.2243728638, 140.394332886, 62.2757263184, 28.976644516, 11.2975521088], [351.752166748, -15.0359334946, 40.9551849365, 29.4205188751, 9.50546360016, 25.6821899414, 38.7644920349, 59.4776153564, 51.2987480164, 62.2757263184, 105.703529358, 47.6122894287, 20.3571643829], [320.874023438, -39.713394165, 74.6017074585, 53.2908859253, 26.6462078094, 32.5636138916, 27.0103626251, 34.2891349792, 31.874584198, 28.976644516, 47.6122894287, 93.4604797363, 45.0586624146], [223.20111084, -11.3999967575, 88.8339996338, 49.5765151978, 37.0335464478, 25.760881424, 19.4698429108, 17.8431797028, 13.6383342743, 11.2975521088, 20.3571643829, 45.0586624146, 85.7744293213]],
