{
"lowlevel": {
    "average_loudness": 0.893308699131,
    "barkbands_crest": {
        "dmean": 2.72274565697,
        "dmean2": 4.30361413956,
        "dvar": 6.76978302002,
        "dvar2": 17.1988372803,
        "max": 25.2582416534,
        "mean": 10.6445875168,
        "median": 9.56155872345,
        "min": 2.68257045746,
        "var": 21.7022285461
    },
    "barkbands_flatness_db": {
        "dmean": 0.0206707175821,
        "dmean2": 0.0314404554665,
        "dvar": 0.000376851356123,
        "dvar2": 0.00086580705829,
        "max": 0.370624214411,
        "mean": 0.139186263084,
        "median": 0.134402513504,
        "min": 0.0347457453609,
        "var": 0.00166196806822
    },
    "barkbands_kurtosis": {
        "dmean": 2.19505643845,
        "dmean2": 3.48430371284,
        "dvar": 15.076341629,
        "dvar2": 35.535068512,
        "max": 73.346572876,
        "mean": 2.80291509628,
        "median": 0.941361665726,
        "min": -1.93750214577,
        "var": 34.3499145508
    },
    "barkbands_skewness": {
        "dmean": 0.500748097897,
        "dmean2": 0.779113471508,
        "dvar": 0.262522488832,
        "dvar2": 0.620015978813,
        "max": 7.54969263077,
        "mean": 1.35067033768,
        "median": 1.14810919762,
        "min": -3.38259768486,
        "var": 1.22511315346
    },
    "barkbands_spread": {
        "dmean": 5.49023389816,
        "dmean2": 8.38269805908,
        "dvar": 48.1594772339,
        "dvar2": 101.36643219,
        "max": 112.682449341,
        "mean": 24.1373939514,
        "median": 21.5482578278,
        "min": 0.793511152267,
        "var": 205.432601929
    },
    "dissonance": {
        "dmean": 0.0165528990328,
        "dmean2": 0.0283674933016,
        "dvar": 0.000251340446994,
        "dvar2": 0.000699944444932,
        "max": 0.499999970198,
        "mean": 0.46789380908,
        "median": 0.472907423973,
        "min": 0.298380792141,
        "var": 0.000518363201991
    },
    "dynamic_complexity": 2.89587569237,
    "erbbands_crest": {
        "dmean": 2.36211133003,
        "dmean2": 3.86161637306,
        "dvar": 4.74469327927,
        "dvar2": 12.1969032288,
        "max": 32.9706459045,
        "mean": 8.31334877014,
        "median": 7.50362968445,
        "min": 1.95824849606,
        "var": 15.2125835419
    },
    "erbbands_flatness_db": {
        "dmean": 0.014465207234,
        "dmean2": 0.0211631283164,
        "dvar": 0.00017591562937,
        "dvar2": 0.00035659657442,
        "max": 0.448296159506,
        "mean": 0.159153848886,
        "median": 0.146666437387,
        "min": 0.0618276521564,
        "var": 0.00335086532868
    },
    "erbbands_kurtosis": {
        "dmean": 0.698408722878,
        "dmean2": 1.12674701214,
        "dvar": 0.906864225864,
        "dvar2": 2.29022669792,
        "max": 36.5570640564,
        "mean": 0.393300652504,
        "median": -0.06685090065,
        "min": -1.74843215942,
        "var": 2.75530457497
    },
    "erbbands_skewness": {
        "dmean": 0.308621168137,
        "dmean2": 0.476247727871,
        "dvar": 0.0739278048277,
        "dvar2": 0.171502262354,
        "max": 5.23375177383,
        "mean": 0.153397068381,
        "median": 0.156109780073,
        "min": -3.18186402321,
        "var": 0.376190304756
    },
    "erbbands_spread": {
        "dmean": 6.23326301575,
        "dmean2": 9.39478302002,
        "dvar": 45.5480003357,
        "dvar2": 95.7213745117,
        "max": 132.004455566,
        "mean": 35.238899231,
        "median": 32.2607803345,
        "min": 1.81493735313,
        "var": 327.20602417
    },
    "hfc": {
        "dmean": 7.56022071838,
        "dmean2": 11.1554117203,
        "dvar": 125.457168579,
        "dvar2": 275.215393066,
        "max": 245.931365967,
        "mean": 26.960062027,
        "median": 20.249710083,
        "min": 1.180099537e-16,
        "var": 564.035583496
    },
    "melbands_crest": {
        "dmean": 3.62781310081,
        "dmean2": 5.7365231514,
        "dvar": 12.2313537598,
        "dvar2": 29.9746189117,
        "max": 34.2191734314,
        "mean": 15.8197546005,
        "median": 14.8672866821,
        "min": 1.92451548576,
        "var": 43.4100570679
    },
    "melbands_flatness_db": {
        "dmean": 0.0250717066228,
        "dmean2": 0.0379703268409,
        "dvar": 0.000598315324169,
        "dvar2": 0.0013555745827,
        "max": 0.411149501801,
        "mean": 0.185376688838,
        "median": 0.181441381574,
        "min": 0.00336480955593,
        "var": 0.00247908825986
    },
    "melbands_kurtosis": {
        "dmean": 5.78364992142,
        "dmean2": 9.19521617889,
        "dvar": 102.451034546,
        "dvar2": 247.629516602,
        "max": 189.008224487,
        "mean": 10.5844240189,
        "median": 4.9557929039,
        "min": -1.72583663464,
        "var": 243.118774414
    },
    "melbands_skewness": {
        "dmean": 0.678788900375,
        "dmean2": 1.05960512161,
        "dvar": 0.530402719975,
        "dvar2": 1.28784179688,
        "max": 11.5885906219,
        "mean": 2.40553283691,
        "median": 2.03577160835,
        "min": -1.38057208061,
        "var": 2.66889452934
    },
    "melbands_spread": {
        "dmean": 6.88884305954,
        "dmean2": 10.8005580902,
        "dvar": 79.3894577026,
        "dvar2": 167.738357544,
        "max": 192.91607666,
        "mean": 24.7839488983,
        "median": 22.3699207306,
        "min": 1.16860854626,
        "var": 255.034683228
    },
    "pitch_salience": {
        "dmean": 0.0713899806142,
        "dmean2": 0.111975036561,
        "dvar": 0.00419800635427,
        "dvar2": 0.0102766938508,
        "max": 0.962317407131,
        "mean": 0.519474625587,
        "median": 0.522887468338,
        "min": 0.117504268885,
        "var": 0.015578742139
    },
    "silence_rate_20dB": {
        "dmean": 0,
        "dmean2": 0,
        "dvar": 0,
        "dvar2": 0,
        "max": 1,
        "mean": 1,
        "median": 1,
        "min": 1,
        "var": 0
    },
    "silence_rate_30dB": {
        "dmean": 0.00562347192317,
        "dmean2": 0.0112483184785,
        "dvar": 0.00559165002778,
        "dvar2": 0.0152805531397,
        "max": 1,
        "mean": 0.996332943439,
        "median": 1,
        "min": 0,
        "var": 0.00365351513028
    },
    "silence_rate_60dB": {
        "dmean": 0.0176039114594,
        "dmean2": 0.0352121293545,
        "dvar": 0.0172953121364,
        "dvar2": 0.0383826568723,
        "max": 1,
        "mean": 0.0724850296974,
        "median": 0,
        "min": 0,
        "var": 0.0672267749906
    },
    "spectral_centroid": {
        "dmean": 212.533660889,
        "dmean2": 321.729492188,
        "dvar": 62089.15625,
        "dvar2": 118744.445312,
        "max": 11289.8212891,
        "mean": 1434.62805176,
        "median": 1377.1237793,
        "min": 306.316009521,
        "var": 273715.28125
    },
    "spectral_complexity": {
        "dmean": 3.61246943474,
        "dmean2": 5.61315584183,
        "dvar": 13.6594552994,
        "dvar2": 29.5710601807,
        "max": 54,
        "mean": 21.7914676666,
        "median": 21,
        "min": 0,
        "var": 82.5313873291
    },
    "spectral_decrease": {
        "dmean": 2.72318456673e-09,
        "dmean2": 4.352853189e-09,
        "dvar": 1.28543164087e-17,
        "dvar2": 3.39752690641e-17,
        "max": 7.42493479771e-29,
        "mean": -8.89650664249e-09,
        "median": -8.46028225254e-09,
        "min": -3.79392162131e-08,
        "var": 4.21815657939e-17
    },
    "spectral_energy": {
        "dmean": 0.0106551581994,
        "dmean2": 0.0170055497438,
        "dvar": 0.000189699334442,
        "dvar2": 0.000499021145515,
        "max": 0.146939575672,
        "mean": 0.036022759974,
        "median": 0.0342389643192,
        "min": 1.08727382368e-20,
        "var": 0.000663214421365
    },
    "spectral_energyband_high": {
        "dmean": 0.000483644165797,
        "dmean2": 0.000683252816088,
        "dvar": 1.36015387397e-06,
        "dvar2": 2.85320038529e-06,
        "max": 0.026428680867,
        "mean": 0.00113575521391,
        "median": 0.000467167323222,
        "min": 7.68331558731e-21,
        "var": 4.25561393058e-06
    },
    "spectral_energyband_low": {
        "dmean": 0.00800143368542,
        "dmean2": 0.0129291079938,
        "dvar": 0.000177880705451,
        "dvar2": 0.000471702514915,
        "max": 0.125698193908,
        "mean": 0.0170455537736,
        "median": 0.0145102720708,
        "min": 6.58336295388e-23,
        "var": 0.000370572292013
    },
    "spectral_energyband_middle_high": {
        "dmean": 0.00226239697076,
        "dmean2": 0.00349376606755,
        "dvar": 8.76264766703e-06,
        "dvar2": 2.1345598725e-05,
        "max": 0.0507744215429,
        "mean": 0.00735908653587,
        "median": 0.00474246731028,
        "min": 1.40384454808e-21,
        "var": 4.70303057227e-05
    },
    "spectral_energyband_middle_low": {
        "dmean": 0.00381278130226,
        "dmean2": 0.00588076328859,
        "dvar": 2.39245964622e-05,
        "dvar2": 5.68411633139e-05,
        "max": 0.0650326758623,
        "mean": 0.0112133380026,
        "median": 0.00903542619199,
        "min": 2.38683258577e-22,
        "var": 8.20029745228e-05
    },
    "spectral_entropy": {
        "dmean": 0.124621868134,
        "dmean2": 0.176119744778,
        "dvar": 0.0168789159507,
        "dvar2": 0.0301605314016,
        "max": 9.80567169189,
        "mean": 7.69871520996,
        "median": 7.7154340744,
        "min": 5.85337877274,
        "var": 0.142382368445
    },
    "spectral_flux": {
        "dmean": 0.0219750478864,
        "dmean2": 0.034741487354,
        "dvar": 0.000567792274524,
        "dvar2": 0.00138607097324,
        "max": 0.27743563056,
        "mean": 0.0889311358333,
        "median": 0.0833453014493,
        "min": 6.75094077862e-11,
        "var": 0.00218149204738
    },
    "spectral_kurtosis": {
        "dmean": 1.35279452801,
        "dmean2": 2.21970820427,
        "dvar": 3.07793402672,
        "dvar2": 9.02699661255,
        "max": 41.9538803101,
        "mean": 4.86301136017,
        "median": 4.16479110718,
        "min": -1.28864824772,
        "var": 10.6223134995
    },
    "spectral_rms": {
        "dmean": 0.000811865960713,
        "dmean2": 0.00127583660651,
        "dvar": 7.79243691795e-07,
        "dvar2": 1.9838219032e-06,
        "max": 0.0119731239974,
        "mean": 0.00545584689826,
        "median": 0.00577960768715,
        "min": 3.25692315999e-12,
        "var": 5.37787173016e-06
    },
    "spectral_rolloff": {
        "dmean": 506.715332031,
        "dmean2": 847.752380371,
        "dvar": 1072107.25,
        "dvar2": 2310224.5,
        "max": 19121.484375,
        "mean": 1601.70458984,
        "median": 1421.19140625,
        "min": 64.599609375,
        "var": 2481948.75
    },
    "spectral_skewness": {
        "dmean": 0.180464789271,
        "dmean2": 0.285340338945,
        "dvar": 0.0343400165439,
        "dvar2": 0.0843251645565,
        "max": 4.5035610199,
        "mean": 1.69205236435,
        "median": 1.66163480282,
        "min": -0.0412672944367,
        "var": 0.189168557525
    },
    "spectral_spread": {
        "dmean": 470614.96875,
        "dmean2": 634093.9375,
        "dvar": 515170238464,
        "dvar2": 926038556672,
        "max": 41217388,
        "mean": 4774275.5,
        "median": 4608074,
        "min": 1585137.5,
        "var": 3.59734339174e+12
    },
    "spectral_strongpeak": {
        "dmean": 0.45177513361,
        "dmean2": 0.77879601717,
        "dvar": 0.759473621845,
        "dvar2": 1.99164628983,
        "max": 12.3481225967,
        "mean": 0.778173983097,
        "median": 0.394486010075,
        "min": 0,
        "var": 1.2534314394
    },
    "zerocrossingrate": {
        "dmean": 0.0105378022417,
        "dmean2": 0.0123084010556,
        "dvar": 0.000202940151212,
        "dvar2": 0.000224347342737,
        "max": 0.568359375,
        "mean": 0.0642649382353,
        "median": 0.05859375,
        "min": 0.00390625,
        "var": 0.00140330276918
    },
    "barkbands": {
        "dmean": [0.000692077039275, 0.00723889842629, 0.00140709825791, 0.000833243597299, 0.00125079101417, 0.00131785543635, 0.000490437494591, 0.000759246526286, 0.00128813262563, 0.00062262499705, 0.000627121306024, 0.000376658019377, 0.000426301092375, 0.000458018563222, 0.000625513144769, 0.000462146592326, 0.000378849974368, 0.000208689714782, 0.000125193619169, 0.000120881864859, 8.22337824502e-05, 8.97232821444e-05, 9.30341775529e-05, 0.000114906659292, 0.000112989830086, 3.57961653208e-05, 2.67039599322e-08],
        "dmean2": [0.00114623247646, 0.0118343215436, 0.00229894369841, 0.00139549572486, 0.00200846442021, 0.00204497855157, 0.000770978687797, 0.00117432663683, 0.00210108584724, 0.000984349055216, 0.00103040842805, 0.000614840013441, 0.000700791482814, 0.000727831968106, 0.00102301500738, 0.000745524885133, 0.000606112240348, 0.000331698131049, 0.000200018184842, 0.000195950458874, 0.000135179405333, 0.000143920697155, 0.000138986593811, 0.000164492375916, 0.000152346823597, 5.17679982295e-05, 4.7814744164e-08],
        "dvar": [1.28854730974e-06, 0.00015960924793, 1.1039209312e-05, 2.43159115598e-06, 4.84481324747e-06, 6.07784386375e-06, 8.55564394442e-07, 2.15809268411e-06, 7.97355096438e-06, 1.45775720739e-06, 1.79936967015e-06, 5.29385999926e-07, 5.59034162961e-07, 1.51818574068e-06, 1.47424793795e-06, 9.31421766381e-07, 5.12490203164e-07, 1.44236224742e-07, 5.37173328041e-08, 5.13171336536e-08, 3.89177898796e-08, 5.29888311007e-08, 5.66536222379e-08, 1.64262459634e-07, 1.15499219078e-07, 9.11685926752e-09, 5.51869273478e-14],
        "dvar2": [3.42046200785e-06, 0.000422126409831, 2.63514029939e-05, 6.26903965895e-06, 1.24138878164e-05, 1.45273788803e-05, 1.90194964489e-06, 4.88829209644e-06, 2.13244584302e-05, 3.38161271429e-06, 4.71301837024e-06, 1.34417950903e-06, 1.53055486862e-06, 3.61314005204e-06, 3.83444739782e-06, 2.32947331824e-06, 1.24322866668e-06, 3.57278537422e-07, 1.28866147975e-07, 1.31847741613e-07, 1.0103916992e-07, 1.35214008878e-07, 1.2257562787e-07, 3.63750615406e-07, 1.9068525603e-07, 1.85021526988e-08, 1.56645990667e-13],
        "max": [0.0119414990768, 0.118447512388, 0.0374390408397, 0.020175434649, 0.0387175641954, 0.0510544478893, 0.0237300843, 0.0352217443287, 0.0515766553581, 0.026757221669, 0.0239642597735, 0.017062060535, 0.0148559035733, 0.0398039445281, 0.0222719274461, 0.0176678728312, 0.0154500463977, 0.00671509793028, 0.00504047982395, 0.00333200371824, 0.00287905731238, 0.0034949334804, 0.00644107023254, 0.0199483614415, 0.00922946166247, 0.00283120619133, 8.52178436617e-06],
        "mean": [0.00133950065356, 0.0134244952351, 0.00184260844253, 0.00128922355361, 0.00235897325911, 0.00281537999399, 0.000865532143507, 0.00129044475034, 0.00198978697881, 0.00111825286876, 0.000993096502498, 0.000605492270552, 0.000690965796821, 0.000911870447453, 0.00108982820529, 0.000756382883992, 0.00070762616815, 0.000402641482651, 0.000252999569057, 0.000240848385147, 0.000146688253153, 0.000159033937962, 0.000191083498066, 0.000235665182117, 0.000243002417847, 6.13175943727e-05, 1.81946173683e-08],
        "median": [0.000389253662433, 0.00982337072492, 0.000704580161255, 0.000544454611372, 0.00145324366167, 0.00148916081525, 0.000471740146168, 0.000456885929452, 0.000669800618198, 0.000419886957388, 0.000367855653167, 0.000273466430372, 0.000378848257242, 0.000219806126552, 0.000424575642683, 0.000283633416984, 0.00032336867298, 0.000205132600968, 0.000141549448017, 0.000121155535453, 7.73753490648e-05, 6.33146555629e-05, 7.06744322088e-05, 7.27783481125e-05, 7.86449381849e-05, 1.75167369889e-05, 7.0519573514e-10],
        "min": [1.87524208135e-24, 1.31474500915e-23, 2.57658585056e-23, 4.9824975422e-24, 2.14482192452e-23, 5.55518941791e-23, 4.05284673795e-23, 1.7084187075e-23, 2.92243998412e-23, 8.0715534692e-23, 3.62186110208e-23, 7.61351937061e-23, 7.51878853549e-23, 5.61891044639e-23, 1.08234492987e-22, 1.71747653463e-22, 1.36242513488e-22, 1.4420167826e-22, 2.04237401026e-22, 2.92894512047e-22, 3.14427511751e-22, 3.88479008262e-22, 6.10120523637e-22, 8.25910761066e-22, 1.27177969048e-21, 1.3891499753e-21, 2.31300863461e-21],
        "var": [3.391404789e-06, 0.000283028493868, 1.283049005e-05, 3.65897767551e-06, 8.7796288426e-06, 1.51760668814e-05, 1.70449993675e-06, 5.42663246961e-06, 1.465376954e-05, 4.03705416829e-06, 3.38144582201e-06, 1.01253147022e-06, 9.62476292443e-07, 6.44382771497e-06, 3.2720058698e-06, 1.72044065039e-06, 1.28974966174e-06, 3.22063840485e-07, 1.16915778392e-07, 1.03114523142e-07, 4.91319980256e-08, 8.12843836684e-08, 1.48923007259e-07, 3.83892597711e-07, 4.27328842534e-07, 2.18368469973e-08, 3.41028746041e-14]
    },
    "erbbands": {
        "dmean": [0.305739432573, 1.36349606514, 1.63775539398, 1.9941444397, 3.29023861885, 4.53852081299, 7.93872261047, 12.6318378448, 6.20135211945, 11.3136587143, 14.9130268097, 31.3057823181, 25.7203617096, 18.7485904694, 24.2395305634, 14.0416841507, 17.7411975861, 24.8036956787, 27.2036190033, 24.2190628052, 22.1727924347, 17.4841270447, 12.7744808197, 7.11227226257, 5.96585083008, 5.57229757309, 3.79504466057, 3.09552955627, 3.06527662277, 3.16500473022, 2.7699649334, 2.38496732712, 1.99870312214, 1.37251234055, 0.80339294672, 0.269365251064, 0.0435082092881, 0.00153831602074, 4.98900772072e-05, 1.51630456457e-05],
        "dmean2": [0.478688389063, 2.27275133133, 2.68217039108, 3.25266861916, 5.47573423386, 7.34288263321, 12.6816997528, 19.3460540771, 9.83438396454, 17.5482292175, 23.1249103546, 50.7198905945, 40.9111671448, 30.1307048798, 40.165473938, 22.8354148865, 29.1620521545, 39.3013420105, 44.0536651611, 39.1118354797, 35.2110557556, 27.673789978, 20.4410991669, 11.3424253464, 9.4588727951, 9.01741123199, 6.34761810303, 5.04017162323, 4.93218040466, 5.00366401672, 4.15443611145, 3.42854380608, 2.90727949142, 1.88401329517, 1.10411643982, 0.37544927001, 0.0652803853154, 0.00240558595397, 7.25274148863e-05, 2.32806523854e-05],
        "dvar": [0.293999254704, 5.92508649826, 12.1128120422, 16.6271572113, 43.6272850037, 70.4034423828, 211.072418213, 689.182373047, 157.927246094, 509.152740479, 977.029174805, 4759.73681641, 2750.55224609, 1499.68994141, 3585.54931641, 719.401550293, 946.70111084, 3876.76196289, 2770.15039062, 1952.15344238, 1821.37158203, 1135.36828613, 563.349182129, 180.216873169, 117.67074585, 115.502342224, 80.8636703491, 55.9302978516, 55.8005409241, 71.7078781128, 52.9159469604, 42.7184753418, 77.9673690796, 18.1946315765, 6.42480278015, 0.524172127247, 0.0185861177742, 5.21867223142e-05, 2.73413700569e-08, 4.44868142324e-10],
        "dvar2": [0.739848554134, 16.6779232025, 29.3437347412, 40.9331092834, 113.822624207, 181.041564941, 528.578613281, 1594.44592285, 371.987884521, 1121.58959961, 2188.69897461, 12353.7861328, 7097.51220703, 3807.48022461, 9485.47753906, 1821.20507812, 2586.32006836, 9305.35546875, 7037.13134766, 4982.1875, 4328.26855469, 2718.71435547, 1404.39782715, 440.596130371, 281.200469971, 293.373657227, 214.315917969, 144.406036377, 140.818283081, 179.414398193, 115.414451599, 85.7719955444, 185.594100952, 33.0896682739, 11.4494743347, 0.987426638603, 0.0406647212803, 0.000128931060317, 6.16535942299e-08, 1.01576358436e-09],
        "max": [4.94914007187, 23.757352829, 36.2650260925, 50.1016578674, 116.796478271, 211.249862671, 241.91053772, 602.225524902, 296.582702637, 554.301696777, 753.965881348, 1424.97436523, 903.830810547, 780.213439941, 1239.90869141, 605.566894531, 664.8125, 1992.10925293, 1175.50317383, 791.076477051, 1069.09375, 897.722351074, 427.744598389, 380.192565918, 220.454498291, 183.483917236, 169.301742554, 123.260574341, 118.540245056, 192.757217407, 196.803512573, 189.228057861, 507.043914795, 115.634719849, 79.8487472534, 24.361284256, 5.7790722847, 0.221456006169, 0.00452306494117, 0.000395037292037],
        "mean": [0.573936581612, 2.23554611206, 2.49951863289, 3.13419246674, 5.42336082458, 8.21947574615, 15.8189125061, 26.6852722168, 12.2194509506, 21.6381645203, 26.1524105072, 49.3056030273, 45.8152618408, 32.9353675842, 40.3406677246, 24.5761413574, 31.3426856995, 52.8189315796, 51.5384635925, 45.6991424561, 42.6417388916, 35.0856170654, 25.4231281281, 14.9151849747, 12.5658597946, 11.2639656067, 6.79092311859, 5.55546283722, 5.50222349167, 5.64465713501, 5.57168722153, 4.98808956146, 3.8632569313, 2.8517665863, 1.63012623787, 0.509905576706, 0.0649785622954, 0.00195182033349, 9.66446241364e-05, 5.17409207532e-05],
        "median": [0.330472767353, 1.30036556721, 1.25907552242, 1.64997982979, 2.70983219147, 4.51171398163, 8.18126487732, 12.7808856964, 7.46647977829, 10.0681829453, 10.6265325546, 17.5887546539, 17.2417545319, 14.311747551, 13.8670139313, 12.5869503021, 18.4866447449, 15.8995189667, 20.6723995209, 20.0949897766, 19.1113967896, 16.8840198517, 12.9698419571, 8.47568511963, 6.79332780838, 5.58478784561, 3.75845336914, 2.75681328773, 2.26162433624, 2.08447957039, 2.03984999657, 1.63415575027, 1.11472153664, 0.907913982868, 0.507047474384, 0.149332180619, 0.016227286309, 0.000400439806981, 4.396046279e-05, 4.60302508145e-05],
        "min": [7.32671340062e-22, 2.54761935144e-21, 2.34884591153e-20, 1.73278586355e-20, 1.08469987026e-20, 1.29476745976e-19, 3.10213254126e-19, 3.43295205352e-19, 4.91281435853e-19, 4.70747969616e-19, 4.58029033722e-19, 4.46378298192e-19, 2.26766622527e-18, 3.15781740952e-18, 2.93508910342e-18, 3.24972689495e-18, 3.57629552604e-18, 4.50933002799e-18, 4.28220318898e-18, 5.81482245308e-18, 8.71402515281e-18, 7.11786600996e-18, 6.30752141801e-18, 9.09566560792e-18, 1.07496413669e-17, 1.51369006295e-17, 1.22607977756e-17, 1.4701921087e-17, 1.36921999112e-17, 1.85995034891e-17, 1.69465815583e-17, 1.58161631506e-17, 1.26249185453e-17, 1.45573084092e-17, 9.48512622855e-18, 5.24200525556e-18, 2.40383421617e-18, 1.0277676718e-18, 3.21310554128e-19, 3.50847913644e-20],
        "var": [0.539448142052, 9.24588489532, 17.0191745758, 21.7951087952, 63.151134491, 130.179885864, 505.487487793, 1742.12719727, 268.026824951, 1334.73632812, 2369.13208008, 8997.12890625, 6444.06640625, 3139.55444336, 6901.98828125, 1333.42553711, 1723.43371582, 16914.0175781, 6587.82714844, 4395.55029297, 4364.80273438, 2972.12524414, 1302.09594727, 383.222167969, 278.963897705, 234.971221924, 98.0910339355, 75.2587890625, 90.8515701294, 116.387168884, 133.382537842, 138.495742798, 131.549484253, 57.6308822632, 21.4502449036, 1.5607458353, 0.0317437462509, 5.75222475163e-05, 4.83112749805e-08, 1.78945114282e-09]
    },
    "gfcc": {
        "mean": [14.2990350723, 84.5177001953, -133.201934814, 24.6404438019, -63.0298194885, 23.4008674622, -50.5948104858, 18.6300010681, -23.4943447113, 5.94794988632, -14.1107091904, 1.47585201263, -3.21661663055],
        "cov": [[6235.40966797, -326.634857178, 1832.36584473, 1459.40673828, 356.566650391, 843.630126953, 196.776550293, 526.114318848, 114.785270691, 403.653259277, -80.7121734619, 252.315307617, 107.942657471], [-326.634857178, 794.035583496, 33.6491851807, 51.8721694946, 221.938583374, -45.778629303, 112.673690796, -30.8683128357, 41.5198364258, -40.3271179199, 70.5340881348, -63.6300735474, 21.9710903168], [1832.36584473, 33.6491851807, 1411.79211426, 863.818054199, 294.148498535, 433.934173584, 125.230628967, 187.1015625, 34.6261444092, 221.470855713, -5.90409851074, 146.635955811, 15.9785852432], [1459.40673828, 51.8721694946, 863.818054199, 791.457397461, 316.973815918, 315.261016846, 144.886413574, 173.109420776, 70.8459777832, 150.629547119, -3.61846637726, 87.6519699097, 43.5010681152], [356.566650391, 221.938583374, 294.148498535, 316.973815918, 320.529907227, 178.79737854, 147.10496521, 89.096534729, 64.2289428711, 68.9286499023, 16.1840400696, 19.6805229187, 29.2067108154], [843.630126953, -45.778629303, 433.934173584, 315.261016846, 178.79737854, 390.539215088, 201.438644409, 127.006156921, 71.4650726318, 111.902641296, 7.86437082291, 49.5809822083, 31.9150905609], [196.776550293, 112.673690796, 125.230628967, 144.886413574, 147.10496521, 201.438644409, 262.748260498, 109.841629028, 87.5070877075, 65.2639923096, 24.2564888, 17.1170101166, 25.5490684509], [526.114318848, -30.8683128357, 187.1015625, 173.109420776, 89.096534729, 127.006156921, 109.841629028, 169.305618286, 82.9341430664, 60.0124092102, 5.68420505524, 33.0070304871, 30.7707023621], [114.785270691, 41.5198364258, 34.6261444092, 70.8459777832, 64.2289428711, 71.4650726318, 87.5070877075, 82.9341430664, 124.873596191, 58.9201698303, 32.8110961914, 14.5600175858, 34.750617981], [403.653259277, -40.3271179199, 221.470855713, 150.629547119, 68.9286499023, 111.902641296, 65.2639923096, 60.0124092102, 58.9201698303, 135.334716797, 39.6457366943, 43.679889679, 14.9322757721], [-80.7121734619, 70.5340881348, -5.90409851074, -3.61846637726, 16.1840400696, 7.86437082291, 24.2564888, 5.68420505524, 32.8110961914, 39.6457366943, 100.901153564, 27.7560024261, 26.668258667], [252.315307617, -63.6300735474, 146.635955811, 87.6519699097, 19.6805229187, 49.5809822083, 17.1170101166, 33.0070304871, 14.5600175858, 43.679889679, 27.7560024261, 94.5924911499, 27.8779144287], [107.942657471, 21.9710903168, 15.9785852432, 43.5010681152, 29.2067108154, 31.9150905609, 25.5490684509, 30.7707023621, 34.750617981, 14.9322757721, 26.668258667, 27.8779144287, 77.3153839111]],
        "icov": [[0.000530602585059, -0.000523240363691, 0.000396298186388, -0.000976772746071, 0.00100762955844, -0.00116243818775, 0.001068587997, -0.00146897009108, 0.00091437343508, -0.00117149576545, 0.000877505866811, -0.000595346442424, -6.64423205308e-05], [-0.000523240363691, 0.0040195141919, -0.0021805241704, 0.00217584869824, -0.00416304171085, 0.00383612606674, -0.00356621085666, 0.00352771091275, -0.00244998047128, 0.00413136044517, -0.00378160923719, 0.00364486337639, -0.00112831476144], [0.000396298186388, -0.0021805241704, 0.00433690845966, -0.00414153002203, 0.00277220504358, -0.00377951329574, 0.00313694379292, -0.00262392428704, 0.00293994997628, -0.00397630641237, 0.0022441232577, -0.00350914685987, 0.00195867777802], [-0.000976772746071, 0.00217584869824, -0.00414153002203, 0.00789316557348, -0.00575477443635, 0.00329903280362, -0.00255769002251, 0.00226305192336, -0.00256961141713, 0.00303261564113, -0.00162915943656, 0.00231636199169, -0.00178712746128], [0.00100762955844, -0.00416304171085, 0.00277220504358, -0.00575477443635, 0.0113842971623, -0.00504238484427, 0.00213028723374, -0.00397418858483, 0.00252721295692, -0.00461304187775, 0.00351062882692, -0.00264214491472, 0.000596665544435], [-0.00116243818775, 0.00383612606674, -0.00377951329574, 0.00329903280362, -0.00504238484427, 0.0115360282362, -0.00833565648645, 0.00447766156867, -0.00277813128196, 0.0032441415824, -0.0029063122347, 0.00386061705649, -0.00219441624358], [0.001068587997, -0.00356621085666, 0.00313694379292, -0.00255769002251, 0.00213028723374, -0.00833565648645, 0.0130402110517, -0.00695910071954, 0.00111893506255, -0.0043801125139, 0.00273980689235, -0.00328833027743, 0.00199260003865], [-0.00146897009108, 0.00352771091275, -0.00262392428704, 0.00226305192336, -0.00397418858483, 0.00447766156867, -0.00695910071954, 0.0177745930851, -0.00964732281864, 0.00531584583223, -0.00179862231016, 0.00180643761996, -0.00152560451534], [0.00091437343508, -0.00244998047128, 0.00293994997628, -0.00256961141713, 0.00252721295692, -0.00277813128196, 0.00111893506255, -0.00964732281864, 0.0194897539914, -0.00889423675835, 0.000712898967322, -0.00031164844404, -0.00325601594523], [-0.00117149576545, 0.00413136044517, -0.00397630641237, 0.00303261564113, -0.00461304187775, 0.0032441415824, -0.0043801125139, 0.00531584583223, -0.00889423675835, 0.0204399935901, -0.00872501637787, 0.00139470305294, 0.00186886440497], [0.000877505866811, -0.00378160923719, 0.0022441232577, -0.00162915943656, 0.00351062882692, -0.0029063122347, 0.00273980689235, -0.00179862231016, 0.000712898967322, -0.00872501637787, 0.0181081462651, -0.00657963939011, -0.00252253492363], [-0.000595346442424, 0.00364486337639, -0.00350914685987, 0.00231636199169, -0.00264214491472, 0.00386061705649, -0.00328833027743, 0.00180643761996, -0.00031164844404, 0.00139470305294, -0.00657963939011, 0.0194660164416, -0.00588921643794], [-6.64423205308e-05, -0.00112831476144, 0.00195867777802, -0.00178712746128, 0.000596665544435, -0.00219441624358, 0.00199260003865, -0.00152560451534, -0.00325601594523, 0.00186886440497, -0.00252253492363, -0.00588921643794, 0.0186734292656]]
    },
    "melbands": {
        "dmean": [0.00228045345284, 0.00106104882434, 0.000374063791241, 0.000250481214607, 0.000264010392129, 0.000264805508777, 9.85012447927e-05, 0.000131589637022, 0.000118368101539, 0.000217136446736, 0.000127263338072, 7.49954851926e-05, 7.57808084018e-05, 5.30533543497e-05, 2.63794281636e-05, 5.23500566487e-05, 5.09407618665e-05, 4.07051375078e-05, 4.83447402075e-05, 3.75456584152e-05, 2.6524070563e-05, 2.30307341553e-05, 1.28311112348e-05, 9.89581349131e-06, 6.19297134108e-06, 4.56718316855e-06, 4.84721294924e-06, 3.70206066691e-06, 2.71402154794e-06, 1.96217865778e-06, 1.88024966974e-06, 1.79113862941e-06, 1.96253427021e-06, 1.73677847215e-06, 1.67453879385e-06, 1.64169716754e-06, 1.55103612087e-06, 1.51744779942e-06, 1.34929496198e-06, 1.20334084386e-06],
        "dmean2": [0.0036607501097, 0.00174179289024, 0.000601432751864, 0.000412311666878, 0.00041949111619, 0.000406664737966, 0.000154805893544, 0.000203137853532, 0.00018492541858, 0.00035289223888, 0.000202831302886, 0.000120791497466, 0.000124913814943, 8.71858792379e-05, 4.3023017497e-05, 8.6014973931e-05, 8.05720483186e-05, 6.60606456222e-05, 7.93063954916e-05, 6.09800663369e-05, 4.22295561293e-05, 3.68993314623e-05, 2.0496056095e-05, 1.57262202265e-05, 1.01224586615e-05, 7.35630419513e-06, 7.80145455792e-06, 6.08527034274e-06, 4.59106104245e-06, 3.24034363075e-06, 3.09366623696e-06, 2.91659716822e-06, 3.17850299325e-06, 2.74975900538e-06, 2.59000330516e-06, 2.45154524237e-06, 2.28630210586e-06, 2.26324027608e-06, 1.96938390218e-06, 1.6884962406e-06],
        "dvar": [1.60617782967e-05, 3.55221413884e-06, 4.79815525978e-07, 2.26119681201e-07, 2.11530206684e-07, 2.80250930018e-07, 3.49363382668e-08, 7.09489924589e-08, 6.57252456904e-08, 2.37143851223e-07, 6.8229311978e-08, 2.46381048896e-08, 3.0018096453e-08, 1.18202274635e-08, 1.88418280977e-09, 8.98196095278e-09, 1.97041103434e-08, 6.75370426251e-09, 1.07114459524e-08, 6.39564445848e-09, 2.5098365608e-09, 2.14586903802e-09, 6.22992046839e-10, 3.36959765646e-10, 1.49645823511e-10, 7.42256117681e-11, 8.13645747999e-11, 5.66052725526e-11, 4.49174794581e-11, 1.85098048e-11, 1.89625173203e-11, 1.72322867781e-11, 2.76506820912e-11, 1.99715608634e-11, 1.94460246516e-11, 1.75897057336e-11, 2.01135930827e-11, 4.49625336962e-11, 2.72720075689e-11, 1.38695660859e-11],
        "dvar2": [4.09430067521e-05, 9.72858651949e-06, 1.14726776701e-06, 5.90797412769e-07, 5.29377302882e-07, 6.54851817217e-07, 8.04201505389e-08, 1.5807452769e-07, 1.49777363845e-07, 6.19968602678e-07, 1.76277879405e-07, 6.23744469408e-08, 7.94646695113e-08, 3.06411678253e-08, 4.53106530074e-09, 2.46303333284e-08, 4.7101412548e-08, 1.68808025336e-08, 2.8371170302e-08, 1.62457869379e-08, 5.89266679896e-09, 5.22627185973e-09, 1.49625845047e-09, 8.14166511987e-10, 3.78780173893e-10, 1.78254258576e-10, 2.00046798571e-10, 1.46836251491e-10, 1.21642335094e-10, 4.736832801e-11, 4.92773391536e-11, 4.3690807916e-11, 7.12595121799e-11, 4.87419167527e-11, 4.39779809791e-11, 3.67941684065e-11, 4.31146056357e-11, 1.11579571971e-10, 5.88407586544e-11, 2.57763133754e-11],
        "max": [0.0375886484981, 0.0187767725438, 0.00813172012568, 0.00989772379398, 0.00900423247367, 0.0118885282427, 0.00402678223327, 0.00732547556981, 0.0070152557455, 0.00985543336719, 0.00447922246531, 0.00358817935921, 0.00333211454563, 0.00266600586474, 0.000876220001373, 0.00189933693036, 0.00458666402847, 0.001883981633, 0.00226423633285, 0.00137095723767, 0.00126247573644, 0.00126711605117, 0.000660073827021, 0.000355321360985, 0.000362457853043, 0.000215153937461, 0.000205327654839, 0.000142145276186, 0.000122813158669, 7.21327960491e-05, 7.34178174753e-05, 7.81335111242e-05, 8.84333567228e-05, 0.00013080057397, 0.000121715187561, 0.000115507638839, 0.000142287812196, 0.000369449960999, 0.000269578071311, 9.93316207314e-05],
        "mean": [0.00433202506974, 0.00186475471128, 0.000647069595288, 0.000453520100564, 0.000542246329132, 0.000561066030059, 0.000189659214811, 0.000249053788139, 0.000198704467039, 0.000334403361194, 0.000220481437282, 0.000124022189993, 0.00012539952877, 8.71198135428e-05, 4.50581428595e-05, 8.27514595585e-05, 0.000102479622001, 7.35591311241e-05, 8.16133833723e-05, 5.86875066801e-05, 4.82495452161e-05, 4.20026444772e-05, 2.40280514845e-05, 1.85830922419e-05, 1.14332297017e-05, 8.6471764007e-06, 9.48547130974e-06, 6.85243094267e-06, 4.41418933406e-06, 3.3532062389e-06, 3.15509896609e-06, 3.07680875267e-06, 3.126468755e-06, 3.08078483613e-06, 3.1638639939e-06, 3.20716299029e-06, 2.99625662592e-06, 2.69284487331e-06, 2.53193434219e-06, 2.40331632995e-06],
        "median": [0.00301008368842, 0.00115229655057, 0.000348006753484, 0.000276734819636, 0.00030098418938, 0.00028713903157, 0.000111987799755, 0.000110310305899, 7.66738958191e-05, 0.00010975641635, 8.02562426543e-05, 4.9098940508e-05, 4.54117471236e-05, 3.7001522287e-05, 2.58907712123e-05, 4.35994697909e-05, 2.36203122768e-05, 2.78318184428e-05, 3.10288778564e-05, 2.21189402509e-05, 2.07715074794e-05, 1.91558519873e-05, 1.1193620594e-05, 9.06514924282e-06, 6.21985100224e-06, 4.64113963972e-06, 4.49712433692e-06, 3.2533941976e-06, 2.27232089856e-06, 1.81149766831e-06, 1.47445803123e-06, 1.2598691228e-06, 1.17182628401e-06, 1.09965753836e-06, 1.19501316931e-06, 1.03376851257e-06, 9.45717431478e-07, 7.33220360871e-07, 7.3076063245e-07, 7.53465599246e-07],
        "min": [6.7925475667e-24, 1.0702924763e-23, 3.53907101783e-24, 4.31587260639e-24, 9.94956654281e-24, 8.56642831869e-24, 8.0602407305e-24, 4.28389534074e-24, 2.99002146121e-24, 3.54966384206e-24, 1.13854921833e-23, 1.41493405176e-23, 6.12620030993e-24, 8.92829695972e-24, 7.85366566955e-24, 7.12122094083e-24, 7.11691060484e-24, 5.61842198372e-24, 8.1142737582e-24, 1.02971678455e-23, 9.53122334958e-24, 6.39775778794e-24, 4.88210079251e-24, 7.08938803672e-24, 6.98080291084e-24, 8.70966100439e-24, 4.95913108775e-24, 1.00443268813e-23, 8.09368448857e-24, 6.70420697822e-24, 9.20713641275e-24, 7.42733368193e-24, 8.29538675571e-24, 1.13512201212e-23, 9.58890485897e-24, 1.12868198835e-23, 8.18701698885e-24, 8.5799635941e-24, 8.04926688645e-24, 1.22108450051e-23],
        "var": [2.95280642604e-05, 6.18763442617e-06, 7.75001353759e-07, 3.44083872506e-07, 5.01923125285e-07, 6.99908241586e-07, 6.4433898217e-08, 1.89637660242e-07, 1.50848904923e-07, 4.4264336907e-07, 1.57074168783e-07, 5.02425159254e-08, 5.83705563884e-08, 2.31224941416e-08, 3.47655748634e-09, 1.5083267968e-08, 8.58478443888e-08, 1.57756812058e-08, 2.26207141907e-08, 1.04969695158e-08, 6.02582517217e-09, 4.95679453039e-09, 1.44673673041e-09, 7.3227646169e-10, 2.66887484335e-10, 1.57132792888e-10, 1.84282616944e-10, 9.76134312269e-11, 4.84637746601e-11, 2.47647926471e-11, 2.61176184846e-11, 2.83237409221e-11, 3.74471668951e-11, 3.55236083605e-11, 4.29533526802e-11, 5.24811930025e-11, 5.59897718466e-11, 6.88301984852e-11, 5.26978079229e-11, 4.33030000746e-11]
    },
    "mfcc": {
        "mean": [-622.107666016, 113.474403381, -10.7223873138, 4.99932146072, 9.03865242004, -1.35388052464, -4.76119184494, 2.1089258194, 0.547861039639, 2.10749816895, -2.04786109924, -0.931826472282, -0.174459204078],
        "cov": [[4951.77099609, -718.609375, 1488.10375977, 766.974182129, 640.704711914, 537.616210938, 414.405151367, 314.691253662, 424.327789307, 378.832336426, 77.2262039185, 56.9598236084, 173.881378174], [-718.609375, 732.07220459, -235.068069458, 11.2224493027, -12.3661146164, -31.5264892578, 19.0852413177, -17.5545482635, -49.5042800903, -28.6816082001, 23.6661758423, 11.4779024124, -15.8474121094], [1488.10375977, -235.068069458, 1153.42626953, 500.243499756, 386.381195068, 357.054351807, 232.695465088, 123.035873413, 160.323944092, 101.821388245, 82.349647522, 74.5287094116, 84.6076049805], [766.974182129, 11.2224493027, 500.243499756, 528.377502441, 304.79574585, 195.98399353, 147.4012146, 86.2824325562, 124.301208496, 62.8841438293, 54.0377388, 50.4371681213, 67.9116744995], [640.704711914, -12.3661146164, 386.381195068, 304.79574585, 315.343261719, 178.252929688, 123.343635559, 72.6071777344, 97.0166244507, 70.0619888306, 31.7277259827, 27.4890499115, 44.5634040833], [537.616210938, -31.5264892578, 357.054351807, 195.98399353, 178.252929688, 319.42388916, 194.040359497, 102.730575562, 128.575668335, 94.0160064697, 80.5391769409, 25.2778453827, 35.8077964783], [414.405151367, 19.0852413177, 232.695465088, 147.4012146, 123.343635559, 194.040359497, 212.978149414, 109.800491333, 108.604324341, 82.585067749, 66.0252990723, 29.961725235, 30.8264980316], [314.691253662, -17.5545482635, 123.035873413, 86.2824325562, 72.6071777344, 102.730575562, 109.800491333, 151.82875061, 113.63054657, 60.1370849609, 41.6156921387, 25.9335746765, 27.3343734741], [424.327789307, -49.5042800903, 160.323944092, 124.301208496, 97.0166244507, 128.575668335, 108.604324341, 113.63054657, 181.630172729, 103.326934814, 54.2713546753, 22.7108345032, 30.3216762543], [378.832336426, -28.6816082001, 101.821388245, 62.8841438293, 70.0619888306, 94.0160064697, 82.585067749, 60.1370849609, 103.326934814, 149.725296021, 58.0778808594, 17.7434673309, 26.8114490509], [77.2262039185, 23.6661758423, 82.349647522, 54.0377388, 31.7277259827, 80.5391769409, 66.0252990723, 41.6156921387, 54.2713546753, 58.0778808594, 102.806724548, 42.3008422852, 20.635559082], [56.9598236084, 11.4779024124, 74.5287094116, 50.4371681213, 27.4890499115, 25.2778453827, 29.961725235, 25.9335746765, 22.7108345032, 17.7434673309, 42.3008422852, 75.7378540039, 37.3117446899], [173.881378174, -15.8474121094, 84.6076049805, 67.9116744995, 44.5634040833, 35.8077964783, 30.8264980316, 27.3343734741, 30.3216762543, 26.8114490509, 20.635559082, 37.3117446899, 73.473274231]],
