{
"lowlevel": {
    "average_loudness": 0.432831287384,
    "barkbands_crest": {
        "dmean": 2.48964333534,
        "dmean2": 4.00269889832,
        "dvar": 5.54420423508,
        "dvar2": 13.5860404968,
        "max": 25.9391880035,
        "mean": 10.8574171066,
        "median": 9.72482299805,
        "min": 2.72340917587,
        "var": 23.4178714752
    },
    "barkbands_flatness_db": {
        "dmean": 0.018142323941,
        "dmean2": 0.0280159767717,
        "dvar": 0.000285956484731,
        "dvar2": 0.000661299331114,
        "max": 0.341785252094,
        "mean": 0.166409939528,
        "median": 0.159875616431,
        "min": 0.0442425236106,
        "var": 0.00274803978391
    },
    "barkbands_kurtosis": {
        "dmean": 2.64867734909,
        "dmean2": 4.10915184021,
        "dvar": 19.6538715363,
        "dvar2": 44.4146080017,
        "max": 99.667678833,
        "mean": 5.2898182869,
        "median": 2.4661231041,
        "min": -1.9227874279,
        "var": 69.4737701416
    },
    "barkbands_skewness": {
        "dmean": 0.44912725687,
        "dmean2": 0.690996825695,
        "dvar": 0.235550299287,
        "dvar2": 0.519996464252,
        "max": 8.52717971802,
        "mean": 1.44549393654,
        "median": 1.27455925941,
        "min": -2.11173653603,
        "var": 1.33258795738
    },
    "barkbands_spread": {
        "dmean": 4.05687952042,
        "dmean2": 5.95319032669,
        "dvar": 38.2540435791,
        "dvar2": 67.3798599243,
        "max": 105.90423584,
        "mean": 17.3236713409,
        "median": 12.96393013,
        "min": 0.983500659466,
        "var": 224.243774414
    },
    "dissonance": {
        "dmean": 0.0260122492909,
        "dmean2": 0.0440316535532,
        "dvar": 0.000619028229266,
        "dvar2": 0.00171767105348,
        "max": 0.500000059605,
        "mean": 0.44459182024,
        "median": 0.455682396889,
        "min": 0.222862288356,
        "var": 0.00191671866924
    },
    "dynamic_complexity": 4.10308599472,
    "erbbands_crest": {
        "dmean": 2.89345860481,
        "dmean2": 4.65582180023,
        "dvar": 7.47650432587,
        "dvar2": 17.9259281158,
        "max": 32.946231842,
        "mean": 12.0533571243,
        "median": 10.6590681076,
        "min": 2.48512935638,
        "var": 35.749912262
    },
    "erbbands_flatness_db": {
        "dmean": 0.0163511522114,
        "dmean2": 0.0241332389414,
        "dvar": 0.000240225286689,
        "dvar2": 0.000483434472699,
        "max": 0.395020902157,
        "mean": 0.202705770731,
        "median": 0.199332654476,
        "min": 0.0676579549909,
        "var": 0.00322493864223
    },
    "erbbands_kurtosis": {
        "dmean": 1.68360447884,
        "dmean2": 2.59220743179,
        "dvar": 7.33428287506,
        "dvar2": 15.8056869507,
        "max": 86.9122619629,
        "mean": 2.82750844955,
        "median": 1.04040527344,
        "min": -1.88341629505,
        "var": 31.6045265198
    },
    "erbbands_skewness": {
        "dmean": 0.394339650869,
        "dmean2": 0.595227658749,
        "dvar": 0.148500040174,
        "dvar2": 0.315493673086,
        "max": 8.04648590088,
        "mean": 0.97931843996,
        "median": 0.864320158958,
        "min": -2.13344717026,
        "var": 1.1221871376
    },
    "erbbands_spread": {
        "dmean": 5.96955633163,
        "dmean2": 8.90987968445,
        "dvar": 66.6806259155,
        "dvar2": 128.390228271,
        "max": 143.50843811,
        "mean": 27.7129554749,
        "median": 23.0297660828,
        "min": 1.64280164242,
        "var": 379.404632568
    },
    "hfc": {
        "dmean": 4.66365718842,
        "dmean2": 6.98523712158,
        "dvar": 55.5085411072,
        "dvar2": 122.548904419,
        "max": 208.572311401,
        "mean": 19.0541419983,
        "median": 12.3890628815,
        "min": 1.17797824887e-16,
        "var": 398.7784729
    },
    "melbands_crest": {
        "dmean": 3.0189871788,
        "dmean2": 4.8695640564,
        "dvar": 7.89488935471,
        "dvar2": 19.1930484772,
        "max": 32.9850654602,
        "mean": 13.9437141418,
        "median": 12.7202739716,
        "min": 1.44589102268,
        "var": 31.8985862732
    },
    "melbands_flatness_db": {
        "dmean": 0.0199469830841,
        "dmean2": 0.029904646799,
        "dvar": 0.000387601932744,
        "dvar2": 0.000824766349979,
        "max": 0.409483909607,
        "mean": 0.204808965325,
        "median": 0.198623806238,
        "min": 0.00190348026808,
        "var": 0.0041511352174
    },
    "melbands_kurtosis": {
        "dmean": 4.36623191833,
        "dmean2": 6.94006204605,
        "dvar": 72.1971817017,
        "dvar2": 180.375198364,
        "max": 182.710189819,
        "mean": 9.3760137558,
        "median": 5.8336596489,
        "min": -1.59017860889,
        "var": 154.901824951
    },
    "melbands_skewness": {
        "dmean": 0.530364632607,
        "dmean2": 0.825506567955,
        "dvar": 0.371593594551,
        "dvar2": 0.87659907341,
        "max": 11.766210556,
        "mean": 1.87502217293,
        "median": 1.71988081932,
        "min": -1.83482086658,
        "var": 1.63407969475
    },
    "melbands_spread": {
        "dmean": 5.08978939056,
        "dmean2": 7.6100063324,
        "dvar": 59.5012359619,
        "dvar2": 114.9348526,
        "max": 185.249481201,
        "mean": 20.5771579742,
        "median": 15.8517961502,
        "min": 1.3164935112,
        "var": 299.445007324
    },
    "pitch_salience": {
        "dmean": 0.0628319084644,
        "dmean2": 0.101158380508,
        "dvar": 0.00312739354558,
        "dvar2": 0.00779149029404,
        "max": 0.950898945332,
        "mean": 0.551347374916,
        "median": 0.560229897499,
        "min": 0.107863426208,
        "var": 0.0138155724853
    },
    "silence_rate_20dB": {
        "dmean": 0,
        "dmean2": 0,
        "dvar": 0,
        "dvar2": 0,
        "max": 1,
        "mean": 1,
        "median": 1,
        "min": 1,
        "var": 0
    },
    "silence_rate_30dB": {
        "dmean": 0.0103274267167,
        "dmean2": 0.0206572767347,
        "dvar": 0.0102208126336,
        "dvar2": 0.0242212899029,
        "max": 1,
        "mean": 0.991316616535,
        "median": 1,
        "min": 0,
        "var": 0.00860823038965
    },
    "silence_rate_60dB": {
        "dmean": 0.0298087075353,
        "dmean2": 0.059624414891,
        "dvar": 0.0289170388132,
        "dvar2": 0.0647428184748,
        "max": 1,
        "mean": 0.119455523789,
        "median": 0,
        "min": 0,
        "var": 0.1051947698
    },
    "spectral_centroid": {
        "dmean": 154.513458252,
        "dmean2": 231.09727478,
        "dvar": 42814.2578125,
        "dvar2": 81987.09375,
        "max": 11652.3066406,
        "mean": 1107.2166748,
        "median": 1001.33569336,
        "min": 248.773864746,
        "var": 320780.21875
    },
    "spectral_complexity": {
        "dmean": 2.26522707939,
        "dmean2": 3.72816896439,
        "dvar": 4.69530344009,
        "dvar2": 11.6751327515,
        "max": 45,
        "mean": 15.6263790131,
        "median": 14,
        "min": 0,
        "var": 76.8550186157
    },
    "spectral_decrease": {
        "dmean": 1.73509051571e-09,
        "dmean2": 2.75877587441e-09,
        "dvar": 1.39762272638e-17,
        "dvar2": 3.61228946321e-17,
        "max": 6.04104218799e-29,
        "mean": -5.31030375228e-09,
        "median": -3.80619846752e-09,
        "min": -5.82811345851e-08,
        "var": 3.0380461236e-17
    },
    "spectral_energy": {
        "dmean": 0.00687535759062,
        "dmean2": 0.0109192952514,
        "dvar": 0.000208213590668,
        "dvar2": 0.000538507418241,
        "max": 0.227835297585,
        "mean": 0.0217706169933,
        "median": 0.0157285556197,
        "min": 1.05234394127e-20,
        "var": 0.000488441553898
    },
    "spectral_energyband_high": {
        "dmean": 0.000201098970138,
        "dmean2": 0.000270932097919,
        "dvar": 3.18461417237e-07,
        "dvar2": 5.09348524247e-07,
        "max": 0.0223102644086,
        "mean": 0.000638680532575,
        "median": 0.000145988626173,
        "min": 7.37265595292e-21,
        "var": 1.76602156898e-06
    },
    "spectral_energyband_low": {
        "dmean": 0.00243196939118,
        "dmean2": 0.00408296333626,
        "dvar": 0.000139676034451,
        "dvar2": 0.000368676963262,
        "max": 0.185419246554,
        "mean": 0.00382552086376,
        "median": 0.000865680282004,
        "min": 6.35300357886e-23,
        "var": 0.000127767736558
    },
    "spectral_energyband_middle_high": {
        "dmean": 0.00168785743881,
        "dmean2": 0.00261922436766,
        "dvar": 1.050679748e-05,
        "dvar2": 2.65200214926e-05,
        "max": 0.0726549848914,
        "mean": 0.00541180418804,
        "median": 0.00250365841202,
        "min": 1.34112503216e-21,
        "var": 5.56356317247e-05
    },
    "spectral_energyband_middle_low": {
        "dmean": 0.00465859798715,
        "dmean2": 0.00730692502111,
        "dvar": 7.02360484865e-05,
        "dvar2": 0.000175884662895,
        "max": 0.172730967402,
        "mean": 0.0126468427479,
        "median": 0.00835080910474,
        "min": 3.16290586639e-22,
        "var": 0.000182411793503
    },
    "spectral_entropy": {
        "dmean": 0.144763663411,
        "dmean2": 0.209918007255,
        "dvar": 0.0220919828862,
        "dvar2": 0.0383370108902,
        "max": 9.79581737518,
        "mean": 7.30779457092,
        "median": 7.33616828918,
        "min": 5.40790176392,
        "var": 0.306109756231
    },
    "spectral_flux": {
        "dmean": 0.0196765158325,
        "dmean2": 0.0319157019258,
        "dvar": 0.000695208203979,
        "dvar2": 0.00161275232676,
        "max": 0.427400767803,
        "mean": 0.0686617568135,
        "median": 0.0563474670053,
        "min": 6.6637417806e-11,
        "var": 0.00234020710923
    },
    "spectral_kurtosis": {
        "dmean": 2.08692836761,
        "dmean2": 3.45936274529,
        "dvar": 6.58364057541,
        "dvar2": 18.7843723297,
        "max": 46.2988243103,
        "mean": 6.34010410309,
        "median": 5.0522518158,
        "min": -1.43655800819,
        "var": 27.1944599152
    },
    "spectral_rms": {
        "dmean": 0.000610421295278,
        "dmean2": 0.000941350182984,
        "dvar": 7.2856528277e-07,
        "dvar2": 1.75321497409e-06,
        "max": 0.0149090019986,
        "mean": 0.00410424219444,
        "median": 0.0039172610268,
        "min": 3.2041799769e-12,
        "var": 4.39482573711e-06
    },
    "spectral_rolloff": {
        "dmean": 364.147674561,
        "dmean2": 597.286987305,
        "dvar": 933958.8125,
        "dvar2": 1744570.875,
        "max": 19250.6835938,
        "mean": 1466.88635254,
        "median": 990.52734375,
        "min": 64.599609375,
        "var": 2826711.75
    },
    "spectral_skewness": {
        "dmean": 0.2344160676,
        "dmean2": 0.370466262102,
        "dvar": 0.0558416843414,
        "dvar2": 0.133752763271,
        "max": 5.27870416641,
        "mean": 1.91264557838,
        "median": 1.83959579468,
        "min": -0.0792184472084,
        "var": 0.496960073709
    },
    "spectral_spread": {
        "dmean": 473534.375,
        "dmean2": 653208.1875,
        "dvar": 595726106624,
        "dvar2": 861859741696,
        "max": 42437076,
        "mean": 4315247.5,
        "median": 3930563,
        "min": 1236856.75,
        "var": 4.14049606042e+12
    },
    "spectral_strongpeak": {
        "dmean": 0.671007752419,
        "dmean2": 1.10647118092,
        "dvar": 1.12380564213,
        "dvar2": 2.87021970749,
        "max": 13.4766530991,
        "mean": 1.56597828865,
        "median": 0.867912650108,
        "min": 0,
        "var": 2.87155652046
    },
    "zerocrossingrate": {
        "dmean": 0.00856724195182,
        "dmean2": 0.00929167121649,
        "dvar": 0.000215727312025,
        "dvar2": 0.000186439283425,
        "max": 0.55322265625,
        "mean": 0.0579982101917,
        "median": 0.0478515625,
        "min": 0.00830078125,
        "var": 0.00175723200664
    },
    "barkbands": {
        "dmean": [5.99572085775e-05, 0.00176403415389, 0.000688457163051, 0.000658184930217, 0.00102890864946, 0.000793774670456, 0.00085022271378, 0.00173493300099, 0.00140687369276, 0.000784012721851, 0.000481239432702, 0.000365692423657, 0.000381514546461, 0.000224844610784, 0.000289413233986, 0.000256023078691, 0.000181182200322, 9.096719441e-05, 8.05776289781e-05, 4.33382992924e-05, 3.23571584886e-05, 5.64472502447e-05, 5.03085757373e-05, 5.47347881366e-05, 4.98422814417e-05, 8.17221189209e-06, 3.25442783833e-09],
        "dmean2": [0.000102120211523, 0.00299800164066, 0.00119463261217, 0.0010922573274, 0.00172222859692, 0.00126336794347, 0.00132489646785, 0.00264538219199, 0.00222052889876, 0.00126710312907, 0.000757490517572, 0.000590240058955, 0.000610936374869, 0.000364648760296, 0.000461898744106, 0.000391077424865, 0.000280525680864, 0.000148489023559, 0.000127248262288, 6.99550146237e-05, 5.25521463715e-05, 8.6234016635e-05, 7.39207825973e-05, 7.5986579759e-05, 6.72396927257e-05, 1.14425056381e-05, 6.09271433305e-09],
        "dvar": [9.68034825632e-08, 9.91705455817e-05, 7.77878722147e-06, 5.11091957378e-06, 1.25003398352e-05, 4.19356729253e-06, 4.48908940598e-06, 2.68845706159e-05, 1.6209018213e-05, 5.49564219909e-06, 1.87178704891e-06, 1.41521923069e-06, 1.73630121481e-06, 5.41101314866e-07, 9.33478588649e-07, 7.85312352036e-07, 3.02725567281e-07, 4.50345858383e-08, 2.37999628894e-08, 8.67786464909e-09, 6.13050232801e-09, 1.64430371541e-08, 1.88227033959e-08, 3.88014527175e-08, 6.34361683183e-08, 1.30835731138e-09, 3.26728962184e-15],
        "dvar2": [2.6673583875e-07, 0.000261474400759, 2.27258915402e-05, 1.34263336804e-05, 3.60846606782e-05, 1.00734132502e-05, 1.01236801129e-05, 6.1228958657e-05, 3.96702380385e-05, 1.45331287058e-05, 4.52055019196e-06, 3.68510177395e-06, 4.44007264377e-06, 1.31922604396e-06, 2.29361285164e-06, 1.70190787685e-06, 6.91338868819e-07, 1.10605071768e-07, 5.54558816646e-08, 2.08473984742e-08, 1.62134661252e-08, 3.74282329574e-08, 3.89140062396e-08, 6.48624833843e-08, 1.15163473424e-07, 2.38401365316e-09, 9.6897358911e-15],
        "max": [0.0069298800081, 0.158992007375, 0.0579931810498, 0.0455181375146, 0.099142767489, 0.0523850694299, 0.0529245436192, 0.167897894979, 0.0926194116473, 0.0685960277915, 0.0505090281367, 0.0395387560129, 0.0416851602495, 0.0226798355579, 0.0263854470104, 0.0216562077403, 0.0212196111679, 0.00511985225603, 0.00358653464355, 0.00307516893372, 0.00138588959817, 0.0025676835794, 0.00516544049606, 0.00786687154323, 0.0129542350769, 0.00139879400376, 2.81688676296e-06],
        "mean": [5.68067735003e-05, 0.00210104626603, 0.00122742902022, 0.00094394601183, 0.00173026171979, 0.00146887800656, 0.00176017836202, 0.00361512764357, 0.00249216589145, 0.00153978995513, 0.000831451092381, 0.000576303747948, 0.000621616432909, 0.000360238482244, 0.000464924727567, 0.00054695061408, 0.000358935649274, 0.000190559992916, 0.000190050457604, 9.64220889728e-05, 8.31848665257e-05, 0.000151341460878, 0.00012407641043, 0.000119854797958, 0.000104134283902, 1.49271954797e-05, 2.30206254059e-09],
        "median": [2.42787541538e-06, 0.000206845099456, 0.000334353710059, 0.000244713068241, 0.000720121897757, 0.000673873233609, 0.000483587791678, 0.000406112114433, 0.000478434958495, 0.000394447473809, 0.000213097315282, 0.000151431071572, 0.000141281081596, 0.00010767117783, 0.0001083863026, 8.45125759952e-05, 8.81984378793e-05, 6.0616479459e-05, 4.99189845868e-05, 2.62324901996e-05, 1.67637736013e-05, 2.81665379589e-05, 2.84096586256e-05, 2.01056027436e-05, 1.118821001e-05, 1.44164869198e-06, 3.36944444568e-10],
        "min": [4.72921442148e-24, 1.79004277645e-23, 8.57077849215e-25, 1.50147856172e-23, 4.29734944236e-23, 2.31290025775e-23, 5.3746475557e-23, 1.13091588466e-23, 3.47583316665e-23, 3.41949871614e-23, 5.21656235465e-23, 3.46050244382e-23, 6.18008905497e-23, 9.42431928628e-23, 1.11875521516e-22, 8.99021733429e-23, 1.12971255624e-22, 1.80605109924e-22, 1.9741904272e-22, 3.87298821861e-22, 3.36949276025e-22, 5.2590026927e-22, 5.81803421122e-22, 7.62524663993e-22, 9.25114475384e-22, 1.574135207e-21, 2.30268584062e-21],
        "var": [8.64927898192e-08, 8.14127488411e-05, 8.38566211314e-06, 5.92445303482e-06, 1.26066588564e-05, 6.37181574348e-06, 1.60518029588e-05, 8.81197629496e-05, 3.32918716595e-05, 1.84372129297e-05, 4.80309608974e-06, 2.27757595894e-06, 3.49768947672e-06, 1.09619531941e-06, 1.66894517406e-06, 3.08245535052e-06, 9.17455679428e-07, 1.09652070535e-07, 9.46205815922e-08, 2.81485394993e-08, 2.49339002778e-08, 7.51776667585e-08, 6.0975054339e-08, 1.48921074583e-07, 2.11535095218e-07, 4.09910372312e-09, 1.93759549014e-15]
    },
    "erbbands": {
        "dmean": [0.0506361834705, 0.408339619637, 0.792192101479, 1.44929182529, 2.86638689041, 3.97319483757, 4.17249965668, 7.19507360458, 9.33687210083, 19.6504631042, 43.0431900024, 34.3554458618, 25.4718055725, 22.8255710602, 13.8635034561, 14.2673282623, 15.8563089371, 12.4774436951, 13.8684158325, 13.1367826462, 12.1494827271, 7.99605131149, 5.01345729828, 3.93463659286, 3.64856338501, 1.77264261246, 1.22863256931, 1.44643998146, 2.0186419487, 1.8538620472, 1.48075902462, 1.22107279301, 0.933736026287, 0.676676034927, 0.306858450174, 0.0715075209737, 0.00761477602646, 0.000204575553653, 1.17356948977e-05, 8.66066420713e-06],
        "dmean2": [0.0839391648769, 0.698808312416, 1.37472200394, 2.44131374359, 4.81483888626, 6.64649343491, 6.73521327972, 11.5040655136, 14.4463920593, 29.5801258087, 65.2110061646, 53.846244812, 40.7669372559, 35.946346283, 22.3082065582, 22.8007488251, 25.4383087158, 19.88189888, 22.283241272, 20.0003814697, 18.071018219, 12.2882289886, 8.134973526, 6.29433631897, 5.72721862793, 2.8349943161, 1.99130487442, 2.32180476189, 3.1175801754, 2.78658223152, 2.16197776794, 1.73209345341, 1.29794669151, 0.955390393734, 0.41454860568, 0.0942702740431, 0.0109417280182, 0.000286017282633, 1.60680465342e-05, 1.34876254378e-05],
        "dvar": [0.0903813391924, 5.04844093323, 11.9082593918, 21.8916969299, 112.139793396, 185.987197876, 105.020187378, 428.446136475, 510.854187012, 2605.30102539, 16377.3154297, 9459.97851562, 5723.96972656, 4235.17333984, 2049.41723633, 2168.06567383, 2820.86352539, 1367.08789062, 2150.89990234, 2290.4284668, 1689.89489746, 525.618469238, 138.299468994, 70.6133499146, 56.0848731995, 15.0097770691, 8.84081077576, 12.9785690308, 22.2847900391, 22.0240135193, 16.4664421082, 15.333363533, 14.7348356247, 13.7276191711, 2.13346481323, 0.106334604323, 0.00129303557333, 1.60080867317e-06, 2.05598293945e-09, 2.84064077816e-10],
        "dvar2": [0.230612292886, 13.7172555923, 34.799118042, 58.647769928, 313.253601074, 538.352722168, 257.854309082, 1026.73413086, 1181.99511719, 5968.19824219, 37017.0195312, 23396.0175781, 14650.5039062, 10420.9765625, 5472.49511719, 5745.2109375, 7263.28857422, 3223.94775391, 5147.4375, 5405.53222656, 3393.10131836, 1157.95861816, 344.899719238, 170.488357544, 131.070327759, 37.2822685242, 23.0004692078, 34.0480766296, 51.4149742126, 50.1500053406, 32.9742927551, 28.0031375885, 27.0742740631, 27.9840660095, 3.74225449562, 0.170490920544, 0.00248806294985, 3.32798276759e-06, 3.36140049129e-09, 7.14540482338e-10],
        "max": [4.8758597374, 37.4056129456, 65.7160491943, 79.4595413208, 228.71697998, 429.324066162, 277.2215271, 532.329162598, 647.567993164, 1499.7947998, 3820.1796875, 2102.64135742, 2268.52075195, 1993.88378906, 1395.25341797, 1319.68493652, 1757.60754395, 1265.27832031, 1594.4251709, 1207.2253418, 1219.14697266, 735.707275391, 302.087036133, 212.506912231, 214.585601807, 110.684333801, 54.4251480103, 73.2882385254, 110.536064148, 168.548797607, 144.510818481, 155.175628662, 145.733505249, 221.840530396, 60.4911689758, 11.7656517029, 1.57506370544, 0.0650089085102, 0.00230821804143, 0.000326253881212],
        "mean": [0.0528664626181, 0.503329753876, 1.41326022148, 2.35057473183, 4.47784328461, 6.47892141342, 7.0780673027, 12.8752622604, 20.1512298584, 39.2059059143, 89.921585083, 63.4496688843, 49.8234596252, 47.534576416, 26.2112369537, 24.608341217, 27.7741699219, 22.7513637543, 24.0505504608, 25.0876789093, 28.5580234528, 17.9371128082, 11.1770734787, 9.86312961578, 8.80933475494, 4.38914823532, 3.09212398529, 3.78576564789, 5.24609279633, 4.77421331406, 3.50357484818, 2.66830968857, 1.92329752445, 1.3618209362, 0.61482489109, 0.144678115845, 0.0124915009364, 0.00034034147393, 3.19800128636e-05, 2.92070217256e-05],
        "median": [0.00193704222329, 0.0689381808043, 0.397248744965, 0.784485697746, 1.50523591042, 2.28162050247, 2.80809855461, 5.8867354393, 8.37909603119, 8.62495613098, 12.8368034363, 14.5619239807, 15.3674278259, 12.4384155273, 7.53476905823, 7.40796852112, 7.14456939697, 7.48225593567, 6.81728935242, 5.22317886353, 4.99294185638, 5.03649711609, 4.34685945511, 2.7539203167, 2.30004692078, 1.22813105583, 0.724541842937, 0.686594605446, 0.909828543663, 0.991399765015, 0.790153980255, 0.578282773495, 0.236671179533, 0.141391575336, 0.0623446032405, 0.014932166785, 0.00110209174454, 3.52904935426e-05, 1.36817761813e-05, 2.10096950468e-05],
        "min": [2.37403183453e-22, 5.149618558e-21, 5.88133251123e-21, 4.55068761105e-20, 4.22270403583e-20, 1.60301993394e-19, 2.63566885023e-19, 1.66979046998e-19, 5.78528517757e-19, 5.6272838578e-19, 2.90718338998e-19, 1.09013078273e-18, 7.85581958042e-19, 7.93446067523e-19, 2.32375527466e-18, 1.84798518135e-18, 2.98517592349e-18, 4.15392153805e-18, 6.49261507418e-18, 6.67554275793e-18, 4.41153080981e-18, 7.07543081736e-18, 8.71800058283e-18, 8.27623567771e-18, 1.25857796675e-17, 1.81120294105e-17, 1.32748417973e-17, 1.65541770018e-17, 1.69712662821e-17, 1.83153073917e-17, 1.45505900483e-17, 1.81624411058e-17, 1.07676954109e-17, 9.85925505653e-18, 7.1959212541e-18, 5.42926405699e-18, 2.69720416017e-18, 1.33169688651e-18, 2.99817816874e-19, 3.00020249942e-20],
        "var": [0.0770548209548, 3.94073152542, 11.3311672211, 25.5846786499, 117.773132324, 204.526245117, 195.487686157, 608.230957031, 1340.5567627, 7961.81640625, 53410.2109375, 18722.9121094, 16144.9013672, 16434.4003906, 4379.34179688, 3920.91162109, 5929.73876953, 3286.27783203, 4016.82568359, 5047.96191406, 7284.26220703, 1773.07873535, 338.087432861, 283.949066162, 217.12902832, 51.6640357971, 31.4728164673, 55.6513824463, 96.8771591187, 75.2040481567, 54.5866737366, 53.9038848877, 49.9335823059, 38.0408744812, 7.25743150711, 0.382175534964, 0.00323966192082, 3.13099440064e-06, 7.51616457961e-09, 9.08757347151e-10]
    },
    "gfcc": {
        "mean": [-40.3989257812, 103.431968689, -137.21257019, 16.9087581635, -80.4833145142, 18.4484405518, -47.6436729431, 11.8040590286, -18.6019878387, -6.63700819016, -14.6919145584, -8.43193149567, -9.63588428497],
        "cov": [[7007.85205078, -1262.21411133, 80.345916748, 1070.2076416, -91.0188446045, 476.106781006, 120.594146729, 320.225036621, 33.5586738586, 246.046081543, -161.235305786, 205.024703979, -145.19871521], [-1262.21411133, 1410.38439941, 228.782623291, -96.1560134888, 253.372879028, -197.370742798, 111.545852661, -159.063583374, 83.2509918213, -115.911575317, 161.668960571, -127.26335144, -9.37880420685], [80.345916748, 228.782623291, 1103.36633301, 281.925323486, 35.9976348877, 105.714912415, -197.458404541, 1.81637513638, -91.8659439087, 97.6068115234, -11.2921638489, -20.4314289093, -58.4086303711], [1070.2076416, -96.1560134888, 281.925323486, 657.21862793, 186.703521729, 139.964309692, 26.6688461304, 48.2254714966, 15.9751625061, 71.5557556152, -50.4786300659, 27.0775108337, 29.5359687805], [-91.0188446045, 253.372879028, 35.9976348877, 186.703521729, 323.99710083, 71.1800537109, 90.7877349854, 33.8292312622, 7.54920864105, 22.9529914856, -18.8502292633, 12.0618267059, 38.9273262024], [476.106781006, -197.370742798, 105.714912415, 139.964309692, 71.1800537109, 264.879547119, 108.575950623, 82.9211273193, -40.3576622009, 37.6744232178, -23.2762813568, 27.7610759735, -17.1738758087], [120.594146729, 111.545852661, -197.458404541, 26.6688461304, 90.7877349854, 108.575950623, 333.328674316, 68.8010940552, 14.9662284851, -21.0757408142, 28.9401950836, -6.03349161148, -21.7712554932], [320.225036621, -159.063583374, 1.81637513638, 48.2254714966, 33.8292312622, 82.9211273193, 68.8010940552, 137.405456543, 17.0005893707, 38.5023498535, -21.0233020782, 14.2509746552, -10.641869545], [33.5586738586, 83.2509918213, -91.8659439087, 15.9751625061, 7.54920864105, -40.3576622009, 14.9662284851, 17.0005893707, 165.628143311, 17.1385135651, 17.9740581512, -35.9864730835, 2.23616075516], [246.046081543, -115.911575317, 97.6068115234, 71.5557556152, 22.9529914856, 37.6744232178, -21.0757408142, 38.5023498535, 17.1385135651, 125.747215271, -4.61027145386, 10.4081916809, -0.35287335515], [-161.235305786, 161.668960571, -11.2921638489, -50.4786300659, -18.8502292633, -23.2762813568, 28.9401950836, -21.0233020782, 17.9740581512, -4.61027145386, 118.381317139, -5.69538545609, -19.3913326263], [205.024703979, -127.26335144, -20.4314289093, 27.0775108337, 12.0618267059, 27.7610759735, -6.03349161148, 14.2509746552, -35.9864730835, 10.4081916809, -5.69538545609, 117.140296936, 36.1898040771], [-145.19871521, -9.37880420685, -58.4086303711, 29.5359687805, 38.9273262024, -17.1738758087, -21.7712554932, -10.641869545, 2.23616075516, -0.35287335515, -19.3913326263, 36.1898040771, 129.195236206]],
        "icov": [[0.000313751021167, -0.000169051068951, 0.000293263059575, -0.000677086529322, 0.000655251264106, -0.000365131738363, 0.000176803645445, -0.000459218688775, 3.54495969077e-05, -0.000396179268137, 0.000352785136783, -0.000557390216272, 0.000581107975449], [-0.000169051068951, 0.00372311775573, -0.00227284803987, 0.00164886238053, -0.00426663644612, 0.00302740442567, -0.00262852944434, 0.00332612311468, -0.00193761300761, 0.00297845178284, -0.00330734811723, 0.00197558337823, -0.000813323596958], [0.000293263059575, -0.00227284803987, 0.00301439873874, -0.00196422752924, 0.00273501244374, -0.00256402278319, 0.00285676238127, -0.00231678877026, 0.00208594673313, -0.00259299436584, 0.00156748073641, -0.000766452692915, 0.00150888145436], [-0.000677086529322, 0.00164886238053, -0.00196422752924, 0.00426391931251, -0.00374689279124, 0.00103880465031, -0.00146664632484, 0.00241575948894, -0.00160521420185, 0.00139700539876, -0.00107884849422, 0.0012983531924, -0.00177920842543], [0.000655251264106, -0.00426663644612, 0.00273501244374, -0.00374689279124, 0.00980827119201, -0.00390619249083, 0.00183180684689, -0.00427200971171, 0.00209182756953, -0.00409974716604, 0.00442370027304, -0.00281281257048, 0.000406506413128], [-0.000365131738363, 0.00302740442567, -0.00256402278319, 0.00103880465031, -0.00390619249083, 0.00920068845153, -0.00426010787487, 0.00059719820274, 5.01986469317e-05, 0.00179158395622, -0.00206066272222, 0.0010687764734, -0.000460602983367], [0.000176803645445, -0.00262852944434, 0.00285676238127, -0.00146664632484, 0.00183180684689, -0.00426010787487, 0.00733469473198, -0.00426625227556, 0.00157995265909, -0.000829677155707, 0.000340607599355, -0.000518792076036, 0.00156790867914], [-0.000459218688775, 0.00332612311468, -0.00231678877026, 0.00241575948894, -0.00427200971171, 0.00059719820274, -0.00426625227556, 0.0143648935482, -0.00363524747081, 0.000284083012957, -0.00077880040044, 0.000696031784173, -0.000291615666356], [3.54495969077e-05, -0.00193761300761, 0.00208594673313, -0.00160521420185, 0.00209182756953, 5.01986469317e-05, 0.00157995265909, -0.00363524747081, 0.00920552574098, -0.0029992077034, 7.49161408748e-05, 0.00201419042423, -0.000168083948665], [-0.000396179268137, 0.00297845178284, -0.00259299436584, 0.00139700539876, -0.00409974716604, 0.00179158395622, -0.000829677155707, 0.000284083012957, -0.0029992077034, 0.012855890207, -0.00347821926698, 0.00119142408948, -0.00113244401291], [0.000352785136783, -0.00330734811723, 0.00156748073641, -0.00107884849422, 0.00442370027304, -0.00206066272222, 0.000340607599355, -0.00077880040044, 7.49161408748e-05, -0.00347821926698, 0.0133004682139, -0.00330866314471, 0.00241044629365], [-0.000557390216272, 0.00197558337823, -0.000766452692915, 0.0012983531924, -0.00281281257048, 0.0010687764734, -0.000518792076036, 0.000696031784173, 0.00201419042423, 0.00119142408948, -0.00330866314471, 0.0128266010433, -0.00428802100942], [0.000581107975449, -0.000813323596958, 0.00150888145436, -0.00177920842543, 0.000406506413128, -0.000460602983367, 0.00156790867914, -0.000291615666356, -0.000168083948665, -0.00113244401291, 0.00241044629365, -0.00428802100942, 0.0110424235463]]
    },
    "melbands": {
        "dmean": [0.000476423330838, 0.000451423227787, 0.000284342037048, 0.000250291457633, 0.000143200231832, 0.00015808979515, 0.000156097390573, 0.000240098059294, 0.000354355404852, 0.000208059325814, 0.00012808557949, 9.50086396188e-05, 5.19909190189e-05, 3.95470524381e-05, 3.42780476785e-05, 4.08441956097e-05, 2.30803070735e-05, 2.30184741667e-05, 2.05092037504e-05, 2.16385815293e-05, 1.47220216604e-05, 1.06084171421e-05, 5.599727956e-06, 4.30058616985e-06, 3.54663575308e-06, 3.21555444316e-06, 2.18257673623e-06, 1.21145887988e-06, 8.63301863774e-07, 9.2578056865e-07, 8.75634555086e-07, 1.19944832022e-06, 1.35876007334e-06, 1.01891305349e-06, 9.39042763548e-07, 8.68177380653e-07, 7.76474792019e-07, 6.93482547831e-07, 6.64718015742e-07, 5.94221489791e-07],
        "dmean2": [0.000800957088359, 0.000776118191425, 0.000476371409604, 0.000418786949012, 0.000232414531638, 0.000251977180596, 0.00024038401898, 0.000360875972547, 0.000534022692591, 0.000326942215906, 0.000204201234737, 0.000149380182847, 8.24378657853e-05, 6.39638383291e-05, 5.45269140275e-05, 6.59173892927e-05, 3.70070811186e-05, 3.70130583178e-05, 3.23309650412e-05, 3.27105772158e-05, 2.20858219109e-05, 1.63571439771e-05, 9.08930815058e-06, 6.98495523466e-06, 5.73681791138e-06, 5.10938434672e-06, 3.46595243172e-06, 1.97589133677e-06, 1.41321140745e-06, 1.51280346472e-06, 1.41723216984e-06, 1.89552019947e-06, 2.08928281609e-06, 1.56414205321e-06, 1.41281873312e-06, 1.29985437525e-06, 1.11595102226e-06, 9.96810854303e-07, 9.4212600743e-07, 8.53184815242e-07],
        "dvar": [7.67089204601e-06, 4.55791450804e-06, 8.69993471042e-07, 8.38606524667e-07, 1.05462703459e-07, 1.90741985762e-07, 1.38447504128e-07, 4.21525612637e-07, 1.06582433546e-06, 3.53989349833e-07, 1.47144362472e-07, 7.63240635138e-08, 2.3199506316e-08, 1.73665313241e-08, 1.28714976455e-08, 2.35230004364e-08, 5.19318765768e-09, 6.69639321771e-09, 5.78655745542e-09, 6.06969940975e-09, 2.59744759035e-09, 1.14288190023e-09, 1.76955172737e-10, 1.27726482169e-10, 6.14528011811e-11, 4.75841172021e-11, 2.17326139723e-11, 8.03836077562e-12, 4.52177401425e-12, 5.16540759818e-12, 4.57926188288e-12, 8.43719712151e-12, 9.87505997113e-12, 7.54925288948e-12, 6.70446293968e-12, 6.06064070457e-12, 6.72395255794e-12, 7.5023320889e-12, 9.94743263455e-12, 1.15318379845e-11],
        "dvar2": [1.99304158741e-05, 1.28751562443e-05, 2.35083348343e-06, 2.40395752371e-06, 2.67549495447e-07, 4.56742156985e-07, 3.14483997954e-07, 9.7544966593e-07, 2.44354100687e-06, 8.72319276368e-07, 3.77212472813e-07, 1.88980536109e-07, 5.91001452221e-08, 4.64300811132e-08, 3.14191623829e-08, 6.17645170564e-08, 1.19992380476e-08, 1.59475028738e-08, 1.41272984422e-08, 1.38124267579e-08, 5.54909096451e-09, 2.55459342569e-09, 4.32083063773e-10, 3.1740529649e-10, 1.49187703857e-10, 1.14180574717e-10, 4.87037944696e-11, 2.11176059278e-11, 1.18629975634e-11, 1.40154251052e-11, 1.18275554281e-11, 2.03681793653e-11, 2.32468575639e-11, 1.77883940217e-11, 1.42207990175e-11, 1.27245280285e-11, 1.23940285118e-11, 1.45081889211e-11, 1.98091577863e-11, 2.48961389698e-11],
        "max": [0.043761048466, 0.0335803031921, 0.0191213265061, 0.0266977157444, 0.00751560693607, 0.0124656092376, 0.0101655004546, 0.0256657041609, 0.0331183038652, 0.0131003241986, 0.0117835877463, 0.00776029657573, 0.00409907614812, 0.0055066626519, 0.00330404075794, 0.00525934202597, 0.00250962958671, 0.0033594109118, 0.00279280776158, 0.00178666529246, 0.00159344659187, 0.00113013805822, 0.000320331251714, 0.000367149914382, 0.000209336940316, 0.000204756055609, 0.000171319494257, 5.82006505283e-05, 4.53618558822e-05, 3.95655188186e-05, 4.84360753035e-05, 6.95643320796e-05, 6.41437945887e-05, 0.000102045079984, 9.19754093047e-05, 7.85922602518e-05, 0.000103164406028, 0.000106925283035, 0.000135442809551, 0.000203857460292],
        "mean": [0.000537437037565, 0.000725380319636, 0.000471565814223, 0.000412931083702, 0.000248316733632, 0.000289895833703, 0.000338903802913, 0.000477229332319, 0.000721848045941, 0.00037527809036, 0.000240303270402, 0.000191031693248, 9.34456693358e-05, 6.59129655105e-05, 5.68851828575e-05, 6.5928667027e-05, 3.84533959732e-05, 3.63339677278e-05, 3.30604379997e-05, 4.11537403124e-05, 3.14099634124e-05, 2.13383518712e-05, 1.068327947e-05, 8.94180720934e-06, 7.83206178312e-06, 6.9797811193e-06, 4.69489168609e-06, 2.53668076766e-06, 1.88534988865e-06, 2.05876858672e-06, 2.12861982618e-06, 2.8171714348e-06, 3.25748305841e-06, 2.38114853346e-06, 2.02992919185e-06, 1.81363270713e-06, 1.55334259944e-06, 1.35504831178e-06, 1.24025223158e-06, 1.12714417355e-06],
        "median": [3.70703528461e-05, 0.000182688818313, 0.000165859004483, 0.000142190343468, 0.000113037225674, 0.000133955778438, 0.000122368030134, 9.0349392849e-05, 9.00766463019e-05, 7.95266169007e-05, 6.67374333716e-05, 4.45858386229e-05, 2.62862977252e-05, 1.8405742594e-05, 1.34164265546e-05, 1.52465036081e-05, 1.15772290883e-05, 9.57832435233e-06, 7.56296321924e-06, 6.5006679506e-06, 5.35992876394e-06, 5.16173167853e-06, 3.90472996514e-06, 2.69121824203e-06, 1.84182749763e-06, 1.6639489786e-06, 1.2638483895e-06, 5.90346076024e-07, 4.09212191244e-07, 3.84043914892e-07, 3.49624770024e-07, 4.57366979845e-07, 5.85710438372e-07, 4.87937199978e-07, 4.21056313371e-07, 4.03518384928e-07, 3.00328792946e-07, 1.64056501717e-07, 1.06111087916e-07, 1.1442119785e-07],
        "min": [4.16657870793e-24, 7.24503818193e-24, 6.7356793729e-24, 7.86472865489e-24, 1.01949385719e-23, 4.13663197024e-24, 9.80382764601e-24, 5.85839110451e-24, 1.86743354168e-24, 6.61704810339e-24, 3.28621092378e-24, 2.44187613641e-24, 7.64179656307e-24, 4.65084937359e-24, 5.36010908588e-24, 7.13128128395e-24, 6.94539173366e-24, 9.41865605385e-24, 1.06893595109e-23, 6.71505697111e-24, 4.36963071607e-24, 6.55887395036e-24, 4.42300425605e-24, 8.05397796377e-24, 6.38690740062e-24, 8.16851188974e-24, 1.1524834207e-23, 1.09787720666e-23, 7.64181312915e-24, 7.45787916505e-24, 1.07921315207e-23, 9.2133581587e-24, 8.53694148691e-24, 1.1262152203e-23, 8.13612362755e-24, 9.27496582882e-24, 1.00894781241e-23, 7.06835937157e-24, 7.32767372833e-24, 8.27098413247e-24],
        "var": [6.37969014861e-06, 3.85822249882e-06, 1.00261115676e-06, 8.75385239851e-07, 1.8021310666e-07, 2.76246225894e-07, 4.40376680899e-07, 1.26487145735e-06, 3.36341190632e-06, 7.59522379212e-07, 4.13795675058e-07, 2.97538264249e-07, 5.33079749232e-08, 2.75956661966e-08, 2.75027414176e-08, 4.42618883767e-08, 1.23224710435e-08, 1.08570556989e-08, 9.30866494997e-09, 1.9316006572e-08, 9.16374709448e-09, 3.46788153749e-09, 3.86079807013e-10, 2.82536355423e-10, 2.12010409228e-10, 1.59480401107e-10, 7.65126295654e-11, 2.21168326708e-11, 1.31479991825e-11, 1.64086452759e-11, 1.8149766412e-11, 3.12033107686e-11, 3.65891206222e-11, 2.03012624073e-11, 1.92894328982e-11, 1.8177676378e-11, 2.24602281218e-11, 2.36110350021e-11, 2.83924203592e-11, 2.81913346833e-11]
    },
    "mfcc": {
        "mean": [-673.754943848, 128.02180481, -3.57585430145, -2.74758148193, -5.05683660507, -4.71076774597, -12.8418807983, 6.00091600418, -3.84541654587, 1.76965045929, 0.625326573849, -4.19347715378, -3.17069888115],
        "cov": [[6794.69287109, -1787.38671875, 84.8606948853, 557.66394043, 0.37257039547, 365.408203125, 123.408546448, 332.749633789, 187.434585571, 233.306259155, 98.3906784058, -15.8749160767, 208.416275024], [-1787.38671875, 1442.87072754, 25.2502250671, 17.6476364136, 57.9087142944, -58.4554481506, 17.1892566681, -38.0325279236, -121.403022766, -49.3744773865, 56.3879737854, 44.1865577698, -33.9842338562], [84.8606948853, 25.2502250671, 971.560119629, 169.517593384, 251.56022644, 51.9969024658, 18.1469135284, -113.146125793, -50.8539619446, -10.2963514328, -26.199048996, 77.5137252808, 33.1108932495], [557.66394043, 17.6476364136, 169.517593384, 460.701934814, 189.084991455, 137.605606079, 51.5824813843, 9.95074748993, 79.1381912231, 30.3054599762, -19.4394950867, 17.344581604, 70.2907867432], [0.37257039547, 57.9087142944, 251.56022644, 189.084991455, 327.910949707, 73.6770553589, 7.21625471115, -54.6246032715, 60.8261604309, -8.01327514648, -41.4295578003, 29.2412776947, 37.1921043396], [365.408203125, -58.4554481506, 51.9969024658, 137.605606079, 73.6770553589, 199.53616333, 111.840332031, 64.4861221313, 65.3751983643, 19.4883708954, 19.7759132385, 3.95477485657, 8.61643028259], [123.408546448, 17.1892566681, 18.1469135284, 51.5824813843, 7.21625471115, 111.840332031, 277.288085938, 98.4375610352, 50.2558898926, -2.24951052666, 59.3474655151, 8.30700969696, -35.7346954346], [332.749633789, -38.0325279236, -113.146125793, 9.95074748993, -54.6246032715, 64.4861221313, 98.4375610352, 201.210479736, 30.4480876923, 24.649471283, 48.930316925, -9.52497291565, -4.54914951324], [187.434585571, -121.403022766, -50.8539619446, 79.1381912231, 60.8261604309, 65.3751983643, 50.2558898926, 30.4480876923, 185.985443115, 33.2635231018, -11.4057064056, -4.86638593674, 12.7670660019], [233.306259155, -49.3744773865, -10.2963514328, 30.3054599762, -8.01327514648, 19.4883708954, -2.24951052666, 24.649471283, 33.2635231018, 141.770706177, 51.6239318848, 11.4017381668, 4.66501426697], [98.3906784058, 56.3879737854, -26.199048996, -19.4394950867, -41.4295578003, 19.7759132385, 59.3474655151, 48.930316925, -11.4057064056, 51.6239318848, 153.057418823, 26.5350399017, -26.9456825256], [-15.8749160767, 44.1865577698, 77.5137252808, 17.344581604, 29.2412776947, 3.95477485657, 8.30700969696, -9.52497291565, -4.86638593674, 11.4017381668, 26.5350399017, 96.8171081543, 20.0243854523], [208.416275024, -33.9842338562, 33.1108932495, 70.2907867432, 37.1921043396, 8.61643028259, -35.7346954346, -4.54914951324, 12.7670660019, 4.66501426697, -26.9456825256, 20.0243854523, 115.842315674]],
