{
"lowlevel": {
    "average_loudness": 0.890755534172,
    "barkbands_crest": {
        "dmean": 2.87863492966,
        "dmean2": 4.4339966774,
        "dvar": 7.17679786682,
        "dvar2": 14.3835487366,
        "max": 26.2701587677,
        "mean": 11.3164539337,
        "median": 10.3275327682,
        "min": 2.5959649086,
        "var": 23.5274486542
    },
    "barkbands_flatness_db": {
        "dmean": 0.0248290020972,
        "dmean2": 0.0365597270429,
        "dvar": 0.000650582951494,
        "dvar2": 0.00135057175066,
        "max": 0.499185144901,
        "mean": 0.169659867883,
        "median": 0.157321602106,
        "min": 0.0332631208003,
        "var": 0.00400498928502
    },
    "barkbands_kurtosis": {
        "dmean": 4.84935379028,
        "dmean2": 7.08982086182,
        "dvar": 165.409484863,
        "dvar2": 305.990844727,
        "max": 443.768859863,
        "mean": 7.33715295792,
        "median": 2.20418906212,
        "min": -1.88314521313,
        "var": 337.013549805
    },
    "barkbands_skewness": {
        "dmean": 0.661954700947,
        "dmean2": 0.954338431358,
        "dvar": 0.634734451771,
        "dvar2": 1.16375648975,
        "max": 18.4068908691,
        "mean": 1.76080405712,
        "median": 1.40956091881,
        "min": -2.91622877121,
        "var": 2.73017191887
    },
    "barkbands_spread": {
        "dmean": 5.22620582581,
        "dmean2": 7.81679058075,
        "dvar": 45.8313331604,
        "dvar2": 94.6278457642,
        "max": 97.4919586182,
        "mean": 19.5700817108,
        "median": 16.8052368164,
        "min": 0.218491464853,
        "var": 194.934799194
    },
    "dissonance": {
        "dmean": 0.0217098016292,
        "dmean2": 0.0373035445809,
        "dvar": 0.000586604932323,
        "dvar2": 0.00163658265956,
        "max": 0.500000119209,
        "mean": 0.460693597794,
        "median": 0.470848202705,
        "min": 0.147934213281,
        "var": 0.00123616249766
    },
    "dynamic_complexity": 3.29300045967,
    "erbbands_crest": {
        "dmean": 2.73639178276,
        "dmean2": 4.43090629578,
        "dvar": 6.28308296204,
        "dvar2": 15.6581220627,
        "max": 31.1041679382,
        "mean": 10.0555677414,
        "median": 8.8651304245,
        "min": 2.30355143547,
        "var": 26.0291118622
    },
    "erbbands_flatness_db": {
        "dmean": 0.0169305950403,
        "dmean2": 0.0254715867341,
        "dvar": 0.000309883063892,
        "dvar2": 0.00067848036997,
        "max": 0.416201263666,
        "mean": 0.169295862317,
        "median": 0.16455283761,
        "min": 0.0609400197864,
        "var": 0.00271894852631
    },
    "erbbands_kurtosis": {
        "dmean": 1.21846246719,
        "dmean2": 1.94068050385,
        "dvar": 3.41899061203,
        "dvar2": 8.68684864044,
        "max": 35.5652389526,
        "mean": 1.24960720539,
        "median": 0.480618476868,
        "min": -1.8567456007,
        "var": 7.65567159653
    },
    "erbbands_skewness": {
        "dmean": 0.396058946848,
        "dmean2": 0.6035785079,
        "dvar": 0.150646716356,
        "dvar2": 0.330043166876,
        "max": 5.39488172531,
        "mean": 0.353901803493,
        "median": 0.378683179617,
        "min": -4.33170366287,
        "var": 0.887252151966
    },
    "erbbands_spread": {
        "dmean": 7.41880321503,
        "dmean2": 11.0643157959,
        "dvar": 73.7540206909,
        "dvar2": 154.179641724,
        "max": 155.943603516,
        "mean": 34.1691703796,
        "median": 30.0331459045,
        "min": 1.59403061867,
        "var": 385.504852295
    },
    "hfc": {
        "dmean": 6.73719930649,
        "dmean2": 10.3018579483,
        "dvar": 135.528900146,
        "dvar2": 340.130432129,
        "max": 192.966888428,
        "mean": 21.6955528259,
        "median": 16.6923179626,
        "min": 1.12022886601e-16,
        "var": 409.288330078
    },
    "melbands_crest": {
        "dmean": 3.56008410454,
        "dmean2": 5.69880342484,
        "dvar": 10.638543129,
        "dvar2": 24.0914821625,
        "max": 38.3276939392,
        "mean": 15.4627361298,
        "median": 14.7863864899,
        "min": 1.79495251179,
        "var": 35.0562934875
    },
    "melbands_flatness_db": {
        "dmean": 0.0303844772279,
        "dmean2": 0.0435669086874,
        "dvar": 0.00101750378963,
        "dvar2": 0.00208572088741,
        "max": 0.630471229553,
        "mean": 0.227328941226,
        "median": 0.209643602371,
        "min": 0.00636401306838,
        "var": 0.00739631708711
    },
    "melbands_kurtosis": {
        "dmean": 10.5669641495,
        "dmean2": 15.5076065063,
        "dvar": 565.351135254,
        "dvar2": 1143.50256348,
        "max": 777.965026855,
        "mean": 18.7151527405,
        "median": 7.25863933563,
        "min": -1.78887414932,
        "var": 1237.17919922
    },
    "melbands_skewness": {
        "dmean": 0.874972701073,
        "dmean2": 1.26984488964,
        "dvar": 1.054033041,
        "dvar2": 1.9711920023,
        "max": 21.7616481781,
        "mean": 2.82667732239,
        "median": 2.30879259109,
        "min": -2.46476221085,
        "var": 4.8259472847
    },
    "melbands_spread": {
        "dmean": 6.30701541901,
        "dmean2": 9.48805618286,
        "dvar": 71.4345703125,
        "dvar2": 143.083282471,
        "max": 199.913467407,
        "mean": 20.9034538269,
        "median": 16.7442493439,
        "min": 0.177124381065,
        "var": 300.881896973
    },
    "pitch_salience": {
        "dmean": 0.0823649987578,
        "dmean2": 0.127742931247,
        "dvar": 0.00616389326751,
        "dvar2": 0.0135473208502,
        "max": 0.887010514736,
        "mean": 0.5186008811,
        "median": 0.526693403721,
        "min": 0.0657971054316,
        "var": 0.0183914694935
    },
    "silence_rate_20dB": {
        "dmean": 0,
        "dmean2": 0,
        "dvar": 0,
        "dvar2": 0,
        "max": 1,
        "mean": 1,
        "median": 1,
        "min": 1,
        "var": 0
    },
    "silence_rate_30dB": {
        "dmean": 0.0426465198398,
        "dmean2": 0.0853034332395,
        "dvar": 0.0408286489546,
        "dvar2": 0.0870391651988,
        "max": 1,
        "mean": 0.95723682642,
        "median": 1,
        "min": 0,
        "var": 0.0409356094897
    },
    "silence_rate_60dB": {
        "dmean": 0.014134275727,
        "dmean2": 0.0282719954848,
        "dvar": 0.013933272101,
        "dvar2": 0.0303935837001,
        "max": 1,
        "mean": 0.0559210516512,
        "median": 0,
        "min": 0,
        "var": 0.0527809411287
    },
    "spectral_centroid": {
        "dmean": 211.10925293,
        "dmean2": 317.24206543,
        "dvar": 72134.4140625,
        "dvar2": 149329.640625,
        "max": 11231.4208984,
        "mean": 1185.64367676,
        "median": 1143.17260742,
        "min": 124.818847656,
        "var": 409620.5
    },
    "spectral_complexity": {
        "dmean": 3.41440224648,
        "dmean2": 5.28223228455,
        "dvar": 15.1994018555,
        "dvar2": 31.9284801483,
        "max": 61,
        "mean": 17.3101844788,
        "median": 16,
        "min": 0,
        "var": 112.513130188
    },
    "spectral_decrease": {
        "dmean": 3.23934434832e-09,
        "dmean2": 4.58628690581e-09,
        "dvar": 2.01745066606e-17,
        "dvar2": 3.87764437151e-17,
        "max": 1.12235410684e-29,
        "mean": -8.85653239635e-09,
        "median": -7.12874914655e-09,
        "min": -5.15409368518e-08,
        "var": 5.94461685192e-17
    },
    "spectral_energy": {
        "dmean": 0.0125879794359,
        "dmean2": 0.0178450401872,
        "dvar": 0.000294723839033,
        "dvar2": 0.000567995826714,
        "max": 0.199414178729,
        "mean": 0.0353944189847,
        "median": 0.0287816561759,
        "min": 1.01184432222e-20,
        "var": 0.000905504799448
    },
    "spectral_energyband_high": {
        "dmean": 0.000348065368598,
        "dmean2": 0.000521799258422,
        "dvar": 8.35497985463e-07,
        "dvar2": 1.99684245672e-06,
        "max": 0.014739559032,
        "mean": 0.000770547834691,
        "median": 0.000299890554743,
        "min": 7.11124668452e-21,
        "var": 1.8339773078e-06
    },
    "spectral_energyband_low": {
        "dmean": 0.00956051424146,
        "dmean2": 0.0135120581836,
        "dvar": 0.000299230974633,
        "dvar2": 0.000577098340727,
        "max": 0.178625822067,
        "mean": 0.0181380268186,
        "median": 0.0102473497391,
        "min": 3.60532531533e-23,
        "var": 0.00062111573061
    },
    "spectral_energyband_middle_high": {
        "dmean": 0.00225190143101,
        "dmean2": 0.00355450809002,
        "dvar": 1.8497767087e-05,
        "dvar2": 4.77700777992e-05,
        "max": 0.0690511763096,
        "mean": 0.00602707779035,
        "median": 0.00330058299005,
        "min": 1.55407779371e-21,
        "var": 4.59985421912e-05
    },
    "spectral_energyband_middle_low": {
        "dmean": 0.00521484436467,
        "dmean2": 0.00826175138354,
        "dvar": 5.98162769165e-05,
        "dvar2": 0.000151087922859,
        "max": 0.0972932875156,
        "mean": 0.011642052792,
        "median": 0.00833227485418,
        "min": 3.30789749103e-22,
        "var": 0.000123971869471
    },
    "spectral_entropy": {
        "dmean": 0.170791551471,
        "dmean2": 0.253848552704,
        "dvar": 0.0381718948483,
        "dvar2": 0.0871196612716,
        "max": 9.80314159393,
        "mean": 7.46761989594,
        "median": 7.54854393005,
        "min": 4.66441059113,
        "var": 0.276430994272
    },
    "spectral_flux": {
        "dmean": 0.0285138022155,
        "dmean2": 0.0426140911877,
        "dvar": 0.00106959557161,
        "dvar2": 0.0021007868927,
        "max": 0.367257297039,
        "mean": 0.0949986577034,
        "median": 0.0845129415393,
        "min": 6.68361962997e-11,
        "var": 0.00316740688868
    },
    "spectral_kurtosis": {
        "dmean": 1.9852451086,
        "dmean2": 3.23278093338,
        "dvar": 10.1941251755,
        "dvar2": 26.2436733246,
        "max": 69.1645278931,
        "mean": 5.9390463829,
        "median": 4.62864685059,
        "min": -1.26207745075,
        "var": 29.5341720581
    },
    "spectral_rms": {
        "dmean": 0.000963594939094,
        "dmean2": 0.00134775333572,
        "dvar": 1.08852589165e-06,
        "dvar2": 2.00068461709e-06,
        "max": 0.0139481332153,
        "mean": 0.00536832772195,
        "median": 0.00529902474955,
        "min": 3.1419183661e-12,
        "var": 5.71229838897e-06
    },
    "spectral_rolloff": {
        "dmean": 389.873199463,
        "dmean2": 641.570922852,
        "dvar": 637670.25,
        "dvar2": 1282449.875,
        "max": 19099.9511719,
        "mean": 1245.83251953,
        "median": 839.794921875,
        "min": 43.06640625,
        "var": 1735220.25
    },
    "spectral_skewness": {
        "dmean": 0.239365741611,
        "dmean2": 0.371292173862,
        "dvar": 0.0779525488615,
        "dvar2": 0.187277019024,
        "max": 6.67552185059,
        "mean": 1.84689617157,
        "median": 1.75464749336,
        "min": -0.0580819360912,
        "var": 0.435702860355
    },
    "spectral_spread": {
        "dmean": 497500.125,
        "dmean2": 714521.9375,
        "dvar": 478148001792,
        "dvar2": 855702568960,
        "max": 41640700,
        "mean": 4415998.5,
        "median": 4233864.5,
        "min": 630861.5625,
        "var": 2.5751299031e+12
    },
    "spectral_strongpeak": {
        "dmean": 0.592118561268,
        "dmean2": 1.02652645111,
        "dvar": 1.26544606686,
        "dvar2": 3.31989192963,
        "max": 11.7662334442,
        "mean": 0.989302635193,
        "median": 0.45529282093,
        "min": 0,
        "var": 2.02849888802
    },
    "zerocrossingrate": {
        "dmean": 0.00960064306855,
        "dmean2": 0.0111100347713,
        "dvar": 0.000167253994732,
        "dvar2": 0.000168504586327,
        "max": 0.67724609375,
        "mean": 0.0513528734446,
        "median": 0.046875,
        "min": 0.00146484375,
        "var": 0.00131770328153
    },
    "barkbands": {
        "dmean": [0.000292147771688, 0.00767210498452, 0.00332638458349, 0.00150642602239, 0.00192323466763, 0.00111755088437, 0.000835062586702, 0.000927984889131, 0.00138284999412, 0.000702571996953, 0.000369984481949, 0.000441959244199, 0.000322966603562, 0.000339214195265, 0.000373407674488, 0.00045610795496, 0.000320635735989, 0.000153596760356, 9.59983517532e-05, 9.97711831587e-05, 6.64260878693e-05, 9.2863876489e-05, 7.60471084504e-05, 6.24485546723e-05, 6.04265587754e-05, 1.95317461475e-05, 5.64359936561e-08],
        "dmean2": [0.000447698548669, 0.0109485099092, 0.00561230955645, 0.00250616692938, 0.00316217239015, 0.00182218884584, 0.00130353553686, 0.00149962154683, 0.00221929163672, 0.00114645168651, 0.0005959472619, 0.000736154324841, 0.000534432183485, 0.000547437986825, 0.000588270137087, 0.000711390399374, 0.000508344674017, 0.000250250101089, 0.000159943316248, 0.000173600143171, 0.000111052511784, 0.000146187740029, 0.000117119496281, 9.54234565143e-05, 8.84263208718e-05, 2.97065762425e-05, 1.07761927381e-07],
        "dvar": [6.59550266846e-07, 0.000255574967014, 6.49384382996e-05, 1.10239188871e-05, 1.22016199384e-05, 5.32977583134e-06, 4.80802918901e-06, 4.89430067319e-06, 9.98402447294e-06, 5.71309738007e-06, 1.71367344137e-06, 1.32467391722e-06, 4.93879440455e-07, 6.45296950097e-07, 9.58027385423e-07, 1.30676232857e-06, 4.33738449601e-07, 1.07866945598e-07, 5.51310819219e-08, 1.64834588645e-07, 4.0761808151e-08, 4.82839865867e-08, 3.58993652583e-08, 3.71122830245e-08, 3.63979602014e-08, 4.34363744972e-09, 7.66638326172e-13],
        "dvar2": [1.14321449018e-06, 0.00049342145212, 0.000178232861799, 2.9545122743e-05, 3.32314884872e-05, 1.32226196001e-05, 1.15760221888e-05, 1.22194687719e-05, 2.46308063652e-05, 1.46936417877e-05, 4.36122900282e-06, 3.63980711882e-06, 1.28822330225e-06, 1.59376884312e-06, 2.28900239563e-06, 3.15673878504e-06, 1.06676270661e-06, 2.79284677163e-07, 1.46301957216e-07, 4.73722707284e-07, 1.14290024555e-07, 1.19340867855e-07, 7.61614344924e-08, 7.87521798884e-08, 7.1913859756e-08, 9.14778919281e-09, 2.27238236908e-12],
        "max": [0.0244444906712, 0.166131347418, 0.0924047976732, 0.0512974783778, 0.0435614399612, 0.0314750932157, 0.0420733690262, 0.0455096364021, 0.0648600980639, 0.0449106357992, 0.0492813326418, 0.0264177564532, 0.0135454107076, 0.0193958729506, 0.0191583242267, 0.0209242310375, 0.0136635787785, 0.00764942727983, 0.00324425753206, 0.00740110781044, 0.00364929437637, 0.00396222714335, 0.00508472928777, 0.00471229292452, 0.00691515766084, 0.00230009341612, 3.6416331568e-05],
        "mean": [0.000527973636054, 0.0123709216714, 0.00416624452919, 0.00185559282545, 0.00293187028728, 0.0015847425675, 0.00116429675836, 0.00138865015469, 0.00250463117845, 0.00104329211172, 0.00053751753876, 0.000685607548803, 0.00051663024351, 0.000550690980162, 0.000635055126622, 0.000980023061857, 0.000660061254166, 0.000292630982585, 0.000154311434017, 0.000143824494444, 0.000117830677482, 0.000186680030311, 0.000148375751451, 0.000108237261884, 0.000110148270323, 2.85537407763e-05, 3.197659737e-08],
        "median": [9.43572667893e-05, 0.00496633071452, 0.00137975439429, 0.000784809933975, 0.00164714362472, 0.000685084378347, 0.000293119868729, 0.000324743275996, 0.000578210689127, 0.000252059660852, 0.000145104902913, 0.000159385133884, 0.000148515013279, 0.000152748951223, 0.000165773788467, 0.000205475080293, 0.000198407913558, 9.86734958133e-05, 5.78793842578e-05, 4.11089786212e-05, 3.88850421587e-05, 6.15065873717e-05, 5.04896233906e-05, 2.72567740467e-05, 3.1124229281e-05, 7.53644417273e-06, 6.01409921863e-10],
        "min": [7.32470524475e-24, 2.13534297188e-23, 4.60683685153e-24, 3.72957303783e-24, 6.363389406e-23, 2.23660131545e-23, 3.69028815918e-23, 5.5847414096e-23, 5.47750681359e-23, 5.84000102131e-23, 9.77179105802e-23, 1.1407302294e-22, 1.35796977471e-22, 8.76880111759e-23, 1.09250356506e-22, 1.14056084519e-22, 1.76307408335e-22, 1.36734283066e-22, 2.71562173313e-22, 5.13014800674e-22, 4.11270222178e-22, 2.9645604864e-22, 5.52431390695e-22, 6.74847255108e-22, 8.55301825128e-22, 1.59862256022e-21, 2.16678769963e-21],
        "var": [2.02881528821e-06, 0.000438771676272, 6.21178478468e-05, 1.0735633623e-05, 1.50659607243e-05, 7.13020108378e-06, 7.1525137173e-06, 1.06544184746e-05, 3.03528195218e-05, 7.64364631323e-06, 2.08503843169e-06, 2.63716674453e-06, 1.11852386908e-06, 1.34523850193e-06, 1.82949656846e-06, 5.13259101353e-06, 1.26234272102e-06, 2.15677317783e-07, 7.23566273564e-08, 1.30185910052e-07, 5.07631696678e-08, 1.12295445831e-07, 8.86425723934e-08, 7.86719951407e-08, 8.90455709168e-08, 7.40465955218e-09, 4.02233693401e-13]
    },
    "erbbands": {
        "dmean": [0.202615126967, 1.85211515427, 3.74521279335, 4.57247924805, 5.01838302612, 7.16010093689, 8.29923439026, 10.0943307877, 11.00578022, 12.2747850418, 25.7067756653, 29.9870929718, 23.2147464752, 17.9007282257, 15.4507408142, 14.9088010788, 13.2036523819, 15.5408773422, 18.5752449036, 16.9600276947, 25.0603237152, 18.1138763428, 8.93179607391, 5.63571119308, 4.91434001923, 4.21310520172, 3.17206454277, 2.42608189583, 3.06449246407, 3.30509567261, 2.00013279915, 1.22171938419, 1.17967891693, 0.772047042847, 0.38669487834, 0.144637688994, 0.0238079521805, 0.00107272458263, 3.33426432917e-05, 1.53974215209e-05],
        "dmean2": [0.281019508839, 2.68007564545, 5.99560642242, 7.66941452026, 8.15768718719, 11.9535226822, 13.5501613617, 16.5824127197, 17.3479671478, 19.6019077301, 41.4653549194, 47.2265129089, 37.3762016296, 28.8811244965, 25.2368068695, 24.723361969, 21.7945213318, 25.102596283, 29.5805091858, 26.0782566071, 38.7777099609, 28.6864471436, 14.3738145828, 9.38023757935, 8.28285598755, 7.27493333817, 5.4043211937, 3.92151713371, 4.80521869659, 5.18889093399, 3.08808636665, 1.85622823238, 1.81924307346, 1.14398229122, 0.566291987896, 0.212976455688, 0.0375790037215, 0.00184950849507, 5.28298478457e-05, 2.20525998884e-05],
        "dvar": [0.167762100697, 15.9537038803, 68.8918151855, 110.242668152, 98.1759872437, 191.541931152, 264.696960449, 529.040039062, 756.943725586, 1014.35015869, 3522.51586914, 5389.09326172, 3926.39257812, 2116.48291016, 4194.19921875, 1299.10388184, 796.359985352, 1257.81237793, 2144.91430664, 1639.49353027, 4177.44189453, 1381.93395996, 359.762939453, 173.797271729, 243.158630371, 276.719390869, 112.602027893, 40.4070701599, 47.520565033, 70.5712051392, 26.4536819458, 10.8475704193, 15.3270378113, 6.35629892349, 1.5374673605, 0.210746496916, 0.00998269766569, 6.97969808243e-05, 2.8237844063e-08, 4.46642417495e-10],
        "dvar2": [0.295895457268, 32.4526519775, 178.348190308, 298.335083008, 255.71661377, 527.473449707, 664.683288574, 1323.16870117, 1862.45336914, 2539.6953125, 8801.0703125, 12470.6044922, 9849.45703125, 5295.62792969, 11073.8330078, 3500.62084961, 2022.86975098, 3230.21850586, 5257.19921875, 3677.84838867, 10229.4501953, 3422.59057617, 924.557006836, 465.81362915, 680.907409668, 792.760620117, 319.087371826, 108.990509033, 113.777641296, 168.172409058, 57.0480804443, 23.1812515259, 33.1300811768, 12.4578676224, 3.12228012085, 0.4181881845, 0.0220088679343, 0.000196150547708, 7.58201395001e-08, 8.99321284109e-10],
        "max": [4.05041074753, 41.3835296631, 103.912643433, 134.061508179, 132.000946045, 195.685195923, 272.166381836, 374.151885986, 488.061706543, 658.288269043, 864.121520996, 1919.88867188, 1479.6505127, 871.678100586, 2540.44824219, 883.675720215, 518.086120605, 812.534973145, 1025.45703125, 864.902709961, 1363.88537598, 825.814147949, 475.684509277, 220.616958618, 260.534576416, 326.093200684, 178.399734497, 121.286941528, 138.331802368, 184.245727539, 168.165985107, 77.8453369141, 103.185264587, 89.8806152344, 44.0695152283, 17.2264709473, 3.7141931057, 0.256050348282, 0.00480965850875, 0.000392733229091],
        "mean": [0.319834589958, 2.86761260033, 5.3249335289, 5.91749715805, 7.11776971817, 10.2762432098, 11.8593559265, 14.0959310532, 16.4261398315, 17.5653934479, 40.1586685181, 57.2792358398, 38.4429092407, 30.2728919983, 24.7850341797, 23.4734096527, 22.4477138519, 27.9082298279, 32.9182929993, 33.5859870911, 58.165309906, 40.7831382751, 18.8257522583, 10.2567605972, 7.46396541595, 6.33594322205, 5.3256278038, 4.65208292007, 6.25011634827, 6.21093082428, 3.94798874855, 2.28886318207, 1.90973305702, 1.34339535236, 0.686728596687, 0.235793113708, 0.0305603295565, 0.00102645624429, 5.64365727769e-05, 4.54645632999e-05],
        "median": [0.111591905355, 0.96586304903, 2.09961175919, 2.76614665985, 3.59609889984, 5.25623035431, 4.72691822052, 6.00357055664, 4.91066837311, 5.82323265076, 10.5425701141, 13.7978572845, 11.5468425751, 8.41701889038, 6.93180084229, 6.63990163803, 7.43848419189, 8.55959510803, 9.39433288574, 9.93375968933, 13.0596599579, 12.1006278992, 7.27262306213, 4.01105308533, 2.9614405632, 1.95747375488, 1.57723045349, 1.52905583382, 2.04357337952, 2.00780439377, 1.31938886642, 0.701511263847, 0.417166233063, 0.335041493177, 0.194545567036, 0.0674933567643, 0.00725214462727, 0.00018087423814, 2.83438603219e-05, 3.70960515284e-05],
        "min": [1.30319215697e-21, 1.9915023521e-21, 4.63194364673e-21, 1.39046476031e-20, 4.12814113594e-20, 2.16491958815e-19, 2.82260287988e-19, 2.44626697893e-19, 3.63740214962e-19, 1.04549870182e-18, 1.0165464498e-18, 1.57329028725e-18, 2.39565464068e-18, 1.68523967058e-18, 3.28500035781e-18, 4.29278158825e-18, 6.09642575286e-18, 4.18246878176e-18, 6.84678362039e-18, 4.06352930866e-18, 8.07605631511e-18, 8.29303654313e-18, 8.87960437756e-18, 7.74302595587e-18, 1.49311278716e-17, 2.58702126239e-17, 1.68963237186e-17, 1.74531602003e-17, 9.67083241197e-18, 1.61854314653e-17, 1.65193609699e-17, 1.2956311087e-17, 1.06945172237e-17, 9.16519344713e-18, 6.37991957394e-18, 5.14203220673e-18, 2.80438381329e-18, 9.22712735473e-19, 2.97455699238e-19, 3.50568740188e-20],
        "var": [0.302753657103, 25.6371593475, 78.4218215942, 102.368362427, 121.915771484, 224.669876099, 396.11227417, 664.758178711, 1266.05249023, 1354.15380859, 6857.64941406, 20884.0058594, 6413.875, 4399.66162109, 4368.10449219, 2319.76098633, 1807.6484375, 2797.48022461, 4388.31835938, 3962.1003418, 18780.0195312, 4797.43798828, 807.149902344, 265.737091064, 222.362045288, 226.069229126, 122.932380676, 68.0120162964, 121.872467041, 150.320724487, 65.1095657349, 25.77161026, 29.5564804077, 14.3477697372, 3.67995595932, 0.432260036469, 0.0135388989002, 4.69189399155e-05, 2.55537528915e-08, 1.47666145978e-09]
    },
    "gfcc": {
        "mean": [-12.7840147018, 102.540100098, -118.036849976, 34.9575843811, -58.1804504395, 26.3286838531, -43.8155670166, 16.2976150513, -15.7180576324, -0.0413001514971, -19.0238552094, -0.468305140734, -5.26136636734],
        "cov": [[7091.03857422, -1148.49902344, 74.4504852295, 574.695617676, -134.634017944, 349.719940186, -190.83631897, 372.586120605, -132.686508179, 290.907287598, -253.375396729, 261.092346191, -205.08454895], [-1148.49902344, 1718.09289551, 658.429748535, 44.9149017334, 336.200622559, -136.440994263, 235.932357788, -200.028305054, 136.549057007, -149.86517334, 201.146179199, -188.027236938, 87.0377502441], [74.4504852295, 658.429748535, 1194.75427246, 513.999206543, 251.015533447, 61.4057312012, 29.5771350861, -56.4488754272, 24.4532051086, 61.1796760559, 102.699714661, -34.9661941528, 47.4987678528], [574.695617676, 44.9149017334, 513.999206543, 627.171081543, 222.549682617, 96.2910461426, -22.1460876465, 7.62545490265, 56.5577354431, 61.0984916687, 8.40321540833, 16.1629886627, 55.700466156], [-134.634017944, 336.200622559, 251.015533447, 222.549682617, 386.400634766, 85.4891281128, 77.9362640381, 6.11686182022, 55.3991012573, 12.8784532547, 32.5234565735, -1.27163398266, 46.091709137], [349.719940186, -136.440994263, 61.4057312012, 96.2910461426, 85.4891281128, 241.447967529, 120.319847107, 62.4500656128, -22.847618103, 47.0458755493, 13.972325325, 10.5683755875, -17.5483570099], [-190.83631897, 235.932357788, 29.5771350861, -22.1460876465, 77.9362640381, 120.319847107, 301.065612793, 29.4315891266, 17.3876609802, -9.96479606628, 68.6590270996, -46.2838554382, -7.50989532471], [372.586120605, -200.028305054, -56.4488754272, 7.62545490265, 6.11686182022, 62.4500656128, 29.4315891266, 153.381500244, 40.8303565979, 52.3849372864, -21.432050705, 28.8132820129, -3.38949966431], [-132.686508179, 136.549057007, 24.4532051086, 56.5577354431, 55.3991012573, -22.847618103, 17.3876609802, 40.8303565979, 185.435546875, 14.972735405, 14.5006465912, -4.55466556549, 42.6749610901], [290.907287598, -149.86517334, 61.1796760559, 61.0984916687, 12.8784532547, 47.0458755493, -9.96479606628, 52.3849372864, 14.972735405, 123.149360657, 12.9424037933, 32.5930671692, -12.8366956711], [-253.375396729, 201.146179199, 102.699714661, 8.40321540833, 32.5234565735, 13.972325325, 68.6590270996, -21.432050705, 14.5006465912, 12.9424037933, 132.998352051, 4.05165243149, 20.7187271118], [261.092346191, -188.027236938, -34.9661941528, 16.1629886627, -1.27163398266, 10.5683755875, -46.2838554382, 28.8132820129, -4.55466556549, 32.5930671692, 4.05165243149, 123.262741089, 9.41665840149], [-205.08454895, 87.0377502441, 47.4987678528, 55.700466156, 46.091709137, -17.5483570099, -7.50989532471, -3.38949966431, 42.6749610901, -12.8366956711, 20.7187271118, 9.41665840149, 106.47428894]],
        "icov": [[0.000272357283393, -0.000315525714541, 0.000188944497495, -0.000488610821776, 0.000437106005847, -0.000395798793761, 0.000239488450461, -0.000655137584545, 0.000362481514458, -0.00036863857531, 0.000530187739059, -0.000600396364462, 0.000455635134131], [-0.000315525714541, 0.00328772212379, -0.00179549271706, 0.00194965011906, -0.00263070245273, 0.00245943223126, -0.00179724325426, 0.00254694907926, -0.00209582154639, 0.00249800202437, -0.00259066768922, 0.00280474079773, -0.000618557911366], [0.000188944497495, -0.00179549271706, 0.00252309767529, -0.0022655481007, 0.00110782892443, -0.00108545459807, 0.00100015394855, -0.00108059216291, 0.00148874090519, -0.00186084513552, 0.000398967880756, -0.000894044176675, 0.000449364364613], [-0.000488610821776, 0.00194965011906, -0.0022655481007, 0.00481051346287, -0.00265090586618, 0.000416707625845, -0.000383124162909, 0.00239015719853, -0.00216456875205, 0.00103750184644, -0.000890512368642, 0.00177983101457, -0.00176694360562], [0.000437106005847, -0.00263070245273, 0.00110782892443, -0.00265090586618, 0.00608485611156, -0.00295137730427, 0.000730311265215, -0.00194277707487, 0.000988408806734, -0.00172912771814, 0.00241270102561, -0.00281287613325, -7.11932298145e-05], [-0.000395798793761, 0.00245943223126, -0.00108545459807, 0.000416707625845, -0.00295137730427, 0.00948273669928, -0.0044240062125, 6.29607893643e-05, 0.000527628348209, 0.000232517952099, -0.00178032147232, 0.00172200426459, 3.4562748624e-05], [0.000239488450461, -0.00179724325426, 0.00100015394855, -0.000383124162909, 0.000730311265215, -0.0044240062125, 0.00709513016045, -0.00271118362434, 0.000500644033309, 0.000341996375937, -0.00167626095936, 0.00066429853905, 0.00116155704018], [-0.000655137584545, 0.00254694907926, -0.00108059216291, 0.00239015719853, -0.00194277707487, 6.29607893643e-05, -0.00271118362434, 0.0130453351885, -0.00448760995641, -0.00148963695392, 0.000406058301451, 0.000895152275916, -0.00157591025345], [0.000362481514458, -0.00209582154639, 0.00148874090519, -0.00216456875205, 0.000988408806734, 0.000527628348209, 0.000500644033309, -0.00448760995641, 0.00881506782025, -0.00251708179712, 0.00112192693632, -0.000984914368019, -0.00153656164184], [-0.00036863857531, 0.00249800202437, -0.00186084513552, 0.00103750184644, -0.00172912771814, 0.000232517952099, 0.000341996375937, -0.00148963695392, -0.00251708179712, 0.0140123413876, -0.00451813824475, 0.000577208993491, 0.00182520295493], [0.000530187739059, -0.00259066768922, 0.000398967880756, -0.000890512368642, 0.00241270102561, -0.00178032147232, -0.00167626095936, 0.000406058301451, 0.00112192693632, -0.00451813824475, 0.013366621919, -0.00450225686654, -0.00121351436246], [-0.000600396364462, 0.00280474079773, -0.000894044176675, 0.00177983101457, -0.00281287613325, 0.00172200426459, 0.00066429853905, 0.000895152275916, -0.000984914368019, 0.000577208993491, -0.00450225686654, 0.0131686739624, -0.00222883350216], [0.000455635134131, -0.000618557911366, 0.000449364364613, -0.00176694360562, -7.11932298145e-05, 3.4562748624e-05, 0.00116155704018, -0.00157591025345, -0.00153656164184, 0.00182520295493, -0.00121351436246, -0.00222883350216, 0.0128365205601]]
    },
    "melbands": {
        "dmean": [0.00200520851649, 0.00199745059945, 0.000772863568272, 0.000423948338721, 0.000296478188829, 0.000220090631046, 0.000170638784766, 0.00014258515148, 0.000226809323067, 0.000191305400222, 0.000119386037113, 7.96712556621e-05, 4.86162789457e-05, 5.37753294338e-05, 3.17971862387e-05, 3.27793932229e-05, 3.0493374652e-05, 3.20912949974e-05, 2.91320375254e-05, 2.63909369096e-05, 3.19153805322e-05, 2.20108722715e-05, 1.02154344859e-05, 7.61666387916e-06, 4.69325505037e-06, 3.77437709176e-06, 4.14975693275e-06, 2.61786908595e-06, 2.23390384235e-06, 1.67159350895e-06, 1.44268710756e-06, 1.71235456037e-06, 2.24411746785e-06, 1.81324764981e-06, 1.297354288e-06, 9.52791765485e-07, 7.32844114282e-07, 8.91692991445e-07, 8.13289091184e-07, 6.31713646726e-07],
        "dmean2": [0.0027998094447, 0.00299212220125, 0.00128236599267, 0.000698997057043, 0.000486532051582, 0.000359939120244, 0.000267841416644, 0.0002285168448, 0.000367391854525, 0.000301143154502, 0.000192642430193, 0.00012900333968, 7.85016891314e-05, 8.93051110324e-05, 5.31657642568e-05, 5.38308158866e-05, 4.9296853831e-05, 5.12147707923e-05, 4.49678846053e-05, 4.04392776545e-05, 4.99055931868e-05, 3.50273367076e-05, 1.62703490787e-05, 1.24678435895e-05, 7.86318378232e-06, 6.31696457276e-06, 7.26429470888e-06, 4.46321746495e-06, 3.8391722228e-06, 2.82147902908e-06, 2.33650644077e-06, 2.71835369858e-06, 3.61738693755e-06, 2.85140572487e-06, 2.03346644412e-06, 1.49075822264e-06, 1.1272111351e-06, 1.40120744163e-06, 1.2573055983e-06, 9.42159601891e-07],
        "dvar": [1.70996663655e-05, 1.58264738275e-05, 2.82384121419e-06, 6.61372041577e-07, 3.05842235093e-07, 2.29887916703e-07, 1.80855693088e-07, 1.27274290662e-07, 2.92749064101e-07, 2.26146298132e-07, 1.13950953562e-07, 4.84201088113e-08, 3.40778392172e-08, 2.59387160639e-08, 5.13445552741e-09, 5.65703706101e-09, 5.15001197243e-09, 6.65507249309e-09, 6.81003431424e-09, 4.83547646368e-09, 7.23468307484e-09, 2.33209296319e-09, 3.82784776098e-10, 2.82044221311e-10, 1.24112956024e-10, 1.01967760624e-10, 2.88380236357e-10, 8.13360143126e-11, 4.94957477781e-11, 2.87425621498e-11, 1.21757950944e-11, 1.42780006568e-11, 3.24666023233e-11, 2.16942280112e-11, 1.22892260604e-11, 5.61071284919e-12, 4.18668832242e-12, 8.61332446339e-12, 7.47046782074e-12, 4.44478264958e-12],
        "dvar2": [3.11763506033e-05, 3.5742050386e-05, 7.58021633374e-06, 1.81434654678e-06, 7.84018766353e-07, 5.73348472699e-07, 4.4039731506e-07, 3.22845437495e-07, 7.5178439829e-07, 5.18395552263e-07, 2.87107638997e-07, 1.22510087408e-07, 8.93835476745e-08, 7.13615690984e-08, 1.30815607235e-08, 1.45117100558e-08, 1.31008066617e-08, 1.60526258952e-08, 1.59267194988e-08, 1.08948867705e-08, 1.82031953955e-08, 5.78555559017e-09, 9.47642631033e-10, 7.21806447945e-10, 3.33566646527e-10, 2.76367345675e-10, 8.32072133417e-10, 2.29827823439e-10, 1.39409747635e-10, 8.13380196529e-11, 3.1725486821e-11, 3.42040146206e-11, 8.25316273656e-11, 5.0162853038e-11, 2.78726070002e-11, 1.26413723239e-11, 9.08375978603e-12, 1.91583068854e-11, 1.6774246922e-11, 8.64896262248e-12],
        "max": [0.0414944663644, 0.0522789470851, 0.0206934437156, 0.0103293508291, 0.0082327555865, 0.00724074058235, 0.00641708448529, 0.00713696796447, 0.00858662836254, 0.0117236701772, 0.00726659037173, 0.00362153840251, 0.0069276439026, 0.00403291871771, 0.00174942775629, 0.00147564860526, 0.00185952219181, 0.00196055043489, 0.00187385571189, 0.00190658145584, 0.00199050875381, 0.00106862687971, 0.000454940105556, 0.000317730300594, 0.000188103265828, 0.000153285101987, 0.000309313210892, 0.000184459306183, 0.000122786979773, 0.000104893872049, 7.96548774815e-05, 8.70491785463e-05, 0.000100920296973, 0.000130960106617, 0.000135870563099, 5.91681891819e-05, 6.08917143836e-05, 7.28983213776e-05, 8.538653492e-05, 7.53585263737e-05],
        "mean": [0.00324777211063, 0.00325741688721, 0.00105682585854, 0.000624976179097, 0.00043444338371, 0.000312448450131, 0.000250687968219, 0.000209462450584, 0.000345833890606, 0.000365331565263, 0.000187105441, 0.000127962208353, 7.55668515922e-05, 8.3014179836e-05, 4.60431110696e-05, 5.48995594727e-05, 5.05215612066e-05, 5.19631139468e-05, 4.88909718115e-05, 5.04165764141e-05, 6.88285508659e-05, 4.47100028396e-05, 2.09961381188e-05, 1.38791619975e-05, 7.64272135712e-06, 5.72859198655e-06, 5.16772934134e-06, 3.96003497372e-06, 3.54375379175e-06, 2.75816546491e-06, 2.63358742814e-06, 3.296240493e-06, 4.09871290685e-06, 3.18369757224e-06, 2.39664882429e-06, 1.70066175542e-06, 1.26870054373e-06, 1.35237178256e-06, 1.28084150219e-06, 1.07700111585e-06],
        "median": [0.00127454102039, 0.00143947452307, 0.000555974547751, 0.00033696211176, 0.000192667124793, 0.00013242449495, 7.33228662284e-05, 5.87275862927e-05, 8.4676888946e-05, 7.88894831203e-05, 5.24545830558e-05, 3.19205282722e-05, 2.11422720895e-05, 1.77977963176e-05, 1.42255958053e-05, 1.51488802658e-05, 1.40394331538e-05, 1.33192797875e-05, 1.28347310238e-05, 1.13698615678e-05, 1.41573073051e-05, 1.25539536384e-05, 6.92721641826e-06, 4.60664614366e-06, 2.69756719717e-06, 2.0072920961e-06, 1.64448283613e-06, 1.04873777218e-06, 9.02560145732e-07, 8.34852357912e-07, 8.15489329398e-07, 1.00203976672e-06, 1.25182327793e-06, 9.73682404037e-07, 7.47705144022e-07, 5.38347990187e-07, 3.38119406251e-07, 2.69661313723e-07, 2.63158909775e-07, 2.62917325244e-07],
        "min": [8.41459783798e-24, 2.46926203438e-24, 3.53780529051e-24, 1.01635403302e-23, 1.22991500948e-23, 5.00069695771e-24, 6.64099870933e-24, 1.23946590623e-23, 5.70266246764e-24, 1.03968159662e-23, 1.21253711372e-23, 5.94942565297e-24, 1.38654105452e-23, 8.32364611992e-24, 1.23884767594e-23, 1.14183419291e-23, 6.76281855462e-24, 1.13576903584e-23, 6.01894165366e-24, 7.75035881199e-24, 9.53687553796e-24, 8.40461480323e-24, 7.39414867023e-24, 7.71769918165e-24, 5.34453342173e-24, 1.28534242772e-23, 1.05886535277e-23, 1.5521996358e-23, 1.2169671199e-23, 9.25321693366e-24, 9.27764716704e-24, 4.59669486131e-24, 6.74332974596e-24, 9.25693246853e-24, 1.04027537222e-23, 6.62717865513e-24, 8.17698583358e-24, 7.63910260308e-24, 6.97462534109e-24, 6.8993183125e-24],
        "var": [3.03734504996e-05, 2.46186627919e-05, 2.73029741038e-06, 7.57925761263e-07, 4.54920780157e-07, 3.00316173707e-07, 2.87170735191e-07, 2.17607464492e-07, 5.27344070633e-07, 8.9300124273e-07, 1.74700232947e-07, 8.71770922117e-08, 3.67997685657e-08, 4.74552201979e-08, 8.77020145396e-09, 1.41228992945e-08, 1.04134061374e-08, 1.3525080611e-08, 1.25385950511e-08, 1.3507473362e-08, 2.94672446444e-08, 6.41428377079e-09, 1.05038477916e-09, 5.38748157197e-10, 1.73610154031e-10, 1.1644742115e-10, 2.00604338696e-10, 8.03288893736e-11, 5.73545655413e-11, 3.19095236345e-11, 2.25896489014e-11, 3.47788707555e-11, 6.46950062966e-11, 4.43676276274e-11, 2.66298406937e-11, 1.28650839981e-11, 9.20147031486e-12, 1.5749299434e-11, 1.32334958963e-11, 1.00652385732e-11]
    },
    "mfcc": {
        "mean": [-652.686401367, 127.206031799, 2.9603998661, 14.5021800995, 11.9005231857, 7.84192419052, -7.17570495605, 10.836974144, 6.70745944977, 2.3283560276, 1.75271260738, -1.87598264217, 0.286968439817],
        "cov": [[6734.37304688, -1520.02880859, -4.37643241882, 88.007598877, 54.452205658, 38.9725914001, 1.88391172886, 132.048294067, 112.520988464, 56.5708312988, 87.5160293579, 31.8885440826, 45.2352523804], [-1520.02880859, 1658.39221191, 298.086853027, 178.774581909, 92.3303985596, 81.1400756836, 113.132064819, 14.1523923874, -62.1680450439, 40.6870803833, 5.7283706665, 10.0513429642, 36.894241333], [-4.37643241882, 298.086853027, 925.5859375, 409.457061768, 239.496414185, 145.91583252, 104.406616211, -57.7984733582, 5.03017711639, 21.1374130249, -18.6558036804, 69.0059356689, 85.2271957397], [88.007598877, 178.774581909, 409.457061768, 512.422424316, 292.327056885, 145.459976196, 33.1989593506, -10.1876535416, 63.3689613342, 9.82776927948, -6.20421361923, 41.2325439453, 48.2866706848], [54.452205658, 92.3303985596, 239.496414185, 292.327056885, 382.086212158, 117.221824646, 8.43597984314, -7.25993490219, 68.0334777832, 4.953561306, -15.1008119583, 28.5841674805, 57.9948921204], [38.9725914001, 81.1400756836, 145.91583252, 145.459976196, 117.221824646, 228.487915039, 131.777587891, 50.6483154297, 25.064031601, 28.8633556366, 40.8069763184, 19.0656032562, -1.62419354916], [1.88391172886, 113.132064819, 104.406616211, 33.1989593506, 8.43597984314, 131.777587891, 289.994659424, 57.8362922668, -2.74869322777, 44.2192306519, 33.1605491638, 34.3841819763, -23.8932437897], [132.048294067, 14.1523923874, -57.7984733582, -10.1876535416, -7.25993490219, 50.6483154297, 57.8362922668, 145.332763672, 40.1611938477, 28.5147819519, 33.2528877258, 5.70200681686, 8.6661491394], [112.520988464, -62.1680450439, 5.03017711639, 63.3689613342, 68.0334777832, 25.064031601, -2.74869322777, 40.1611938477, 148.463394165, 50.3470573425, 16.6875152588, 13.3149795532, -0.831688523293], [56.5708312988, 40.6870803833, 21.1374130249, 9.82776927948, 4.953561306, 28.8633556366, 44.2192306519, 28.5147819519, 50.3470573425, 116.646949768, 43.2765769958, 17.1132297516, 1.88760590553], [87.5160293579, 5.7283706665, -18.6558036804, -6.20421361923, -15.1008119583, 40.8069763184, 33.1605491638, 33.2528877258, 16.6875152588, 43.2765769958, 109.577148438, 20.8269329071, -5.571413517], [31.8885440826, 10.0513429642, 69.0059356689, 41.2325439453, 28.5841674805, 19.0656032562, 34.3841819763, 5.70200681686, 13.3149795532, 17.1132297516, 20.8269329071, 93.9024810791, 42.1373023987], [45.2352523804, 36.894241333, 85.2271957397, 48.2866706848, 57.9948921204, -1.62419354916, -23.8932437897, 8.6661491394, -0.831688523293, 1.88760590553, -5.571413517, 42.1373023987, 125.201950073]],
