{
"lowlevel": {
    "average_loudness": 0.767967402935,
    "barkbands_crest": {
        "dmean": 3.01715755463,
        "dmean2": 4.87214612961,
        "dvar": 7.37186574936,
        "dvar2": 17.163608551,
        "max": 26.8960170746,
        "mean": 11.2210216522,
        "median": 10.1755561829,
        "min": 2.40301012993,
        "var": 24.3404483795
    },
    "barkbands_flatness_db": {
        "dmean": 0.0218295156956,
        "dmean2": 0.0336258411407,
        "dvar": 0.000426156155299,
        "dvar2": 0.000904398970306,
        "max": 0.523587584496,
        "mean": 0.149334520102,
        "median": 0.138209030032,
        "min": 0.0302290860564,
        "var": 0.0031343169976
    },
    "barkbands_kurtosis": {
        "dmean": 2.74094796181,
        "dmean2": 4.23854541779,
        "dvar": 405.321838379,
        "dvar2": 1040.18933105,
        "max": 1474.23510742,
        "mean": 3.52111768723,
        "median": 0.866417646408,
        "min": -1.87352836132,
        "var": 383.88583374
    },
    "barkbands_skewness": {
        "dmean": 0.523314416409,
        "dmean2": 0.794067561626,
        "dvar": 0.51983243227,
        "dvar2": 1.12518763542,
        "max": 37.9502830505,
        "mean": 1.22775781155,
        "median": 0.977253079414,
        "min": -2.57052731514,
        "var": 1.70599639416
    },
    "barkbands_spread": {
        "dmean": 5.89626693726,
        "dmean2": 9.13765907288,
        "dvar": 54.0675811768,
        "dvar2": 119.382514954,
        "max": 108.539825439,
        "mean": 24.0154304504,
        "median": 22.1463813782,
        "min": 0.377516388893,
        "var": 237.002182007
    },
    "dissonance": {
        "dmean": 0.0202775485814,
        "dmean2": 0.03429447487,
        "dvar": 0.000393070688006,
        "dvar2": 0.00109791778959,
        "max": 0.500000119209,
        "mean": 0.462575107813,
        "median": 0.472708165646,
        "min": 0.214944928885,
        "var": 0.00108915334567
    },
    "dynamic_complexity": 4.02140283585,
    "erbbands_crest": {
        "dmean": 2.91973948479,
        "dmean2": 4.78865337372,
        "dvar": 7.26416444778,
        "dvar2": 18.4324874878,
        "max": 31.1488990784,
        "mean": 9.94547176361,
        "median": 8.97725296021,
        "min": 2.44569301605,
        "var": 21.3868961334
    },
    "erbbands_flatness_db": {
        "dmean": 0.0159592628479,
        "dmean2": 0.0242060497403,
        "dvar": 0.000206943921512,
        "dvar2": 0.000455694535049,
        "max": 0.372444212437,
        "mean": 0.175483286381,
        "median": 0.165879249573,
        "min": 0.0235908497125,
        "var": 0.0028129091952
    },
    "erbbands_kurtosis": {
        "dmean": 1.07381129265,
        "dmean2": 1.7149810791,
        "dvar": 1.9493625164,
        "dvar2": 4.87302541733,
        "max": 43.4723739624,
        "mean": 1.19397461414,
        "median": 0.501532673836,
        "min": -1.83394467831,
        "var": 5.2129650116
    },
    "erbbands_skewness": {
        "dmean": 0.364870786667,
        "dmean2": 0.568085491657,
        "dvar": 0.104417078197,
        "dvar2": 0.254264235497,
        "max": 4.1218123436,
        "mean": 0.484788149595,
        "median": 0.475832670927,
        "min": -2.99928092957,
        "var": 0.569835543633
    },
    "erbbands_spread": {
        "dmean": 6.26239204407,
        "dmean2": 9.59412956238,
        "dvar": 51.7913093567,
        "dvar2": 115.89074707,
        "max": 132.867736816,
        "mean": 29.9644546509,
        "median": 27.1834754944,
        "min": 2.17744326591,
        "var": 243.918136597
    },
    "hfc": {
        "dmean": 7.71813440323,
        "dmean2": 11.9160614014,
        "dvar": 198.773208618,
        "dvar2": 499.21762085,
        "max": 219.592193604,
        "mean": 26.6777439117,
        "median": 20.0114955902,
        "min": 1.17186002401e-16,
        "var": 693.307250977
    },
    "melbands_crest": {
        "dmean": 3.64260458946,
        "dmean2": 5.81757688522,
        "dvar": 10.1920728683,
        "dvar2": 24.171585083,
        "max": 39.9600257874,
        "mean": 15.3499279022,
        "median": 14.1374092102,
        "min": 1.67906332016,
        "var": 41.2600326538
    },
    "melbands_flatness_db": {
        "dmean": 0.0271589551121,
        "dmean2": 0.0409753248096,
        "dvar": 0.000696099188644,
        "dvar2": 0.00141988846008,
        "max": 0.553188145161,
        "mean": 0.187238976359,
        "median": 0.17595526576,
        "min": 0.00458247913048,
        "var": 0.00559645704925
    },
    "melbands_kurtosis": {
        "dmean": 5.8012304306,
        "dmean2": 9.02053642273,
        "dvar": 1109.58288574,
        "dvar2": 2813.06787109,
        "max": 2455.21582031,
        "mean": 9.351978302,
        "median": 3.95934581757,
        "min": -1.81566810608,
        "var": 1118.65917969
    },
    "melbands_skewness": {
        "dmean": 0.70150154829,
        "dmean2": 1.0823110342,
        "dvar": 0.862246870995,
        "dvar2": 1.94968485832,
        "max": 47.9792404175,
        "mean": 2.05846190453,
        "median": 1.69166266918,
        "min": -1.0714597702,
        "var": 2.82742619514
    },
    "melbands_spread": {
        "dmean": 8.22536468506,
        "dmean2": 12.7613067627,
        "dvar": 133.626846313,
        "dvar2": 272.169891357,
        "max": 245.933807373,
        "mean": 27.7421855927,
        "median": 23.1556415558,
        "min": 0.353275686502,
        "var": 464.397766113
    },
    "pitch_salience": {
        "dmean": 0.0748101100326,
        "dmean2": 0.120266631246,
        "dvar": 0.00473304605111,
        "dvar2": 0.010880692862,
        "max": 0.863483786583,
        "mean": 0.526358902454,
        "median": 0.539459109306,
        "min": 0.00494205905125,
        "var": 0.0187395568937
    },
    "silence_rate_20dB": {
        "dmean": 0,
        "dmean2": 0,
        "dvar": 0,
        "dvar2": 0,
        "max": 1,
        "mean": 1,
        "median": 1,
        "min": 1,
        "var": 0
    },
    "silence_rate_30dB": {
        "dmean": 0.0231980122626,
        "dmean2": 0.0464015156031,
        "dvar": 0.0226593408734,
        "dvar2": 0.0582217462361,
        "max": 1,
        "mean": 0.981893479824,
        "median": 1,
        "min": 0,
        "var": 0.0177770331502
    },
    "silence_rate_60dB": {
        "dmean": 0.0272221565247,
        "dmean2": 0.0544507578015,
        "dvar": 0.0264864265919,
        "dvar2": 0.0621355734766,
        "max": 1,
        "mean": 0.123431950808,
        "median": 0,
        "min": 0,
        "var": 0.108214594424
    },
    "spectral_centroid": {
        "dmean": 233.698120117,
        "dmean2": 360.446563721,
        "dvar": 85662.5390625,
        "dvar2": 186510.703125,
        "max": 11038.6660156,
        "mean": 1530.89929199,
        "median": 1569.75878906,
        "min": 225.389190674,
        "var": 497306.6875
    },
    "spectral_complexity": {
        "dmean": 3.27162981033,
        "dmean2": 5.13091850281,
        "dvar": 12.1704616547,
        "dvar2": 26.15650177,
        "max": 57,
        "mean": 21.7202358246,
        "median": 22,
        "min": 0,
        "var": 165.531311035
    },
    "spectral_decrease": {
        "dmean": 2.77172440555e-09,
        "dmean2": 4.32309521514e-09,
        "dvar": 1.78611471851e-17,
        "dvar2": 4.49870514118e-17,
        "max": 6.69996872488e-30,
        "mean": -7.45289607806e-09,
        "median": -5.32939470332e-09,
        "min": -5.38272537653e-08,
        "var": 5.26130875592e-17
    },
    "spectral_energy": {
        "dmean": 0.0108238663524,
        "dmean2": 0.0169094018638,
        "dvar": 0.000262964575086,
        "dvar2": 0.000665444124024,
        "max": 0.207890227437,
        "mean": 0.0305487196892,
        "median": 0.0225435830653,
        "min": 1.07741817671e-20,
        "var": 0.000831034907605
    },
    "spectral_energyband_high": {
        "dmean": 0.000629382731859,
        "dmean2": 0.000994527130388,
        "dvar": 3.46487149727e-06,
        "dvar2": 9.24946471059e-06,
        "max": 0.0291416011751,
        "mean": 0.00132715818472,
        "median": 0.00068864331115,
        "min": 7.73003432826e-21,
        "var": 5.04156014358e-06
    },
    "spectral_energyband_low": {
        "dmean": 0.008360886015,
        "dmean2": 0.0131535055116,
        "dvar": 0.000244230526732,
        "dvar2": 0.000603529508226,
        "max": 0.178180411458,
        "mean": 0.0139393424615,
        "median": 0.00436123367399,
        "min": 4.47977352669e-23,
        "var": 0.000479540176457
    },
    "spectral_energyband_middle_high": {
        "dmean": 0.00266042468138,
        "dmean2": 0.00422893557698,
        "dvar": 2.20259280468e-05,
        "dvar2": 5.71512173337e-05,
        "max": 0.115030236542,
        "mean": 0.00806794408709,
        "median": 0.00532862823457,
        "min": 1.52422739803e-21,
        "var": 8.3859435108e-05
    },
    "spectral_energyband_middle_low": {
        "dmean": 0.00334601453505,
        "dmean2": 0.00525396130979,
        "dvar": 2.6086512662e-05,
        "dvar2": 6.55468757031e-05,
        "max": 0.0898300558329,
        "mean": 0.00757758039981,
        "median": 0.00528454314917,
        "min": 3.50470023775e-22,
        "var": 6.0733549617e-05
    },
    "spectral_entropy": {
        "dmean": 0.128804966807,
        "dmean2": 0.188830718398,
        "dvar": 0.0178302992135,
        "dvar2": 0.0326954200864,
        "max": 9.8182516098,
        "mean": 7.64046382904,
        "median": 7.78383159637,
        "min": 5.8465514183,
        "var": 0.27247390151
    },
    "spectral_flux": {
        "dmean": 0.0221038404852,
        "dmean2": 0.0354664921761,
        "dvar": 0.000640919664875,
        "dvar2": 0.00159922975581,
        "max": 0.344450652599,
        "mean": 0.0875874757767,
        "median": 0.0845940932631,
        "min": 6.73832933895e-11,
        "var": 0.00292919250205
    },
    "spectral_kurtosis": {
        "dmean": 1.65264236927,
        "dmean2": 2.74167227745,
        "dvar": 7.56750059128,
        "dvar2": 21.4886512756,
        "max": 58.1605529785,
        "mean": 5.44325780869,
        "median": 3.54153203964,
        "min": -1.21789729595,
        "var": 33.0162277222
    },
    "spectral_rms": {
        "dmean": 0.000827746640425,
        "dmean2": 0.00127184961457,
        "dvar": 9.14995951007e-07,
        "dvar2": 2.2171504952e-06,
        "max": 0.0142414793372,
        "mean": 0.00481914449483,
        "median": 0.00468974839896,
        "min": 3.24212857082e-12,
        "var": 6.57955024508e-06
    },
    "spectral_rolloff": {
        "dmean": 567.740234375,
        "dmean2": 929.484130859,
        "dvar": 1192961.875,
        "dvar2": 2532984.25,
        "max": 18927.6855469,
        "mean": 1718.33032227,
        "median": 1335.05859375,
        "min": 21.533203125,
        "var": 2878887.75
    },
    "spectral_skewness": {
        "dmean": 0.208463534713,
        "dmean2": 0.333179801702,
        "dvar": 0.0571343526244,
        "dvar2": 0.14451251924,
        "max": 5.5611743927,
        "mean": 1.71440851688,
        "median": 1.498036623,
        "min": -0.0364188551903,
        "var": 0.505603194237
    },
    "spectral_spread": {
        "dmean": 452794,
        "dmean2": 647635.375,
        "dvar": 498334531584,
        "dvar2": 876798541824,
        "max": 40882748,
        "mean": 4543170.5,
        "median": 4460616,
        "min": 1258770.375,
        "var": 2.90011768422e+12
    },
    "spectral_strongpeak": {
        "dmean": 0.626581013203,
        "dmean2": 1.07521033287,
        "dvar": 1.14921486378,
        "dvar2": 2.97959470749,
        "max": 11.759311676,
        "mean": 1.02701342106,
        "median": 0.499681413174,
        "min": 0,
        "var": 1.74680399895
    },
    "zerocrossingrate": {
        "dmean": 0.0110114961863,
        "dmean2": 0.0128543162718,
        "dvar": 0.000262046582066,
        "dvar2": 0.000255113322055,
        "max": 0.67431640625,
        "mean": 0.0669517368078,
        "median": 0.06005859375,
        "min": 0,
        "var": 0.00197784975171
    },
    "barkbands": {
        "dmean": [0.000301058578771, 0.00788167305291, 0.00114519521594, 0.000361749553122, 0.000710897962563, 0.000620123464614, 0.000606454326771, 0.000552858575247, 0.00179404427763, 0.00112585618626, 0.000717512390111, 0.000754477106966, 0.000546887749806, 0.000439730851213, 0.000382103666198, 0.000362322549336, 0.000230200821534, 0.000208077675779, 0.00014398645726, 0.000179219641723, 0.000204781914363, 0.000157593560289, 9.69421671471e-05, 9.64092905633e-05, 9.08125075512e-05, 2.27220534725e-05, 2.44004336736e-08],
        "dmean2": [0.000497293192893, 0.0125993071124, 0.00198212149553, 0.000630648923106, 0.00115414592437, 0.000989238731563, 0.000976406270638, 0.000884649925865, 0.00288778496906, 0.00180884893052, 0.00115260027815, 0.00125076610129, 0.000899556907825, 0.000725893245544, 0.000631260685623, 0.000585903413594, 0.000373412040062, 0.000339893740602, 0.000239285640419, 0.000302449887386, 0.000364129344234, 0.000275647471426, 0.000145331781823, 0.000136277376441, 0.000121312936244, 3.32140698447e-05, 4.43280718798e-08],
        "dvar": [3.01278248571e-07, 0.00023912017059, 7.06724813426e-06, 9.33134742809e-07, 1.74034062184e-06, 2.19811067836e-06, 2.43201270678e-06, 3.03069487018e-06, 1.67253310792e-05, 1.08705980892e-05, 3.74213050236e-06, 5.80396908845e-06, 1.35323728045e-06, 9.76527076091e-07, 6.14079851857e-07, 9.09607990707e-07, 1.80813515271e-07, 1.3951762412e-07, 5.88398449963e-08, 1.84643070611e-07, 5.99088309627e-07, 3.0712291732e-07, 3.98293771298e-08, 6.13685813278e-08, 8.61223270476e-08, 6.70857280838e-09, 9.11640825763e-14],
        "dvar2": [8.16287013095e-07, 0.000592173775658, 1.96534183488e-05, 2.57008127846e-06, 4.30297950516e-06, 5.3369840316e-06, 6.14636473983e-06, 7.77949753683e-06, 4.28744824603e-05, 2.75838156085e-05, 9.28433200897e-06, 1.60094241437e-05, 3.54492203769e-06, 2.41447128246e-06, 1.55882207764e-06, 2.24878272093e-06, 4.41499196313e-07, 3.50077954181e-07, 1.58700274255e-07, 5.13521740686e-07, 1.72795716935e-06, 8.80326808783e-07, 9.10491095851e-08, 1.0749072743e-07, 1.44115858802e-07, 1.35438149584e-08, 2.51992545754e-13],
        "max": [0.0101953130215, 0.170210063457, 0.0410745888948, 0.0134910745546, 0.026799345389, 0.0330656021833, 0.0364568009973, 0.0652215927839, 0.0853681415319, 0.107074983418, 0.043462831527, 0.0504325032234, 0.0196017231792, 0.0271750129759, 0.0165347997099, 0.0283132176846, 0.0114438682795, 0.00678703607991, 0.00374261639081, 0.00666996184736, 0.0126083260402, 0.00697625149041, 0.00365865859203, 0.00787640735507, 0.00999652408063, 0.00231077196077, 9.46066211327e-06],
        "mean": [0.00046753406059, 0.0119827063754, 0.00134826637805, 0.00035796922748, 0.00122570618987, 0.000911096693017, 0.000950849498622, 0.000853743636981, 0.00283967750147, 0.00172159029171, 0.00115568260662, 0.00109838414937, 0.000895749195479, 0.000701670651324, 0.00067591923289, 0.000667523068842, 0.000457107758848, 0.000405054044677, 0.000324467313476, 0.000326970941387, 0.000285642687231, 0.00022302987054, 0.000216269821976, 0.000227739044931, 0.000189030673937, 3.92324509448e-05, 1.67560756381e-08],
        "median": [0.00010878752073, 0.00289761228487, 0.000280157022644, 9.57177471719e-05, 0.000587000104133, 0.000305817608023, 0.000380156561732, 0.000214846048038, 0.00082489522174, 0.000421792297857, 0.000266134593403, 0.000227571043069, 0.000366220338037, 0.000310418778099, 0.000345988955814, 0.000259024935076, 0.000238568085479, 0.000225789059186, 0.000183146636118, 0.000182029412827, 0.000132967237732, 9.19982994674e-05, 0.000103485610452, 8.92980315257e-05, 5.36874358659e-05, 1.02437934402e-05, 4.58509452628e-10],
        "min": [1.86602680547e-23, 1.65663172456e-23, 8.06863421053e-24, 6.25850924424e-24, 2.79674825174e-23, 3.37278489769e-23, 1.82196213971e-23, 4.99871178924e-23, 1.21755632011e-22, 4.22078134072e-23, 5.06814353959e-23, 9.77407244375e-23, 6.3135270859e-23, 9.97529571455e-23, 1.10671644044e-22, 2.02275030638e-22, 1.38745348259e-22, 2.62942309135e-22, 1.81607682715e-22, 3.1693260582e-22, 3.50472649104e-22, 4.80989420815e-22, 5.86737676664e-22, 7.53154662514e-22, 9.25260181148e-22, 1.66357077859e-21, 2.37104133226e-21],
        "var": [7.8261177805e-07, 0.000419487187173, 7.01554972693e-06, 7.88389456829e-07, 3.32329500452e-06, 3.2328468933e-06, 3.54206918018e-06, 5.62980312679e-06, 3.31021328748e-05, 2.01011425816e-05, 7.61096043789e-06, 9.65750496107e-06, 2.6761688332e-06, 1.66479162544e-06, 1.12875466129e-06, 2.35110906033e-06, 5.27327642885e-07, 3.02125300777e-07, 1.7282948761e-07, 2.36760655525e-07, 4.21262313921e-07, 2.38617644754e-07, 1.04930059308e-07, 2.2597966165e-07, 3.1031768799e-07, 1.57223691843e-08, 6.11822739824e-14]
    },
    "erbbands": {
        "dmean": [0.25336432457, 1.7208327055, 1.74789023399, 1.00204753876, 1.71257567406, 2.69959330559, 3.80486297607, 5.53149366379, 8.92481613159, 7.43973112106, 15.8326539993, 39.0778045654, 38.066696167, 29.005405426, 33.0592689514, 22.9749202728, 23.9204502106, 18.8191261292, 20.790397644, 20.5378894806, 17.4569854736, 10.9188070297, 11.1858463287, 7.13664197922, 7.82983112335, 8.99384784698, 5.65575408936, 10.0877494812, 6.23003482819, 3.83944034576, 2.78612589836, 2.27278113365, 1.55942523479, 1.12789547443, 0.621876299381, 0.181833520532, 0.0239401422441, 0.00095339550171, 3.27478264808e-05, 1.42053368108e-05],
        "dmean2": [0.391611248255, 2.81581091881, 2.92269349098, 1.74639177322, 2.81650900841, 4.43794345856, 6.1464304924, 8.74600601196, 14.4231987, 11.6363344193, 25.3050422668, 62.3939552307, 61.9242553711, 46.1360397339, 54.1379356384, 37.3422622681, 39.3034210205, 30.9544696808, 34.3362579346, 33.8813514709, 28.2093715668, 17.5416736603, 18.0641326904, 11.5851373672, 12.9590053558, 15.1975517273, 9.54848766327, 18.3059139252, 10.9803199768, 6.31736755371, 4.16759967804, 3.31784057617, 2.18128728867, 1.54994010925, 0.866731405258, 0.257567554712, 0.0360966362059, 0.00150006241165, 4.81072929688e-05, 2.18994700845e-05],
        "dvar": [0.2336114645, 12.2363491058, 12.5514564514, 8.23860168457, 13.6656217575, 30.4615459442, 83.1373977661, 207.298919678, 637.122741699, 404.820007324, 1997.92163086, 8302.30859375, 11552.8154297, 5652.28466797, 7152.53710938, 4655.23730469, 2600.07861328, 2328.1418457, 1900.62573242, 2235.9597168, 2474.78149414, 364.420043945, 400.796936035, 149.68737793, 193.140609741, 517.236206055, 209.187866211, 1931.46130371, 534.256774902, 119.951622009, 30.647518158, 26.8718776703, 20.5434474945, 12.9167137146, 5.14675569534, 0.443501979113, 0.00858973991126, 2.77987510344e-05, 1.51470533893e-08, 4.41188752198e-10],
        "dvar2": [0.569186151028, 30.0376834869, 33.1096115112, 23.1365756989, 34.1646270752, 77.0544891357, 200.179580688, 506.01675415, 1606.19665527, 971.63885498, 5197.99072266, 20436.8945312, 31018.5449219, 12973.7958984, 19185.2441406, 11888.6269531, 6746.55957031, 5988.33984375, 4974.03271484, 5629.04589844, 6266.95263672, 877.633728027, 984.105163574, 390.481170654, 515.473144531, 1447.30126953, 582.790710449, 5615.77832031, 1538.64379883, 331.815551758, 68.5807342529, 51.9690628052, 37.828742981, 23.1564273834, 9.77221012115, 0.862575948238, 0.0184058509767, 6.74442926538e-05, 3.23865307905e-08, 1.03576314192e-09],
        "max": [5.32250595093, 39.0031890869, 40.8775520325, 53.0642776489, 75.5166854858, 132.42237854, 143.981887817, 384.447418213, 673.507446289, 511.50402832, 1803.77514648, 2674.67553711, 2011.8236084, 3833.70043945, 1631.75708008, 1906.05749512, 1036.4510498, 1495.45556641, 1118.09057617, 1058.62573242, 1887.94165039, 510.269042969, 372.030151367, 266.298248291, 261.321350098, 375.255859375, 315.343933105, 702.663085938, 295.952667236, 164.544723511, 106.879234314, 126.142921448, 167.830657959, 122.945602417, 66.7589874268, 21.9999446869, 2.68314909935, 0.16553413868, 0.00423227390274, 0.000440374074969],
        "mean": [0.396648794413, 2.43207883835, 2.3656578064, 1.16216528416, 2.41741871834, 4.42034387589, 5.97959566116, 8.09157848358, 13.5530195236, 13.082201004, 25.6977653503, 62.0124130249, 60.8774833679, 51.094959259, 53.3270339966, 37.9427604675, 41.7335510254, 34.2190513611, 37.588394165, 37.7344779968, 35.6692695618, 25.0068664551, 23.6608161926, 17.3287582397, 17.4610290527, 16.2860546112, 10.8616037369, 11.5487670898, 8.26404762268, 6.6201710701, 6.31420993805, 5.22945785522, 3.48212480545, 2.3621096611, 1.18842530251, 0.340195327997, 0.0367860682309, 0.00117619382218, 6.78337091813e-05, 4.352445103e-05],
        "median": [0.084509126842, 0.47783178091, 0.549518465996, 0.429733455181, 1.02841091156, 2.00462293625, 2.04965496063, 2.85329985619, 5.33265972137, 5.45624732971, 9.01354598999, 19.7807044983, 15.3575716019, 17.6953811646, 15.5774211884, 12.0462465286, 18.1791858673, 15.869758606, 19.6003112793, 18.6845054626, 14.7378196716, 13.7100391388, 14.1244621277, 10.4373874664, 9.90999794006, 9.10725402832, 6.23911857605, 4.43185043335, 3.28773164749, 3.02542638779, 3.03525424004, 2.2174782753, 1.29349684715, 0.694742321968, 0.315120100975, 0.0951914638281, 0.0088863670826, 0.000230208024732, 3.39977086696e-05, 3.39195685228e-05],
        "min": [8.26254426741e-22, 2.90493855589e-21, 1.09166103132e-20, 1.21775372971e-20, 6.92065700124e-20, 8.43842098041e-20, 1.13535864048e-19, 3.74580365191e-19, 2.42786841416e-19, 6.58500649572e-19, 1.45382493407e-18, 2.11539550939e-18, 2.87999887463e-18, 9.04917185364e-19, 1.82229667384e-18, 4.00379818304e-18, 2.91218467906e-18, 3.39049256249e-18, 5.35058884098e-18, 4.37793900513e-18, 1.13527718387e-17, 9.16683540065e-18, 1.17066446678e-17, 9.72744961618e-18, 1.15290010138e-17, 1.5536427211e-17, 1.16442123839e-17, 1.86271213954e-17, 1.90157192667e-17, 1.54247694089e-17, 1.52869396121e-17, 1.69362533811e-17, 1.25269563726e-17, 7.50790482984e-18, 9.13602954027e-18, 6.95644419496e-18, 2.68384788161e-18, 1.11881027194e-18, 3.06069105107e-19, 3.89938433754e-20],
        "var": [0.486886441708, 19.0632781982, 17.0170230865, 6.24281072617, 19.8519496918, 52.6515426636, 139.46585083, 277.74407959, 868.023376465, 752.26965332, 3615.56835938, 16028.5576172, 21751.359375, 12305.4179688, 12541.3837891, 8386.70898438, 5622.984375, 4739.53515625, 3687.26220703, 4408.95996094, 7393.18457031, 1388.45532227, 960.301818848, 457.981872559, 503.639343262, 616.084411621, 257.972717285, 1195.52954102, 388.005584717, 134.332839966, 88.8100357056, 87.2267456055, 71.9521636963, 45.0697822571, 14.5431261063, 1.17073142529, 0.0152967665344, 3.20247308991e-05, 2.9808337132e-08, 1.74538117292e-09]
    },
    "gfcc": {
        "mean": [-13.1332178116, 85.1424102783, -137.075408936, 24.314912796, -67.001991272, 29.3350849152, -40.9769363403, 22.1700439453, -20.5164928436, 3.56455612183, -11.7677650452, -3.52285480499, -2.76745271683],
        "cov": [[10225.25, -1974.74389648, 322.301635742, 1841.71252441, 118.105697632, 1134.55371094, 487.27243042, 520.168029785, 42.9007110596, 488.442382812, 71.602355957, 585.442871094, -5.44510221481], [-1974.74389648, 1909.87890625, 481.448974609, -170.462661743, 374.922027588, -238.771652222, 116.503669739, -84.9666137695, 134.700119019, -134.698059082, 146.511398315, -209.513336182, 60.4749145508], [322.301635742, 481.448974609, 1067.69848633, 405.204681396, 240.905609131, 141.84362793, 6.15233755112, 92.834777832, 70.9171142578, 96.2064437866, 60.3752059937, 51.3762435913, 0.0870705097914], [1841.71252441, -170.462661743, 405.204681396, 878.105041504, 284.895446777, 271.664916992, 211.952148438, 145.617248535, 118.191482544, 159.073013306, 33.3095359802, 157.828903198, 46.7054405212], [118.105697632, 374.922027588, 240.905609131, 284.895446777, 383.045562744, 125.138847351, 186.323013306, 80.7185134888, 86.3512115479, 61.4038887024, 49.9949417114, 30.5757827759, 39.2210922241], [1134.55371094, -238.771652222, 141.84362793, 271.664916992, 125.138847351, 360.776123047, 202.048431396, 109.512306213, 14.4641036987, 86.8775634766, 33.7323112488, 82.6561889648, 5.93583631516], [487.27243042, 116.503669739, 6.15233755112, 211.952148438, 186.323013306, 202.048431396, 374.532592773, 90.8212432861, 71.3438415527, 66.4312133789, 40.8585510254, 45.422416687, 32.0532722473], [520.168029785, -84.9666137695, 92.834777832, 145.617248535, 80.7185134888, 109.512306213, 90.8212432861, 152.530151367, 66.0103607178, 51.3955879211, 21.5314884186, 47.2540016174, 11.5969333649], [42.9007110596, 134.700119019, 70.9171142578, 118.191482544, 86.3512115479, 14.4641036987, 71.3438415527, 66.0103607178, 149.467529297, 42.7418365479, 34.1660346985, 16.3052425385, 34.8314819336], [488.442382812, -134.698059082, 96.2064437866, 159.073013306, 61.4038887024, 86.8775634766, 66.4312133789, 51.3955879211, 42.7418365479, 126.72933197, 20.9019145966, 59.9888114929, 4.84666252136], [71.602355957, 146.511398315, 60.3752059937, 33.3095359802, 49.9949417114, 33.7323112488, 40.8585510254, 21.5314884186, 34.1660346985, 20.9019145966, 118.675064087, 21.981048584, 17.697052002], [585.442871094, -209.513336182, 51.3762435913, 157.828903198, 30.5757827759, 82.6561889648, 45.422416687, 47.2540016174, 16.3052425385, 59.9888114929, 21.981048584, 128.367736816, 28.0660820007], [-5.44510221481, 60.4749145508, 0.0870705097914, 46.7054405212, 39.2210922241, 5.93583631516, 32.0532722473, 11.5969333649, 34.8314819336, 4.84666252136, 17.697052002, 28.0660820007, 82.756942749]],
        "icov": [[0.000304317800328, -0.000182237519766, 0.000276668084553, -0.00066144549055, 0.000592692522332, -0.000685660517775, 0.000267978466582, -0.000574156350922, 0.000407496496337, -0.000387063075323, 4.57073583675e-05, -0.000506841344759, 0.000284423993435], [-0.000182237519766, 0.00294191157445, -0.00182667386252, 0.00133590446785, -0.00282248412259, 0.00267149391584, -0.00215796171688, 0.00216258573346, -0.00160315365065, 0.00281041814014, -0.00263564614579, 0.00325942994095, -0.00126663176343], [0.000276668084553, -0.00182667386252, 0.00260788132437, -0.00162367662415, 0.00125474040397, -0.00226992648095, 0.00230247131549, -0.00181561638601, 0.00109680590685, -0.00219495757483, 0.00109656795394, -0.00185047846753, 0.00125743972603], [-0.00066144549055, 0.00133590446785, -0.00162367662415, 0.00418023159727, -0.00298271374777, 0.00146545900498, -0.00136654358357, 0.00197700341232, -0.00224873423576, 0.000981847173534, -7.4301395216e-05, 0.000290206371574, -0.00101005320903], [0.000592692522332, -0.00282248412259, 0.00125474040397, -0.00298271374777, 0.00812581926584, -0.00309705291875, 0.000455138244433, -0.00305609800853, 0.00153242179658, -0.00303990906104, 0.00163966591936, -0.00225409120321, 0.000353473646101], [-0.000685660517775, 0.00267149391584, -0.00226992648095, 0.00146545900498, -0.00309705291875, 0.00930035486817, -0.00467079412192, 0.000253041071119, 0.000773553794716, 0.00182294170372, -0.00280580157414, 0.00264681130648, -0.000977626652457], [0.000267978466582, -0.00215796171688, 0.00230247131549, -0.00136654358357, 0.000455138244433, -0.00467079412192, 0.006990945898, -0.00208670669235, 0.000109438224172, -0.00256760022603, 0.00153299758676, -0.00198132172227, 0.000515821564477], [-0.000574156350922, 0.00216258573346, -0.00181561638601, 0.00197700341232, -0.00305609800853, 0.000253041071119, -0.00208670669235, 0.0134623749182, -0.00617308262736, 0.00230733514763, -0.00123628124129, 0.000684062135406, 0.000115423317766], [0.000407496496337, -0.00160315365065, 0.00109680590685, -0.00224873423576, 0.00153242179658, 0.000773553794716, 0.000109438224172, -0.00617308262736, 0.0129879042506, -0.00445261085406, -0.000594121927861, 0.000341787468642, -0.00268736341968], [-0.000387063075323, 0.00281041814014, -0.00219495757483, 0.000981847173534, -0.00303990906104, 0.00182294170372, -0.00256760022603, 0.00230733514763, -0.00445261085406, 0.0158024337143, -0.00266421795823, -0.000993564608507, 0.00120536377653], [4.57073583675e-05, -0.00263564614579, 0.00109656795394, -7.4301395216e-05, 0.00163966591936, -0.00280580157414, 0.00153299758676, -0.00123628124129, -0.000594121927861, -0.00266421795823, 0.0123351858929, -0.00436954572797, 0.000223609618843], [-0.000506841344759, 0.00325942994095, -0.00185047846753, 0.000290206371574, -0.00225409120321, 0.00264681130648, -0.00198132172227, 0.000684062135406, 0.000341787468642, -0.000993564608507, -0.00436954572797, 0.0176003091037, -0.00614725518972], [0.000284423993435, -0.00126663176343, 0.00125743972603, -0.00101005320903, 0.000353473646101, -0.000977626652457, 0.000515821564477, 0.000115423317766, -0.00268736341968, 0.00120536377653, 0.000223609618843, -0.00614725518972, 0.0163806881756]]
    },
    "melbands": {
        "dmean": [0.00224900408648, 0.00130943744443, 0.000186695411685, 0.000160983210662, 0.000125294158352, 0.000123364065075, 0.00013031787239, 8.68906572578e-05, 0.000156593232532, 0.00025426276261, 0.000195254280698, 0.000127986670122, 0.000112080160761, 9.49880486587e-05, 5.63826761208e-05, 4.72687825095e-05, 3.61873062502e-05, 3.81965473935e-05, 2.50075790973e-05, 2.76782047877e-05, 2.11709630094e-05, 1.16449564302e-05, 1.41772998177e-05, 1.07912110252e-05, 5.98720589551e-06, 6.26374730928e-06, 6.32597493677e-06, 6.27449435342e-06, 3.89782007915e-06, 3.8305547605e-06, 6.61639978716e-06, 3.50049367626e-06, 3.24625489156e-06, 1.8837316702e-06, 1.69967665897e-06, 1.61516322805e-06, 1.46521142597e-06, 1.19004380394e-06, 1.09602160592e-06, 1.00823240246e-06],
        "dmean2": [0.00355225731619, 0.00215438869782, 0.000319985294482, 0.000264568283455, 0.000201871866011, 0.000195385771804, 0.000209967853152, 0.000135837108246, 0.000249916076427, 0.000407715357142, 0.000317582860589, 0.000203249510378, 0.000182064148248, 0.000157648944878, 9.10449452931e-05, 7.79584661359e-05, 5.96054633206e-05, 6.31758375675e-05, 4.11874098063e-05, 4.45417936135e-05, 3.44816980942e-05, 1.87506575458e-05, 2.29731667787e-05, 1.77752717718e-05, 9.79626656772e-06, 1.05258859548e-05, 1.05002582131e-05, 1.07351988845e-05, 6.61997773932e-06, 6.64273420625e-06, 1.20861732285e-05, 6.16719262325e-06, 5.70352494833e-06, 3.00634383166e-06, 2.60825595433e-06, 2.46361946665e-06, 2.16316470869e-06, 1.7306274458e-06, 1.55105010435e-06, 1.44041712247e-06],
        "dvar": [1.9183366021e-05, 6.51411482977e-06, 2.32337129091e-07, 9.88881865283e-08, 7.5486511264e-08, 9.61828163781e-08, 1.24817887581e-07, 5.39570734759e-08, 1.52140245291e-07, 3.42185785485e-07, 3.07066585492e-07, 1.18975123087e-07, 8.49191081898e-08, 9.9144727983e-08, 2.34483472639e-08, 1.15487859276e-08, 7.58228679842e-09, 7.14803949364e-09, 3.10834002981e-09, 4.72838834753e-09, 3.24230842175e-09, 5.05308905829e-10, 7.88365372983e-10, 4.04739658455e-10, 1.10297403155e-10, 1.15484392882e-10, 1.5798451436e-10, 2.77424444528e-10, 8.33267899125e-11, 1.46012882341e-10, 8.48957293353e-10, 1.53737703124e-10, 1.27830246388e-10, 1.97590017265e-11, 1.14601462001e-11, 1.15675620124e-11, 1.22535575436e-11, 1.13837359678e-11, 1.15799904388e-11, 1.13786905245e-11],
        "dvar2": [4.78164765809e-05, 1.57599988597e-05, 6.37244113477e-07, 2.49478347314e-07, 1.80080064638e-07, 2.32369060882e-07, 3.15313570809e-07, 1.29289105644e-07, 3.89725073546e-07, 8.5594228949e-07, 8.24660560284e-07, 2.76085813766e-07, 2.16201271996e-07, 2.80431208921e-07, 5.69066145317e-08, 3.05709022541e-08, 1.93390405911e-08, 1.83078086025e-08, 7.35736493951e-09, 1.12792051254e-08, 8.17651191198e-09, 1.19879683957e-09, 1.91714955022e-09, 1.03982533695e-09, 2.93603641399e-10, 3.16250747812e-10, 4.21103818482e-10, 7.8146750182e-10, 2.3207184785e-10, 4.13721057413e-10, 2.47438958212e-09, 4.41712610932e-10, 3.6794015057e-10, 5.15240419774e-11, 2.72406004004e-11, 2.44957040763e-11, 2.41467939394e-11, 2.28819515419e-11, 2.20014891722e-11, 2.24750253131e-11],
        "max": [0.0482139848173, 0.0275939591229, 0.00801117438823, 0.00643792003393, 0.00458706403151, 0.00784039869905, 0.00890142191201, 0.00634743552655, 0.0137467915192, 0.0152748981491, 0.0107882460579, 0.0172279346734, 0.00654110731557, 0.00693078711629, 0.00574409496039, 0.00195175479166, 0.00258931727149, 0.00240170559846, 0.00173785211518, 0.00190644618124, 0.00208637700416, 0.00076345569687, 0.000790145888459, 0.000480260408949, 0.000221381458687, 0.000188917125342, 0.000245217088377, 0.00027707600384, 0.000195766260731, 0.000185077020433, 0.000448333128588, 0.000183347321581, 0.00014465561253, 7.31794571038e-05, 7.13192202966e-05, 8.28265401651e-05, 9.90161424852e-05, 0.000108319829451, 0.000131384033011, 0.000123292818898],
        "mean": [0.00346491415985, 0.00196237838827, 0.000232343605603, 0.000260363187408, 0.000211102204048, 0.000181913012057, 0.000201038827072, 0.000150241263327, 0.000246772484388, 0.000399288634071, 0.00030338941724, 0.000210973725189, 0.00017946177104, 0.000137375012855, 8.9761982963e-05, 8.19892738946e-05, 6.01429710514e-05, 6.34822208667e-05, 4.53742904938e-05, 4.83880285174e-05, 3.96579198423e-05, 2.35944517044e-05, 2.62933190243e-05, 1.97729204956e-05, 1.29615609694e-05, 1.30489588628e-05, 1.23447907754e-05, 1.0160659258e-05, 7.01335466147e-06, 5.79110292165e-06, 6.90733668307e-06, 4.58374142909e-06, 4.26213091487e-06, 3.45973830918e-06, 3.64644211004e-06, 3.41472809851e-06, 3.14199428431e-06, 2.49433082899e-06, 2.15054365071e-06, 1.9528536086e-06],
        "median": [0.000822336180136, 0.000431910855696, 9.4028422609e-05, 0.000126661616378, 7.99013650976e-05, 6.3304672949e-05, 8.00681009423e-05, 5.51397461095e-05, 8.10472192825e-05, 0.000117090479762, 6.59902725602e-05, 6.32855808362e-05, 4.66441597382e-05, 2.69793599728e-05, 3.37488527293e-05, 3.29306349158e-05, 2.59357402683e-05, 2.99172970699e-05, 2.3452044843e-05, 2.04071002372e-05, 1.46338879858e-05, 1.22166693473e-05, 1.30567259475e-05, 1.01397872641e-05, 7.29716975911e-06, 7.13565486876e-06, 6.64886010782e-06, 5.00881969856e-06, 3.71424175682e-06, 2.76207583738e-06, 2.35107427216e-06, 1.80162805918e-06, 1.59561841429e-06, 1.57756949193e-06, 1.69914801518e-06, 1.53910968947e-06, 1.17126364785e-06, 8.8302090262e-07, 6.80446987644e-07, 5.06810579282e-07],
        "min": [6.83707008732e-24, 6.33029992535e-24, 4.07591058535e-24, 5.64983166395e-24, 4.16725476172e-24, 7.49097266888e-24, 3.89923216942e-24, 8.11598874181e-24, 1.20446588336e-23, 1.50857389225e-23, 1.40997227444e-23, 2.94043405914e-24, 6.23993590866e-24, 1.11227478593e-23, 1.18534981148e-23, 3.35290299964e-24, 6.70448860157e-24, 9.46777290039e-24, 6.98926659949e-24, 6.9702747732e-24, 1.24704559736e-23, 8.88740004381e-24, 8.91891582583e-24, 1.28337634969e-23, 6.9951522907e-24, 6.87339003226e-24, 1.19661569184e-23, 9.68354844607e-24, 5.87227347872e-24, 7.97434561083e-24, 1.0403582815e-23, 1.15835830452e-23, 8.13839002493e-24, 8.94602266426e-24, 8.17944155758e-24, 9.65073104355e-24, 1.10177465285e-23, 8.10197620555e-24, 5.30661918891e-24, 6.39306130454e-24],
        "var": [3.56465243385e-05, 1.06957440948e-05, 2.0452442584e-07, 1.71350833966e-07, 1.4251020275e-07, 1.34516156436e-07, 1.75088445076e-07, 1.07341023181e-07, 2.84738121081e-07, 6.65861023208e-07, 5.80040591558e-07, 2.45267045784e-07, 1.58359085844e-07, 1.61200176763e-07, 3.94741483944e-08, 2.35551880223e-08, 1.46114063071e-08, 1.29645778557e-08, 6.03897820639e-09, 1.03470743085e-08, 9.47973077814e-09, 1.51522450142e-09, 1.7549871556e-09, 7.87547804748e-10, 2.90115875767e-10, 2.85451690063e-10, 3.05320352334e-10, 2.87592866188e-10, 1.07005238004e-10, 1.24956711645e-10, 5.1065834894e-10, 1.15175487203e-10, 9.54334875014e-11, 3.10043796192e-11, 2.96816252132e-11, 3.20423410027e-11, 3.64106661488e-11, 3.53874880787e-11, 3.69287551927e-11, 3.40757977391e-11]
    },
    "mfcc": {
        "mean": [-646.186645508, 110.963027954, -9.47710037231, 0.312156170607, 2.90422844887, -0.54789942503, 1.52300691605, 7.17087078094, 3.08020806313, 8.86556148529, 0.0553778111935, 1.02310836315, -1.54953479767],
        "cov": [[9857.99316406, -2809.96606445, 334.75592041, 863.641601562, 118.051452637, 895.075134277, 522.610412598, 604.231445312, 297.213928223, 226.281906128, 162.717193604, 208.798370361, 284.726196289], [-2809.96606445, 1976.10253906, 192.509872437, -19.6765365601, 179.956039429, -174.107254028, 24.5808258057, -82.3663864136, -56.7538986206, 32.2184677124, 20.9412002563, 14.0299844742, -44.6604728699], [334.75592041, 192.509872437, 784.45513916, 284.17489624, 267.502441406, 120.135704041, 59.8315467834, 40.5755653381, 29.3662528992, 30.7753562927, 61.841884613, 78.3074569702, 45.1047019958], [863.641601562, -19.6765365601, 284.17489624, 610.981811523, 228.896392822, 232.207626343, 96.8010101318, 124.818778992, 141.589675903, 57.321975708, 78.2337722778, 83.4715423584, 104.860862732], [118.051452637, 179.956039429, 267.502441406, 228.896392822, 319.576660156, 74.2629089355, 48.5638427734, 43.5363807678, 46.1095619202, 34.698425293, 30.5541725159, 54.7539100647, 52.2274093628], [895.075134277, -174.107254028, 120.135704041, 232.207626343, 74.2629089355, 323.068756104, 185.152816772, 127.565261841, 115.50062561, 54.9554634094, 76.4534912109, 43.5189170837, 48.2714614868], [522.610412598, 24.5808258057, 59.8315467834, 96.8010101318, 48.5638427734, 185.152816772, 257.016540527, 123.977561951, 65.5046081543, 62.5202255249, 59.846862793, 33.6345748901, 28.0869121552], [604.231445312, -82.3663864136, 40.5755653381, 124.818778992, 43.5363807678, 127.565261841, 123.977561951, 185.473419189, 84.0280914307, 58.0838432312, 50.5026550293, 30.6608867645, 47.3915328979], [297.213928223, -56.7538986206, 29.3662528992, 141.589675903, 46.1095619202, 115.50062561, 65.5046081543, 84.0280914307, 172.168045044, 54.1033172607, 42.2601165771, 25.4624404907, 34.4218406677], [226.281906128, 32.2184677124, 30.7753562927, 57.321975708, 34.698425293, 54.9554634094, 62.5202255249, 58.0838432312, 54.1033172607, 105.741477966, 51.6335029602, 27.0645503998, 19.5046024323], [162.717193604, 20.9412002563, 61.841884613, 78.2337722778, 30.5541725159, 76.4534912109, 59.846862793, 50.5026550293, 42.2601165771, 51.6335029602, 107.631744385, 41.5269203186, 24.8710308075], [208.798370361, 14.0299844742, 78.3074569702, 83.4715423584, 54.7539100647, 43.5189170837, 33.6345748901, 30.6608867645, 25.4624404907, 27.0645503998, 41.5269203186, 82.8899154663, 45.1479225159], [284.726196289, -44.6604728699, 45.1047019958, 104.860862732, 52.2274093628, 48.2714614868, 28.0869121552, 47.3915328979, 34.4218406677, 19.5046024323, 24.8710308075, 45.1479225159, 90.4261550903]],
