{
"lowlevel": {
    "average_loudness": 0.799692928791,
    "barkbands_crest": {
        "dmean": 3.02816939354,
        "dmean2": 4.94860601425,
        "dvar": 6.57530498505,
        "dvar2": 17.8926696777,
        "max": 26.5077819824,
        "mean": 11.0385990143,
        "median": 10.4358863831,
        "min": 2.60500240326,
        "var": 18.4223861694
    },
    "barkbands_flatness_db": {
        "dmean": 0.0219929739833,
        "dmean2": 0.0347516685724,
        "dvar": 0.000362142745871,
        "dvar2": 0.000902613450307,
        "max": 0.388349860907,
        "mean": 0.136096179485,
        "median": 0.131539195776,
        "min": 0.0292579047382,
        "var": 0.0017862910172
    },
    "barkbands_kurtosis": {
        "dmean": 2.47827672958,
        "dmean2": 4.0305981636,
        "dvar": 18.2864494324,
        "dvar2": 47.238067627,
        "max": 184.118530273,
        "mean": 3.46376395226,
        "median": 1.49711561203,
        "min": -1.92130219936,
        "var": 63.9270858765
    },
    "barkbands_skewness": {
        "dmean": 0.53504472971,
        "dmean2": 0.850119948387,
        "dvar": 0.276920229197,
        "dvar2": 0.670148134232,
        "max": 12.6458387375,
        "mean": 1.47249519825,
        "median": 1.29761016369,
        "min": -2.21208810806,
        "var": 1.20719754696
    },
    "barkbands_spread": {
        "dmean": 7.09393072128,
        "dmean2": 10.9927892685,
        "dvar": 76.1374130249,
        "dvar2": 162.54284668,
        "max": 108.412513733,
        "mean": 27.8942718506,
        "median": 24.5158805847,
        "min": 0.779285490513,
        "var": 312.521148682
    },
    "dissonance": {
        "dmean": 0.020897584036,
        "dmean2": 0.0354922488332,
        "dvar": 0.000392244954128,
        "dvar2": 0.00104898016434,
        "max": 0.500000119209,
        "mean": 0.463192403316,
        "median": 0.469989031553,
        "min": 0.0182937365025,
        "var": 0.000794000690803
    },
    "dynamic_complexity": 4.11021280289,
    "erbbands_crest": {
        "dmean": 2.78383421898,
        "dmean2": 4.48877573013,
        "dvar": 6.80154848099,
        "dvar2": 16.716840744,
        "max": 30.7281646729,
        "mean": 9.78970813751,
        "median": 8.50846099854,
        "min": 1.95530843735,
        "var": 28.0745639801
    },
    "erbbands_flatness_db": {
        "dmean": 0.0158585309982,
        "dmean2": 0.0238804481924,
        "dvar": 0.000208122321055,
        "dvar2": 0.000444238976343,
        "max": 0.372860521078,
        "mean": 0.149241089821,
        "median": 0.142252668738,
        "min": 0.056274279952,
        "var": 0.00276927696541
    },
    "erbbands_kurtosis": {
        "dmean": 0.962718844414,
        "dmean2": 1.53874135017,
        "dvar": 1.6176609993,
        "dvar2": 4.15331315994,
        "max": 28.5703773499,
        "mean": 0.719272017479,
        "median": 0.123388051987,
        "min": -1.76267516613,
        "var": 4.08500146866
    },
    "erbbands_skewness": {
        "dmean": 0.355656087399,
        "dmean2": 0.54955893755,
        "dvar": 0.10250081867,
        "dvar2": 0.243172630668,
        "max": 4.25833654404,
        "mean": 0.535565316677,
        "median": 0.523193240166,
        "min": -2.70520234108,
        "var": 0.535599827766
    },
    "erbbands_spread": {
        "dmean": 8.43263149261,
        "dmean2": 12.9060401917,
        "dvar": 83.3047790527,
        "dvar2": 187.170761108,
        "max": 130.77571106,
        "mean": 40.6826400757,
        "median": 36.4337882996,
        "min": 2.8328640461,
        "var": 471.090026855
    },
    "hfc": {
        "dmean": 10.0256948471,
        "dmean2": 15.1104078293,
        "dvar": 281.351806641,
        "dvar2": 673.50201416,
        "max": 178.366744995,
        "mean": 29.855178833,
        "median": 20.6632976532,
        "min": 1.16270293611e-16,
        "var": 829.718688965
    },
    "melbands_crest": {
        "dmean": 4.02542161942,
        "dmean2": 6.58501434326,
        "dvar": 12.6551532745,
        "dvar2": 32.288269043,
        "max": 35.2413139343,
        "mean": 16.9315223694,
        "median": 16.4599170685,
        "min": 1.91739797592,
        "var": 44.169631958
    },
    "melbands_flatness_db": {
        "dmean": 0.0275889411569,
        "dmean2": 0.0435659885406,
        "dvar": 0.000611986150034,
        "dvar2": 0.00150840682909,
        "max": 0.493945717812,
        "mean": 0.185303419828,
        "median": 0.180085793138,
        "min": 0.00552749773487,
        "var": 0.00298530235887
    },
    "melbands_kurtosis": {
        "dmean": 7.18011569977,
        "dmean2": 11.7703056335,
        "dvar": 140.727859497,
        "dvar2": 355.858215332,
        "max": 327.393218994,
        "mean": 13.0915689468,
        "median": 6.96710205078,
        "min": -1.68739652634,
        "var": 384.783752441
    },
    "melbands_skewness": {
        "dmean": 0.793196022511,
        "dmean2": 1.27367305756,
        "dvar": 0.66275793314,
        "dvar2": 1.65261757374,
        "max": 15.3117551804,
        "mean": 2.61050891876,
        "median": 2.24043083191,
        "min": -1.26462745667,
        "var": 3.0556166172
    },
    "melbands_spread": {
        "dmean": 7.79941272736,
        "dmean2": 12.4891891479,
        "dvar": 99.5901870728,
        "dvar2": 223.078170776,
        "max": 216.884399414,
        "mean": 25.1040115356,
        "median": 22.1085395813,
        "min": 0.686712920666,
        "var": 299.142211914
    },
    "pitch_salience": {
        "dmean": 0.0756307765841,
        "dmean2": 0.121714994311,
        "dvar": 0.00425478396937,
        "dvar2": 0.010950201191,
        "max": 0.960179269314,
        "mean": 0.513980388641,
        "median": 0.502456247807,
        "min": 0.0485253222287,
        "var": 0.0167100317776
    },
    "silence_rate_20dB": {
        "dmean": 0,
        "dmean2": 0,
        "dvar": 0,
        "dvar2": 0,
        "max": 1,
        "mean": 1,
        "median": 1,
        "min": 1,
        "var": 0
    },
    "silence_rate_30dB": {
        "dmean": 0.0301932375878,
        "dmean2": 0.0603937655687,
        "dvar": 0.0292819030583,
        "dvar2": 0.0724540501833,
        "max": 1,
        "mean": 0.977538943291,
        "median": 1,
        "min": 0,
        "var": 0.0219559930265
    },
    "silence_rate_60dB": {
        "dmean": 0.0258454103023,
        "dmean2": 0.0516970641911,
        "dvar": 0.0251802522689,
        "dvar2": 0.0579732246697,
        "max": 1,
        "mean": 0.0949160754681,
        "median": 0,
        "min": 0,
        "var": 0.0859251022339
    },
    "spectral_centroid": {
        "dmean": 252.429992676,
        "dmean2": 394.052124023,
        "dvar": 77051.421875,
        "dvar2": 172866.890625,
        "max": 11058.3144531,
        "mean": 1485.16625977,
        "median": 1456.7088623,
        "min": 241.254882812,
        "var": 382831.84375
    },
    "spectral_complexity": {
        "dmean": 3.95821261406,
        "dmean2": 6.15086364746,
        "dvar": 21.3286380768,
        "dvar2": 45.5180892944,
        "max": 56,
        "mean": 19.0251178741,
        "median": 18,
        "min": 0,
        "var": 120.070220947
    },
    "spectral_decrease": {
        "dmean": 3.12718939632e-09,
        "dmean2": 5.08187358861e-09,
        "dvar": 2.18136461081e-17,
        "dvar2": 5.65655418145e-17,
        "max": 2.83964828605e-29,
        "mean": -8.37332603254e-09,
        "median": -6.29322194357e-09,
        "min": -5.29862873577e-08,
        "var": 5.8335450245e-17
    },
    "spectral_energy": {
        "dmean": 0.0123353386298,
        "dmean2": 0.0199570991099,
        "dvar": 0.000339346850524,
        "dvar2": 0.000878059247043,
        "max": 0.210837900639,
        "mean": 0.0343108326197,
        "median": 0.02620623447,
        "min": 1.06372454094e-20,
        "var": 0.000952857953962
    },
    "spectral_energyband_high": {
        "dmean": 0.000862318149302,
        "dmean2": 0.00127579376567,
        "dvar": 2.56238649854e-06,
        "dvar2": 6.09664357398e-06,
        "max": 0.0220910850912,
        "mean": 0.00188381050248,
        "median": 0.000791746308096,
        "min": 7.69362949558e-21,
        "var": 6.2376675487e-06
    },
    "spectral_energyband_low": {
        "dmean": 0.00882385391742,
        "dmean2": 0.0145349269733,
        "dvar": 0.000184321135748,
        "dvar2": 0.000468545214972,
        "max": 0.140037581325,
        "mean": 0.0172700192779,
        "median": 0.0104897785932,
        "min": 2.87873929878e-23,
        "var": 0.000415270304075
    },
    "spectral_energyband_middle_high": {
        "dmean": 0.00218834495172,
        "dmean2": 0.00343532627448,
        "dvar": 1.06398938442e-05,
        "dvar2": 2.50135162787e-05,
        "max": 0.047033213079,
        "mean": 0.00714075751603,
        "median": 0.00371303712018,
        "min": 1.47219489003e-21,
        "var": 6.35328033241e-05
    },
    "spectral_energyband_middle_low": {
        "dmean": 0.00559123931453,
        "dmean2": 0.00947841163725,
        "dvar": 0.000160941592185,
        "dvar2": 0.000442289019702,
        "max": 0.14217184484,
        "mean": 0.00974514242262,
        "median": 0.00635247398168,
        "min": 3.60629214326e-22,
        "var": 0.000150627689436
    },
    "spectral_entropy": {
        "dmean": 0.145749166608,
        "dmean2": 0.217233434319,
        "dvar": 0.0203769821674,
        "dvar2": 0.0422254838049,
        "max": 9.81976890564,
        "mean": 7.78153419495,
        "median": 7.83756256104,
        "min": 6.20646190643,
        "var": 0.226879060268
    },
    "spectral_flux": {
        "dmean": 0.0255722012371,
        "dmean2": 0.0411956720054,
        "dvar": 0.00115885178093,
        "dvar2": 0.00237266020849,
        "max": 0.396435886621,
        "mean": 0.0940926447511,
        "median": 0.0847300812602,
        "min": 6.56352749928e-11,
        "var": 0.0038095167838
    },
    "spectral_kurtosis": {
        "dmean": 1.09284806252,
        "dmean2": 1.77797305584,
        "dvar": 1.9444719553,
        "dvar2": 5.65974807739,
        "max": 23.2285327911,
        "mean": 3.41538596153,
        "median": 2.69923210144,
        "min": -1.32773280144,
        "var": 8.13685894012
    },
    "spectral_rms": {
        "dmean": 0.00090487068519,
        "dmean2": 0.0014351477148,
        "dvar": 1.0886351447e-06,
        "dvar2": 2.73104842563e-06,
        "max": 0.0143420891836,
        "mean": 0.00513205677271,
        "median": 0.00505638774484,
        "min": 3.2214593406e-12,
        "var": 7.13599092705e-06
    },
    "spectral_rolloff": {
        "dmean": 687.095153809,
        "dmean2": 1163.48376465,
        "dvar": 1629619,
        "dvar2": 3604079.75,
        "max": 18841.5527344,
        "mean": 1616.04907227,
        "median": 1098.19335938,
        "min": 64.599609375,
        "var": 3009661.75
    },
    "spectral_skewness": {
        "dmean": 0.171631619334,
        "dmean2": 0.266614437103,
        "dvar": 0.0303215570748,
        "dvar2": 0.0733569264412,
        "max": 3.49272155762,
        "mean": 1.47734904289,
        "median": 1.42628514767,
        "min": -0.15031349659,
        "var": 0.214270189404
    },
    "spectral_spread": {
        "dmean": 546452.0625,
        "dmean2": 774179.25,
        "dvar": 557511081984,
        "dvar2": 910991687680,
        "max": 40210604,
        "mean": 5641090,
        "median": 5554329,
        "min": 1756111.375,
        "var": 4.55131476787e+12
    },
    "spectral_strongpeak": {
        "dmean": 0.491057634354,
        "dmean2": 0.862801611423,
        "dvar": 0.868975579739,
        "dvar2": 2.33381080627,
        "max": 9.79289627075,
        "mean": 0.820028960705,
        "median": 0.339242249727,
        "min": 0,
        "var": 1.34151542187
    },
    "zerocrossingrate": {
        "dmean": 0.0126671241596,
        "dmean2": 0.0153023293242,
        "dvar": 0.000265790411504,
        "dvar2": 0.000336885743309,
        "max": 0.66552734375,
        "mean": 0.0724958777428,
        "median": 0.06591796875,
        "min": 0.00244140625,
        "var": 0.00172688183375
    },
    "barkbands": {
        "dmean": [0.00127115228679, 0.00715470779687, 0.00204623467289, 0.00268068769947, 0.00136336893775, 0.000596550409682, 0.000433099485235, 0.000801001267973, 0.0012150357943, 0.00117268413305, 0.0006432828377, 0.000478643545648, 0.000256768165855, 0.000352906383341, 0.000289793155389, 0.000200783571927, 0.000185384749784, 0.000171761304955, 0.000167830672581, 0.000147285754792, 0.000138352712383, 0.00014082150301, 0.000189046564628, 0.000198166118935, 0.000174637723831, 7.92938662926e-05, 1.88707915072e-07],
        "dmean2": [0.00195157586131, 0.0119769573212, 0.00340309995227, 0.00495488476008, 0.00236616539769, 0.000983857200481, 0.000710522814188, 0.00128414563369, 0.00196221936494, 0.00186084199231, 0.000991162727587, 0.000769953476265, 0.000419134885306, 0.000568786228541, 0.000472350366181, 0.000320778490277, 0.000307411362883, 0.000280514534097, 0.000276117672911, 0.000240660781856, 0.000229355064221, 0.000219039313379, 0.000296578422422, 0.000302764412481, 0.000259587541223, 0.000121960911201, 3.55393865448e-07],
        "dvar": [5.51281164007e-06, 0.000117562791274, 2.82656255877e-05, 8.92252137419e-05, 8.79616436578e-06, 1.23243898997e-06, 9.60931060945e-07, 2.77229855783e-06, 8.71932934388e-06, 6.06215644439e-06, 2.8500019198e-06, 1.4470848555e-06, 3.85680806403e-07, 5.32268416009e-07, 3.74498142719e-07, 2.0173717985e-07, 1.79197428452e-07, 9.78402709961e-08, 1.09822842376e-07, 7.24564088728e-08, 1.02170780281e-07, 8.20559975523e-08, 1.33467679575e-07, 1.39219025641e-07, 1.05645867166e-07, 2.61220041153e-08, 1.58991500521e-11],
        "dvar2": [1.33351477416e-05, 0.000340112281265, 7.44709177525e-05, 0.00025355006801, 2.46319632424e-05, 3.07286541101e-06, 2.54658289123e-06, 6.91099967298e-06, 2.26984866458e-05, 1.50136474986e-05, 5.86352598475e-06, 3.60478998118e-06, 9.4989752597e-07, 1.31087472255e-06, 9.21002708765e-07, 4.56475845567e-07, 4.65236553282e-07, 2.41860533379e-07, 2.85909038666e-07, 1.8711706673e-07, 2.73844165122e-07, 2.05586118796e-07, 3.315408037e-07, 3.16228636166e-07, 2.3343211808e-07, 6.11857586819e-08, 4.66516963948e-11],
        "max": [0.0249972417951, 0.133864879608, 0.0783847346902, 0.0871755629778, 0.0379513129592, 0.0214712917805, 0.0221872963011, 0.0298319682479, 0.0548267289996, 0.0452698208392, 0.0374392606318, 0.0299480911344, 0.0222308151424, 0.0164540875703, 0.0152558516711, 0.00997485592961, 0.0120828226209, 0.00629919581115, 0.00540132028982, 0.00373762403615, 0.00578304752707, 0.00792231503874, 0.0049764579162, 0.00844276789576, 0.00561734288931, 0.00170573184732, 0.000187600948266],
        "mean": [0.00217159814201, 0.011791523546, 0.00231449631974, 0.00197681109421, 0.00180994719267, 0.000888628710527, 0.000623886182439, 0.00126060703769, 0.00199886667542, 0.00250809476711, 0.00125285505783, 0.000834025035147, 0.000439821713371, 0.000628777663223, 0.000499676621985, 0.000335571996402, 0.000321000610711, 0.000314610748319, 0.000316689984174, 0.000296471756883, 0.000217334410991, 0.0002506946621, 0.000364427280147, 0.000411370914662, 0.000360663398169, 0.000122282785014, 1.07665258042e-07],
        "median": [0.000221305759624, 0.00598001945764, 0.000523854338098, 0.000381259189453, 0.00105141918175, 0.000442752963863, 0.000281646061921, 0.000512200407684, 0.000459634495201, 0.000408308638725, 0.000209478545003, 0.000262040586676, 0.000145562153193, 0.000199352507479, 0.000191304221516, 0.000134716829052, 0.0001432167046, 0.000176068147994, 0.000138307834277, 0.000157836184371, 9.05483830138e-05, 8.8452383352e-05, 0.000150301275426, 0.000147217229824, 0.000125730308355, 2.71271364909e-05, 5.86386494916e-10],
        "min": [1.48737783082e-23, 2.13759485422e-23, 1.16206123733e-24, 8.27226760916e-25, 2.3197322665e-23, 2.13187829479e-23, 5.72045956409e-23, 5.35593325067e-23, 3.2717393888e-23, 4.23507234488e-23, 7.11480655504e-23, 2.22829050804e-23, 1.01854880183e-22, 8.95546138499e-23, 7.02263541578e-23, 1.28233126676e-22, 1.21861844243e-22, 1.49053450506e-22, 1.81641774128e-22, 3.84548966342e-22, 4.02195923631e-22, 4.74641324582e-22, 6.28970083599e-22, 6.54157642375e-22, 1.01759351021e-21, 1.67953065901e-21, 2.12497125589e-21],
        "var": [1.31394235723e-05, 0.000210037323995, 2.76894643321e-05, 5.36787265446e-05, 7.42856582292e-06, 1.88428577985e-06, 1.17282525025e-06, 4.74322314403e-06, 1.82824751391e-05, 2.53787384281e-05, 1.1716244444e-05, 3.71432679458e-06, 1.2418171309e-06, 1.3976491573e-06, 8.96133713013e-07, 4.43599645905e-07, 3.67265215573e-07, 1.85639407846e-07, 2.33066401734e-07, 1.53759700083e-07, 1.1715408732e-07, 1.35899938414e-07, 2.70120125379e-07, 3.86749434256e-07, 2.88272474336e-07, 4.21237089654e-08, 8.48812513332e-12]
    },
    "erbbands": {
        "dmean": [0.306101292372, 1.33222198486, 1.9650323391, 6.72690391541, 6.11516904831, 4.46097135544, 5.01511859894, 4.78732204437, 5.52150774002, 11.0686426163, 18.3236923218, 27.1491127014, 38.9540023804, 27.1235980988, 20.1694545746, 16.7995967865, 11.2143974304, 16.0411643982, 15.3805809021, 12.2314567566, 9.89276218414, 9.57109069824, 8.58634662628, 9.91830158234, 7.20015096664, 6.75477743149, 5.86449480057, 5.18128919601, 4.89685201645, 5.43672275543, 5.43110084534, 4.59858417511, 3.27487516403, 2.0745215416, 1.25446605682, 0.550255835056, 0.103268578649, 0.00489493506029, 0.000126575861941, 2.09615845961e-05],
        "dmean2": [0.503719568253, 2.21347141266, 3.11080431938, 12.1925029755, 11.1695308685, 7.6384935379, 8.3771905899, 7.90264129639, 8.98936653137, 17.9491329193, 29.4273471832, 43.6291313171, 61.5056724548, 41.9912796021, 30.5752067566, 27.0809173584, 18.1552963257, 26.0135593414, 24.5700244904, 19.7089252472, 15.7190618515, 15.777973175, 14.0609846115, 16.1980686188, 12.066532135, 11.0217733383, 9.64955806732, 8.46584892273, 7.56395339966, 8.77380180359, 8.49774742126, 7.05410385132, 5.03426980972, 3.14411878586, 1.91063928604, 0.828028082848, 0.165565982461, 0.00835457909852, 0.000204634750844, 3.27021843987e-05],
        "dvar": [0.216738551855, 5.93221235275, 19.7289829254, 532.684631348, 375.718322754, 70.0446624756, 77.4061203003, 108.802185059, 136.238937378, 660.050231934, 1419.296875, 5088.67724609, 6420.46777344, 3912.23803711, 2914.66943359, 1904.57287598, 739.813659668, 1009.94110107, 1105.93481445, 529.500610352, 560.551696777, 443.349273682, 254.779342651, 373.002624512, 213.758148193, 144.729187012, 170.246520996, 137.626815796, 92.4948272705, 126.518760681, 104.421531677, 76.3445053101, 38.4424743652, 15.1552581787, 5.84549951553, 1.16910171509, 0.051371909678, 0.000396617251681, 1.55641231459e-07, 1.12636699967e-09],
        "dvar2": [0.587810337543, 15.6617622375, 44.8211669922, 1495.58203125, 1074.8494873, 192.482955933, 197.731704712, 272.005981445, 349.567596436, 1716.1114502, 3609.80004883, 13285.4716797, 16051.4697266, 8908.36132812, 6276.37353516, 4796.21875, 1810.20812988, 2535.95849609, 2619.61474609, 1291.73364258, 1248.09362793, 1148.95788574, 622.068908691, 941.666870117, 570.940246582, 372.262786865, 453.409729004, 364.977142334, 225.903579712, 329.019439697, 252.047546387, 178.405090332, 88.1220474243, 33.9449882507, 13.2283849716, 2.64176869392, 0.127045542002, 0.00108209566679, 4.13798289856e-07, 2.75146150308e-09],
        "max": [4.33845758438, 30.3476066589, 60.6830787659, 206.217697144, 200.716644287, 145.607315063, 156.219924927, 233.066619873, 283.565429688, 626.375793457, 845.162658691, 1616.29711914, 1523.04968262, 1348.29785156, 1517.93273926, 1497.95471191, 912.35760498, 832.639282227, 795.766601562, 413.40713501, 653.797424316, 478.644592285, 292.174438477, 437.875213623, 219.611312866, 173.168441772, 282.269683838, 291.118133545, 241.16104126, 161.526733398, 128.165649414, 220.356018066, 97.3458251953, 69.3767700195, 45.8059234619, 11.6513271332, 2.07601165771, 0.472759485245, 0.00983868632466, 0.000401072087698],
        "mean": [0.517161726952, 1.91617822647, 2.78916120529, 5.40996932983, 5.50337743759, 6.1542391777, 7.60872268677, 6.95799398422, 8.40305614471, 17.1784305573, 30.3009300232, 45.7944869995, 83.2828674316, 58.9363708496, 40.169254303, 31.3593425751, 21.3963298798, 29.757818222, 28.7466812134, 23.7423973083, 18.3209075928, 17.503824234, 16.8199462891, 19.5131835938, 13.6491336823, 13.6323022842, 9.92601013184, 8.41508960724, 8.64930915833, 9.67336940765, 10.5558462143, 9.09001541138, 6.58184719086, 4.32145690918, 2.42572212219, 0.946774363518, 0.133782967925, 0.0047184061259, 0.000176398010808, 5.77683385927e-05],
        "median": [0.194054052234, 0.797248840332, 0.712366998196, 1.15972197056, 2.00529694557, 3.48555183411, 4.00910806656, 3.27614355087, 4.17591047287, 7.08126831055, 13.1913890839, 12.4189157486, 16.8636302948, 13.0991077423, 10.1669960022, 11.4674272537, 8.88256835938, 11.4713697433, 11.9414510727, 10.5980710983, 8.24940395355, 8.12698841095, 9.61780166626, 9.07363033295, 6.56581640244, 7.49671983719, 4.49284696579, 3.2809612751, 3.08061957359, 3.70654678345, 4.38567686081, 3.39628386497, 2.1949737072, 1.50820350647, 0.773847401142, 0.24843159318, 0.0237503182143, 0.000618342950474, 5.31972800673e-05, 4.01131546823e-05],
        "min": [1.24403501069e-21, 2.35523099462e-21, 1.57268824678e-21, 2.06526581972e-21, 2.28656664311e-20, 8.59254346934e-20, 1.20731766691e-19, 1.92327441107e-19, 6.62635622056e-19, 1.16004812061e-18, 1.90114084149e-18, 1.04928450069e-18, 1.11953819088e-18, 2.33614664703e-18, 2.19421093252e-18, 1.49077922794e-18, 3.96654899928e-18, 2.65150925557e-18, 4.77410557898e-18, 4.02426139062e-18, 7.49634663514e-18, 7.60774222105e-18, 8.42574526471e-18, 8.0836341167e-18, 1.31734071203e-17, 1.50226554064e-17, 1.62894758971e-17, 1.63430011002e-17, 1.79341971594e-17, 1.9555375207e-17, 1.79495066181e-17, 1.47686183141e-17, 1.07936788083e-17, 1.02336858054e-17, 6.03822201624e-18, 6.65045354277e-18, 3.19741061634e-18, 1.17470937998e-18, 3.03294095097e-19, 2.92447056005e-20],
        "var": [0.450802773237, 8.57213592529, 28.5524749756, 340.722991943, 232.040649414, 75.2905273438, 118.825668335, 156.75567627, 198.23840332, 959.526184082, 2584.10864258, 10140.5976562, 26298.5488281, 15145.9628906, 9975.48535156, 4625.93017578, 2054.49731445, 2697.8293457, 2686.75097656, 1452.80859375, 1251.14953613, 965.747375488, 521.123962402, 887.249755859, 355.889709473, 301.828674316, 222.238815308, 172.561203003, 160.634872437, 198.673309326, 226.787277222, 188.547744751, 103.129547119, 41.8293075562, 13.7345647812, 2.21510720253, 0.0655150711536, 0.000281414773781, 1.42034068062e-07, 3.19556980877e-09]
    },
    "gfcc": {
        "mean": [2.54582214355, 79.324432373, -119.251274109, 32.4089164734, -67.3854522705, 32.1846160889, -40.3112678528, 23.4566364288, -23.9175167084, 3.81573677063, -14.8553066254, -3.25807523727, -6.07659196854],
        "cov": [[10111.6318359, -1870.0098877, 1335.38220215, 989.40625, 90.2421340942, 995.832519531, 346.140563965, 744.446594238, -56.287147522, 493.925720215, -102.529289246, 518.541870117, -159.209564209], [-1870.0098877, 1429.76293945, -193.265441895, -61.8593254089, 191.028839111, -332.88873291, 57.1176567078, -247.515136719, 4.70911693573, -220.0052948, 98.9041595459, -239.070724487, 112.260673523], [1335.38220215, -193.265441895, 1026.7980957, 478.712463379, 119.903869629, 264.417205811, -9.67001628876, 97.5177383423, 2.33116889, 134.380630493, -43.7480278015, 127.449531555, -48.6080551147], [989.40625, -61.8593254089, 478.712463379, 457.8359375, 138.118331909, 128.732650757, 21.8628292084, 52.174369812, 40.1599006653, 48.4778900146, -1.96103894711, 71.7438735962, 0.118268854916], [90.2421340942, 191.028839111, 119.903869629, 138.118331909, 256.857513428, 71.3663482666, 91.3424301147, 37.2946929932, 18.9733810425, 17.413192749, 5.03517961502, 14.4899530411, 31.5175247192], [995.832519531, -332.88873291, 264.417205811, 128.732650757, 71.3663482666, 318.500427246, 124.105888367, 128.707214355, 6.89290046692, 97.4884796143, -6.39788866043, 80.7673568726, -22.8078327179], [346.140563965, 57.1176567078, -9.67001628876, 21.8628292084, 91.3424301147, 124.105888367, 231.431152344, 79.7730026245, 15.0288038254, 31.1940746307, 36.0411338806, -1.48134374619, 12.4109420776], [744.446594238, -247.515136719, 97.5177383423, 52.174369812, 37.2946929932, 128.707214355, 79.7730026245, 185.865463257, 40.7358779907, 73.0262069702, -3.8137960434, 61.5183525085, -0.222349643707], [-56.287147522, 4.70911693573, 2.33116889, 40.1599006653, 18.9733810425, 6.89290046692, 15.0288038254, 40.7358779907, 114.978225708, 25.4434947968, 4.18803310394, 11.0222263336, 15.388422966], [493.925720215, -220.0052948, 134.380630493, 48.4778900146, 17.413192749, 97.4884796143, 31.1940746307, 73.0262069702, 25.4434947968, 137.651992798, 8.39752101898, 60.2415847778, -24.4859294891], [-102.529289246, 98.9041595459, -43.7480278015, -1.96103894711, 5.03517961502, -6.39788866043, 36.0411338806, -3.8137960434, 4.18803310394, 8.39752101898, 109.664909363, 4.16970205307, 16.6696796417], [518.541870117, -239.070724487, 127.449531555, 71.7438735962, 14.4899530411, 80.7673568726, -1.48134374619, 61.5183525085, 11.0222263336, 60.2415847778, 4.16970205307, 133.40586853, 4.27865219116], [-159.209564209, 112.260673523, -48.6080551147, 0.118268854916, 31.5175247192, -22.8078327179, 12.4109420776, -0.222349643707, 15.388422966, -24.4859294891, 16.6696796417, 4.27865219116, 90.6987686157]],
        "icov": [[0.000258553453023, -8.77171405591e-05, 0.00017402190133, -0.000667309737764, 0.000455385976238, -0.000320771796396, -0.000103525439044, -0.00075191486394, 0.000662532402202, -0.000350257760147, 0.00033567493665, -0.000392066140193, 0.000179806986125], [-8.77171405591e-05, 0.0035935274791, -0.0017428061692, 0.00159546593204, -0.00322944601066, 0.00330103049055, -0.00218761269934, 0.00293968641199, -0.0017402919475, 0.00279241497628, -0.00282575585879, 0.00359151768498, -0.00187995983288], [0.00017402190133, -0.0017428061692, 0.00350754917599, -0.00347516941838, 0.0017760383198, -0.00288429274224, 0.00191111129243, -0.00176191458013, 0.00208144634962, -0.00270934030414, 0.00212870910764, -0.00195315619931, 0.00135493057314], [-0.000667309737764, 0.00159546593204, -0.00347516941838, 0.0075836176984, -0.00406331662089, 0.0019639574457, -0.000519295223057, 0.00325077422895, -0.00413797749206, 0.00332281272858, -0.00272642029449, 0.0014007834252, -0.000999429961666], [0.000455385976238, -0.00322944601066, 0.0017760383198, -0.00406331662089, 0.0092109227553, -0.00327450875193, -0.000455557456007, -0.00338826864026, 0.00259875529446, -0.00328248087317, 0.00368181359954, -0.00337511044927, -6.10434435657e-05], [-0.000320771796396, 0.00330103049055, -0.00288429274224, 0.0019639574457, -0.00327450875193, 0.0104435859248, -0.00518594030291, 0.00136014260352, -0.00110379687976, 0.00141858274583, -0.00187934481073, 0.00174762646202, -0.000886909081601], [-0.000103525439044, -0.00218761269934, 0.00191111129243, -0.000519295223057, -0.000455557456007, -0.00518594030291, 0.00960409268737, -0.00354613177478, 0.000811511010397, -0.0015701224329, -0.000964854843915, 0.000517160980962, 0.00067353079794], [-0.00075191486394, 0.00293968641199, -0.00176191458013, 0.00325077422895, -0.00338826864026, 0.00136014260352, -0.00354613177478, 0.0139320585877, -0.0055366018787, 0.000942059443332, -0.00165677582845, 0.00136825826485, -0.00243443390355], [0.000662532402202, -0.0017402919475, 0.00208144634962, -0.00413797749206, 0.00259875529446, -0.00110379687976, 0.000811511010397, -0.0055366018787, 0.0131463930011, -0.00451214192435, 0.0023079237435, -0.00160842924379, -0.000664271647111], [-0.000350257760147, 0.00279241497628, -0.00270934030414, 0.00332281272858, -0.00328248087317, 0.00141858274583, -0.0015701224329, 0.000942059443332, -0.00451214192435, 0.0152619369328, -0.004359154962, -0.000230345656746, 0.00188496336341], [0.00033567493665, -0.00282575585879, 0.00212870910764, -0.00272642029449, 0.00368181359954, -0.00187934481073, -0.000964854843915, -0.00165677582845, 0.0023079237435, -0.004359154962, 0.0131922252476, -0.00407326454297, -0.000193780273548], [-0.000392066140193, 0.00359151768498, -0.00195315619931, 0.0014007834252, -0.00337511044927, 0.00174762646202, 0.000517160980962, 0.00136825826485, -0.00160842924379, -0.000230345656746, -0.00407326454297, 0.0157580319792, -0.00442126579583], [0.000179806986125, -0.00187995983288, 0.00135493057314, -0.000999429961666, -6.10434435657e-05, -0.000886909081601, 0.00067353079794, -0.00243443390355, -0.000664271647111, 0.00188496336341, -0.000193780273548, -0.00442126579583, 0.0149612920359]]
    },
    "melbands": {
        "dmean": [0.0022469048854, 0.00116720760707, 0.0011240390595, 0.000347947323462, 0.000175661116373, 0.000108609645395, 8.35336977616e-05, 0.000134503323352, 0.000163050950505, 0.000177565205377, 0.000199470247026, 0.000115827606351, 7.43009222788e-05, 4.94185151183e-05, 3.99472446588e-05, 2.47278621828e-05, 3.40314982168e-05, 2.76599312201e-05, 2.23223032663e-05, 1.59306218848e-05, 1.18203415695e-05, 1.15145157906e-05, 7.98535620561e-06, 8.70943222253e-06, 8.94244294614e-06, 5.63449702895e-06, 5.69120447835e-06, 4.83839176013e-06, 3.89352226193e-06, 3.59674277206e-06, 3.10029599859e-06, 2.77940489468e-06, 3.13172904498e-06, 3.19134164783e-06, 3.28876240019e-06, 3.37101937475e-06, 2.79325786323e-06, 2.43298222813e-06, 2.11913084058e-06, 1.73723424268e-06],
        "dmean2": [0.00376018509269, 0.00182593695354, 0.00203754729591, 0.000617232988589, 0.000291591219138, 0.000178616333869, 0.000135674359626, 0.000216458574869, 0.00026207335759, 0.00028533115983, 0.000313832861139, 0.000179268943612, 0.000111001019832, 7.8658646089e-05, 6.42245213385e-05, 4.02279765694e-05, 5.52392739337e-05, 4.40337498731e-05, 3.64217048627e-05, 2.56082057604e-05, 1.89294951269e-05, 1.90316095541e-05, 1.31074120873e-05, 1.42629442053e-05, 1.46355878314e-05, 9.38329412747e-06, 9.55101222644e-06, 7.92205628386e-06, 6.39572817818e-06, 6.01960755375e-06, 5.11285134053e-06, 4.33776631326e-06, 5.04142690261e-06, 5.23428298038e-06, 5.24442748429e-06, 5.3226244745e-06, 4.37312564827e-06, 3.79785137739e-06, 3.31565843226e-06, 2.67872337645e-06],
        "dvar": [1.07393525468e-05, 5.37249798072e-06, 1.47068039951e-05, 7.86566772604e-07, 8.96115750493e-08, 4.85876761047e-08, 3.12688683834e-08, 9.50658716192e-08, 1.18196787469e-07, 2.24316636377e-07, 1.67619191416e-07, 6.92072035235e-08, 3.5499304829e-08, 1.75002323743e-08, 9.06104702381e-09, 4.69181049567e-09, 5.00916153001e-09, 3.7800891306e-09, 2.29689134379e-09, 1.07588027376e-09, 8.95397478384e-10, 6.91379842266e-10, 3.41372985435e-10, 2.66385885572e-10, 3.24121757211e-10, 1.19737331161e-10, 1.32305069678e-10, 7.40141142819e-11, 6.7183258956e-11, 7.1150349501e-11, 5.12433533106e-11, 3.30217311828e-11, 4.18940333813e-11, 4.41991963862e-11, 3.86953386e-11, 4.19051980616e-11, 2.82388140649e-11, 2.11147800633e-11, 1.70399892113e-11, 1.0851512397e-11],
        "dvar2": [3.08581293211e-05, 1.12628340503e-05, 4.13794623455e-05, 2.23841766456e-06, 2.29617228342e-07, 1.20277405813e-07, 8.09605396057e-08, 2.42830736852e-07, 3.04431949871e-07, 5.83833127621e-07, 4.18242223077e-07, 1.58440300879e-07, 7.01212599097e-08, 4.35937117516e-08, 2.18585434197e-08, 1.12882085901e-08, 1.2578513342e-08, 8.76008776629e-09, 5.75456571283e-09, 2.49260612151e-09, 2.07816452935e-09, 1.82887682776e-09, 8.46519632169e-10, 6.56412757483e-10, 8.17414635979e-10, 3.14086728848e-10, 3.54739571051e-10, 1.90064616823e-10, 1.77572692661e-10, 1.92753146777e-10, 1.37299907554e-10, 8.27717963614e-11, 1.08415783295e-10, 1.1688812418e-10, 9.60595838984e-11, 1.02256841883e-10, 6.62549806685e-11, 4.88259155329e-11, 4.08517872308e-11, 2.44819598622e-11],
        "max": [0.0367118008435, 0.0239266902208, 0.033932864666, 0.0101361684501, 0.00588065106422, 0.00454808678478, 0.00369276758283, 0.00640482455492, 0.00865807011724, 0.010729177855, 0.00789948459715, 0.00505108339712, 0.00467820651829, 0.00356674427167, 0.00218509673141, 0.00290732854046, 0.001897132257, 0.00157207297161, 0.00110337382648, 0.000766660261434, 0.000819083827082, 0.000744367775042, 0.000565768918023, 0.000301704800222, 0.000403715646826, 0.000162409356562, 0.000206400451134, 0.000154859371833, 0.000214951840462, 0.00012844374578, 0.000234977298533, 0.000188357371371, 9.2642942036e-05, 0.000113973401312, 8.8062202849e-05, 0.00012272920867, 0.000125349542941, 7.30325846234e-05, 8.60545333126e-05, 5.79304287385e-05],
        "mean": [0.00392684107646, 0.00184647098649, 0.000937840144616, 0.000399657670641, 0.000277947256109, 0.000162030570209, 0.000125598016893, 0.000206680284464, 0.000264579430223, 0.000293725606753, 0.000421364442445, 0.000241881163674, 0.000145099300425, 9.09881709958e-05, 6.87700157869e-05, 4.24268910137e-05, 5.89212540945e-05, 4.74215885333e-05, 3.91314752051e-05, 2.72676679742e-05, 1.98343986995e-05, 1.94811200345e-05, 1.39036001201e-05, 1.55288271344e-05, 1.63589138538e-05, 9.7905704024e-06, 9.82488290902e-06, 9.02314877749e-06, 6.46849093755e-06, 5.13185659656e-06, 4.82514451505e-06, 4.73378486276e-06, 5.0797939366e-06, 5.49214291823e-06, 6.04791330261e-06, 6.12677058598e-06, 5.30481293026e-06, 4.6991290219e-06, 4.07313973483e-06, 3.4961037727e-06],
        "median": [0.00196240586229, 0.000644891755655, 0.000242729147431, 0.000209326710319, 0.000156237118063, 8.11578065623e-05, 6.08988666499e-05, 7.92904320406e-05, 0.000102701604192, 6.75739429425e-05, 7.26543585188e-05, 4.40696785518e-05, 2.86340182356e-05, 2.67444120254e-05, 2.36111536651e-05, 1.32544428197e-05, 1.95238226297e-05, 1.64313441928e-05, 1.46703769133e-05, 1.10080291051e-05, 8.47575483931e-06, 8.31186389405e-06, 7.21672995496e-06, 7.98184100859e-06, 6.91476088832e-06, 4.39701125288e-06, 4.60701312477e-06, 4.61486979475e-06, 2.87214925265e-06, 2.01792295229e-06, 1.7082351178e-06, 1.6354536001e-06, 1.68624444541e-06, 2.11368956116e-06, 2.46311174124e-06, 2.34700837609e-06, 1.88253000033e-06, 1.5410926153e-06, 1.36577705234e-06, 1.15053171612e-06],
        "min": [8.41662915482e-24, 1.43738010274e-24, 4.25626154323e-25, 3.0887720554e-24, 5.53368254528e-24, 4.69120907522e-24, 1.11159612889e-23, 1.14990944645e-23, 1.42346794904e-23, 6.21519841396e-24, 5.27329967642e-24, 8.75194710435e-24, 9.01461254224e-24, 3.36740462966e-24, 6.55075026076e-24, 7.62116706154e-24, 3.95721975685e-24, 8.69710628308e-24, 5.62287628682e-24, 7.5545154148e-24, 9.31025946572e-24, 7.04894234925e-24, 8.05873479503e-24, 4.77573236577e-24, 6.081166213e-24, 7.66979954749e-24, 8.60440881583e-24, 8.50138200389e-24, 8.92392193714e-24, 8.63989809024e-24, 9.50153535827e-24, 9.55941329402e-24, 9.83094473963e-24, 1.05645972144e-23, 1.12212592314e-23, 9.17862776849e-24, 8.91946960619e-24, 7.43290303993e-24, 7.46271803784e-24, 9.28269587683e-24],
        "var": [2.22717699216e-05, 9.6193389254e-06, 9.37245386012e-06, 5.46980118088e-07, 1.42537629699e-07, 7.22278272747e-08, 4.35503118013e-08, 1.50972041979e-07, 2.28868515251e-07, 4.6495071615e-07, 6.96222627994e-07, 2.59986421725e-07, 1.33836138616e-07, 5.01019457033e-08, 2.2633708241e-08, 1.61182214242e-08, 1.28941248789e-08, 9.00913477153e-09, 6.09884320824e-09, 2.5805300119e-09, 1.79105730247e-09, 1.42710987472e-09, 5.12978493017e-10, 5.10086362038e-10, 7.54783568979e-10, 2.11460723931e-10, 2.07170613997e-10, 1.5426876443e-10, 1.00589162e-10, 7.37043134857e-11, 6.15087217271e-11, 5.19416142042e-11, 5.97096816435e-11, 6.67863681025e-11, 7.56493478971e-11, 8.81460390789e-11, 6.71784641804e-11, 5.49165886377e-11, 3.95843323397e-11, 2.83339705864e-11]
    },
    "mfcc": {
        "mean": [-636.456298828, 105.027877808, 6.72266578674, 7.29737043381, 4.98196268082, 2.56328940392, 3.92437148094, 9.38642406464, 2.78341150284, 10.2288198471, -0.403013974428, -1.1412986517, -1.87414240837],
        "cov": [[8736.63964844, -1842.89819336, 1073.77026367, 329.848693848, 253.366699219, 380.636077881, 553.034790039, 467.45010376, 377.99786377, 247.19909668, 256.047180176, 146.244812012, 197.890640259], [-1842.89819336, 1250.43969727, -316.138977051, 138.901702881, -23.6617908478, -73.5773696899, -17.6772270203, -102.907051086, -115.87348938, -0.798330307007, -113.09021759, -82.6916046143, -83.2291183472], [1073.77026367, -316.138977051, 849.287780762, 232.975540161, 223.021499634, 191.921310425, 74.5724868774, 67.915435791, 54.514377594, 17.3323898315, 64.4334106445, 51.0202331543, 60.0634460449], [329.848693848, 138.901702881, 232.975540161, 367.922180176, 166.57019043, 86.7478790283, 19.9762706757, 30.279214859, 22.4137554169, 2.1461725235, -18.372341156, 25.0181827545, 37.2413368225], [253.366699219, -23.6617908478, 223.021499634, 166.57019043, 237.385375977, 82.050819397, 28.2777824402, 34.442741394, 58.2337150574, -5.9033241272, 6.13179302216, 18.3925933838, 31.9688587189], [380.636077881, -73.5773696899, 191.921310425, 86.7478790283, 82.050819397, 201.702178955, 91.7524032593, 56.9076156616, 52.5915336609, 8.89777469635, 52.5553016663, 18.0338287354, 26.3659610748], [553.034790039, -17.6772270203, 74.5724868774, 19.9762706757, 28.2777824402, 91.7524032593, 244.8671875, 71.6922988892, 53.3861694336, 46.6777534485, 61.7159843445, -2.60929965973, 8.79140663147], [467.45010376, -102.907051086, 67.915435791, 30.279214859, 34.442741394, 56.9076156616, 71.6922988892, 137.665481567, 60.5295257568, 32.8476905823, 26.4167747498, 13.7419872284, 30.248090744], [377.99786377, -115.87348938, 54.514377594, 22.4137554169, 58.2337150574, 52.5915336609, 53.3861694336, 60.5295257568, 166.696014404, 27.5412139893, 51.7058601379, 15.22813797, 5.8419251442], [247.19909668, -0.798330307007, 17.3323898315, 2.1461725235, -5.9033241272, 8.89777469635, 46.6777534485, 32.8476905823, 27.5412139893, 112.419410706, 33.4137878418, -3.12931108475, -7.44431066513], [256.047180176, -113.09021759, 64.4334106445, -18.372341156, 6.13179302216, 52.5553016663, 61.7159843445, 26.4167747498, 51.7058601379, 33.4137878418, 121.272888184, 34.2086410522, 12.8610982895], [146.244812012, -82.6916046143, 51.0202331543, 25.0181827545, 18.3925933838, 18.0338287354, -2.60929965973, 13.7419872284, 15.22813797, -3.12931108475, 34.2086410522, 94.6389083862, 42.6030158997], [197.890640259, -83.2291183472, 60.0634460449, 37.2413368225, 31.9688587189, 26.3659610748, 8.79140663147, 30.248090744, 5.8419251442, -7.44431066513, 12.8610982895, 42.6030158997, 93.4310913086]],
