{
"lowlevel": {
    "average_loudness": 0.895219087601,
    "barkbands_crest": {
        "dmean": 2.69075512886,
        "dmean2": 4.37951469421,
        "dvar": 5.55651664734,
        "dvar2": 13.7351703644,
        "max": 25.2045497894,
        "mean": 10.8326454163,
        "median": 10.1356267929,
        "min": 2.30928230286,
        "var": 18.1707706451
    },
    "barkbands_flatness_db": {
        "dmean": 0.0196571890265,
        "dmean2": 0.0314393639565,
        "dvar": 0.000307197566144,
        "dvar2": 0.000786957913078,
        "max": 0.352122187614,
        "mean": 0.131148502231,
        "median": 0.126712575555,
        "min": 0.047378949821,
        "var": 0.00147096626461
    },
    "barkbands_kurtosis": {
        "dmean": 2.34896373749,
        "dmean2": 3.77853298187,
        "dvar": 16.8303947449,
        "dvar2": 35.5135955811,
        "max": 210.662826538,
        "mean": 3.73617506027,
        "median": 1.66843271255,
        "min": -1.95300459862,
        "var": 69.5739440918
    },
    "barkbands_skewness": {
        "dmean": 0.498107969761,
        "dmean2": 0.794301331043,
        "dvar": 0.243812933564,
        "dvar2": 0.593529999256,
        "max": 13.1335029602,
        "mean": 1.59100246429,
        "median": 1.40730118752,
        "min": -2.57702803612,
        "var": 1.22948789597
    },
    "barkbands_spread": {
        "dmean": 5.76114082336,
        "dmean2": 9.00607204437,
        "dvar": 38.8088150024,
        "dvar2": 87.6261138916,
        "max": 106.227523804,
        "mean": 26.5551204681,
        "median": 24.0893993378,
        "min": 0.750760018826,
        "var": 211.252059937
    },
    "dissonance": {
        "dmean": 0.0165256597102,
        "dmean2": 0.0279494225979,
        "dvar": 0.000296824553516,
        "dvar2": 0.000775812775828,
        "max": 0.5,
        "mean": 0.468903452158,
        "median": 0.475904375315,
        "min": 0,
        "var": 0.000656111864373
    },
    "dynamic_complexity": 2.95042729378,
    "erbbands_crest": {
        "dmean": 2.44511556625,
        "dmean2": 3.9747004509,
        "dvar": 5.49627399445,
        "dvar2": 13.5313625336,
        "max": 30.1316623688,
        "mean": 8.41757297516,
        "median": 7.56199455261,
        "min": 2.11439275742,
        "var": 18.9386329651
    },
    "erbbands_flatness_db": {
        "dmean": 0.0135673424229,
        "dmean2": 0.020687032491,
        "dvar": 0.000161866293638,
        "dvar2": 0.000354383897502,
        "max": 0.386000573635,
        "mean": 0.146266847849,
        "median": 0.140005484223,
        "min": 0.0353095680475,
        "var": 0.00202543777414
    },
    "erbbands_kurtosis": {
        "dmean": 0.853094339371,
        "dmean2": 1.34697318077,
        "dvar": 1.69609320164,
        "dvar2": 3.53304004669,
        "max": 54.0190811157,
        "mean": 0.741812467575,
        "median": -0.00144410133362,
        "min": -1.9101344347,
        "var": 7.24662637711
    },
    "erbbands_skewness": {
        "dmean": 0.327734291553,
        "dmean2": 0.505288720131,
        "dvar": 0.0906927734613,
        "dvar2": 0.200563982129,
        "max": 6.42395687103,
        "mean": 0.455021053553,
        "median": 0.362079411745,
        "min": -3.18744778633,
        "var": 0.652648448944
    },
    "erbbands_spread": {
        "dmean": 7.1767783165,
        "dmean2": 11.1359014511,
        "dvar": 47.5856437683,
        "dvar2": 108.916816711,
        "max": 136.78112793,
        "mean": 41.4045829773,
        "median": 40.232093811,
        "min": 3.79635310173,
        "var": 327.900787354
    },
    "hfc": {
        "dmean": 6.21617269516,
        "dmean2": 9.55278015137,
        "dvar": 66.336807251,
        "dvar2": 153.630081177,
        "max": 219.361190796,
        "mean": 29.2977390289,
        "median": 26.019405365,
        "min": 1.19404527274e-16,
        "var": 461.325836182
    },
    "melbands_crest": {
        "dmean": 3.5170943737,
        "dmean2": 5.78711843491,
        "dvar": 9.76582050323,
        "dvar2": 24.792142868,
        "max": 34.7359275818,
        "mean": 15.3846883774,
        "median": 14.7605905533,
        "min": 2.38336348534,
        "var": 31.793088913
    },
    "melbands_flatness_db": {
        "dmean": 0.0242583099753,
        "dmean2": 0.038073528558,
        "dvar": 0.000501881353557,
        "dvar2": 0.00122304854449,
        "max": 0.396132200956,
        "mean": 0.170328497887,
        "median": 0.167139336467,
        "min": 0.00606590043753,
        "var": 0.00227729231119
    },
    "melbands_kurtosis": {
        "dmean": 6.74918270111,
        "dmean2": 11.0518693924,
        "dvar": 110.585380554,
        "dvar2": 281.080291748,
        "max": 283.304504395,
        "mean": 14.3300800323,
        "median": 8.16795921326,
        "min": -1.85825502872,
        "var": 347.070495605
    },
    "melbands_skewness": {
        "dmean": 0.740214407444,
        "dmean2": 1.18648838997,
        "dvar": 0.568095386028,
        "dvar2": 1.48818778992,
        "max": 13.6369037628,
        "mean": 2.82333016396,
        "median": 2.46532464027,
        "min": -0.753705024719,
        "var": 2.75427031517
    },
    "melbands_spread": {
        "dmean": 7.04889535904,
        "dmean2": 11.0314321518,
        "dvar": 87.1846237183,
        "dvar2": 171.535354614,
        "max": 235.681991577,
        "mean": 25.3211688995,
        "median": 21.7372665405,
        "min": 0.771166682243,
        "var": 397.269348145
    },
    "pitch_salience": {
        "dmean": 0.0715080574155,
        "dmean2": 0.116009227931,
        "dvar": 0.00393029814586,
        "dvar2": 0.00999522581697,
        "max": 0.978862941265,
        "mean": 0.528317213058,
        "median": 0.531165480614,
        "min": 0.128075689077,
        "var": 0.0129662686959
    },
    "silence_rate_20dB": {
        "dmean": 0,
        "dmean2": 0,
        "dvar": 0,
        "dvar2": 0,
        "max": 1,
        "mean": 1,
        "median": 1,
        "min": 1,
        "var": 0
    },
    "silence_rate_30dB": {
        "dmean": 0.0206621848047,
        "dmean2": 0.0413295142353,
        "dvar": 0.0202355235815,
        "dvar2": 0.0528176613152,
        "max": 1,
        "mean": 0.985438704491,
        "median": 1,
        "min": 0,
        "var": 0.0143502410501
    },
    "silence_rate_60dB": {
        "dmean": 0.0136918099597,
        "dmean2": 0.02738702856,
        "dvar": 0.0135069908574,
        "dvar2": 0.0306182093918,
        "max": 1,
        "mean": 0.0403235852718,
        "median": 0,
        "min": 0,
        "var": 0.0386939421296
    },
    "spectral_centroid": {
        "dmean": 229.653198242,
        "dmean2": 357.480010986,
        "dvar": 56861.171875,
        "dvar2": 119572.664062,
        "max": 10444.8017578,
        "mean": 1480.73291016,
        "median": 1416.65698242,
        "min": 323.205291748,
        "var": 346431.9375
    },
    "spectral_complexity": {
        "dmean": 3.51058006287,
        "dmean2": 5.74131727219,
        "dvar": 10.2018575668,
        "dvar2": 25.7971897125,
        "max": 59,
        "mean": 24.4174232483,
        "median": 26,
        "min": 0,
        "var": 124.527702332
    },
    "spectral_decrease": {
        "dmean": 3.421085637e-09,
        "dmean2": 5.66942892632e-09,
        "dvar": 2.66016421175e-17,
        "dvar2": 7.34832779304e-17,
        "max": 7.26771752524e-29,
        "mean": -9.3042968885e-09,
        "median": -8.12849076937e-09,
        "min": -5.19054204062e-08,
        "var": 5.25069867564e-17
    },
    "spectral_energy": {
        "dmean": 0.0132764913142,
        "dmean2": 0.0219873134047,
        "dvar": 0.000392679590732,
        "dvar2": 0.00108322349843,
        "max": 0.201016902924,
        "mean": 0.0377740114927,
        "median": 0.0335102640092,
        "min": 1.05560419611e-20,
        "var": 0.000810080906376
    },
    "spectral_energyband_high": {
        "dmean": 0.000361140875611,
        "dmean2": 0.000524801551364,
        "dvar": 4.70400095764e-07,
        "dvar2": 9.16749684166e-07,
        "max": 0.0247358027846,
        "mean": 0.0015559149906,
        "median": 0.00106243207119,
        "min": 7.84963220481e-21,
        "var": 3.23868698615e-06
    },
    "spectral_energyband_low": {
        "dmean": 0.00964850094169,
        "dmean2": 0.016348907724,
        "dvar": 0.000331941992044,
        "dvar2": 0.000941770267673,
        "max": 0.172911852598,
        "mean": 0.0176112819463,
        "median": 0.0117068998516,
        "min": 4.94451925386e-23,
        "var": 0.000452481443062
    },
    "spectral_energyband_middle_high": {
        "dmean": 0.00202484126203,
        "dmean2": 0.00321520864964,
        "dvar": 7.74343970988e-06,
        "dvar2": 1.89516813407e-05,
        "max": 0.0473817400634,
        "mean": 0.00715344725177,
        "median": 0.00506055820733,
        "min": 1.64238144456e-21,
        "var": 4.36482841906e-05
    },
    "spectral_energyband_middle_low": {
        "dmean": 0.00551319820806,
        "dmean2": 0.00881016254425,
        "dvar": 5.59206091566e-05,
        "dvar2": 0.000139459938509,
        "max": 0.119242370129,
        "mean": 0.0124785574153,
        "median": 0.00899322517216,
        "min": 2.11355766291e-22,
        "var": 0.000130887317937
    },
    "spectral_entropy": {
        "dmean": 0.111574754119,
        "dmean2": 0.168101474643,
        "dvar": 0.0118283601478,
        "dvar2": 0.0238144937903,
        "max": 9.80269145966,
        "mean": 7.90116548538,
        "median": 7.93892669678,
        "min": 5.87039327621,
        "var": 0.109993554652
    },
    "spectral_flux": {
        "dmean": 0.0243213437498,
        "dmean2": 0.0391561873257,
        "dvar": 0.00090492842719,
        "dvar2": 0.00189523014706,
        "max": 0.355162352324,
        "mean": 0.0967675745487,
        "median": 0.0891896933317,
        "min": 7.03243782652e-11,
        "var": 0.00262691918761
    },
    "spectral_kurtosis": {
        "dmean": 0.784886598587,
        "dmean2": 1.29150080681,
        "dvar": 1.72255265713,
        "dvar2": 4.81388282776,
        "max": 43.3397636414,
        "mean": 2.61037611961,
        "median": 2.23222398758,
        "min": -1.22888970375,
        "var": 5.26313829422
    },
    "spectral_rms": {
        "dmean": 0.000954883755185,
        "dmean2": 0.00154052465223,
        "dvar": 1.24027894799e-06,
        "dvar2": 3.35073741553e-06,
        "max": 0.0140040731058,
        "mean": 0.00561311794445,
        "median": 0.00571777392179,
        "min": 3.20913976816e-12,
        "var": 5.34569062438e-06
    },
    "spectral_rolloff": {
        "dmean": 506.367614746,
        "dmean2": 826.76184082,
        "dvar": 822037.5625,
        "dvar2": 1765037.5,
        "max": 18884.6191406,
        "mean": 1563.50695801,
        "median": 1248.92578125,
        "min": 64.599609375,
        "var": 2631193
    },
    "spectral_skewness": {
        "dmean": 0.13379509747,
        "dmean2": 0.209178552032,
        "dvar": 0.0200028046966,
        "dvar2": 0.048202008009,
        "max": 4.36791276932,
        "mean": 1.3408331871,
        "median": 1.31091570854,
        "min": -0.117045216262,
        "var": 0.127902656794
    },
    "spectral_spread": {
        "dmean": 381139.5625,
        "dmean2": 566998.8125,
        "dvar": 284653027328,
        "dvar2": 493531234304,
        "max": 42016196,
        "mean": 5381260.5,
        "median": 5221012.5,
        "min": 1126909,
        "var": 1.91199798886e+12
    },
    "spectral_strongpeak": {
        "dmean": 0.53322738409,
        "dmean2": 0.918236911297,
        "dvar": 0.759213745594,
        "dvar2": 1.92692089081,
        "max": 11.475646019,
        "mean": 0.920651674271,
        "median": 0.502538979053,
        "min": 0,
        "var": 1.18024599552
    },
    "zerocrossingrate": {
        "dmean": 0.010642696172,
        "dmean2": 0.012479041703,
        "dvar": 0.000169142571394,
        "dvar2": 0.000182158444659,
        "max": 0.65771484375,
        "mean": 0.0711907371879,
        "median": 0.0625,
        "min": 0.01220703125,
        "var": 0.00165127462242
    },
    "barkbands": {
        "dmean": [0.000592078606132, 0.00675763515756, 0.00322596705519, 0.00145581283141, 0.00138101272751, 0.000828056538012, 0.00133505964186, 0.00167300226167, 0.0012904437026, 0.000716153765097, 0.000534438702744, 0.000562904519029, 0.000509761099238, 0.000562159111723, 0.000374447088689, 0.000272819102975, 0.000156436042744, 0.000138286210131, 0.000131492692162, 0.000103814287286, 9.01244420675e-05, 8.32682853797e-05, 9.37962977332e-05, 0.000107606021629, 8.74018733157e-05, 2.18786517507e-05, 4.19458112688e-09],
        "dmean2": [0.000978055177256, 0.0112038804218, 0.00574943143874, 0.00253062974662, 0.00228893593885, 0.00131517031696, 0.00213999859989, 0.00266756955534, 0.00209200987592, 0.00113891984802, 0.000870921532623, 0.000911486276891, 0.000833215017337, 0.000915885320865, 0.000623247877229, 0.000458126043668, 0.000262708053924, 0.000234878651099, 0.000221904920181, 0.00017522314738, 0.000148855906446, 0.000135095964652, 0.000145068188431, 0.000160605894052, 0.000125582359033, 3.4091710404e-05, 7.56955031989e-09],
        "dvar": [1.73491707756e-06, 0.000149396015331, 8.09972043498e-05, 8.22666879685e-06, 6.1545670178e-06, 2.50415814662e-06, 8.88297381607e-06, 1.90938881133e-05, 8.47575847729e-06, 2.48729293162e-06, 1.38585733112e-06, 1.80557583462e-06, 1.13404462354e-06, 1.2656889794e-06, 5.79530308187e-07, 2.21371422526e-07, 4.34351719036e-08, 3.57926630556e-08, 3.15638324366e-08, 2.41366908682e-08, 1.49700944974e-08, 1.47831142883e-08, 3.86229217497e-08, 6.2704152981e-08, 5.9915286954e-08, 7.17504367032e-09, 1.55349061252e-15],
        "dvar2": [4.41837528342e-06, 0.000410841981648, 0.000232132428209, 2.28496683121e-05, 1.624952165e-05, 5.87620843362e-06, 2.19247303903e-05, 4.58861795778e-05, 2.11360802496e-05, 5.92669539401e-06, 3.62426567335e-06, 4.38669576397e-06, 2.81230222754e-06, 3.12567317451e-06, 1.44801879287e-06, 5.69466976685e-07, 1.16580224585e-07, 9.62372865843e-08, 8.8893060024e-08, 6.68977762075e-08, 3.94641013202e-08, 3.68956456498e-08, 8.24259700494e-08, 1.28096473873e-07, 1.22989277429e-07, 1.80599677435e-08, 4.1804701248e-15],
        "max": [0.017549129203, 0.131111770868, 0.0999330058694, 0.0435261279345, 0.0433160439134, 0.0449819043279, 0.0558539554477, 0.115791849792, 0.0650264322758, 0.0314308777452, 0.0246595814824, 0.0329484641552, 0.0207785200328, 0.0195980928838, 0.0201436299831, 0.0114198476076, 0.00457990262657, 0.00494871102273, 0.00341584789567, 0.00345928105526, 0.00254221702926, 0.00299406796694, 0.00945924036205, 0.0118398051709, 0.00696077989414, 0.00204657693394, 1.59362900831e-06],
        "mean": [0.000864043773618, 0.0118291247636, 0.00401390204206, 0.00175957928877, 0.00199455348775, 0.00167189608328, 0.00210053077899, 0.00249048927799, 0.00217109778896, 0.00128972122911, 0.00084618962137, 0.000983982230537, 0.000839139800519, 0.000998167437501, 0.000723373668734, 0.00054617918795, 0.000333339092322, 0.000314947974402, 0.000327433401253, 0.000263885594904, 0.000258497224422, 0.000246850249823, 0.000290716736345, 0.000330943556037, 0.00024491592194, 4.04918682761e-05, 3.08547898342e-09],
        "median": [8.29235141282e-05, 0.00577023997903, 0.00127667235211, 0.000724747194909, 0.000994460075162, 0.000620947277639, 0.000583314395044, 0.000466504861834, 0.00061442097649, 0.000397638679715, 0.000298518338241, 0.000344717584085, 0.000385430670576, 0.000416062393924, 0.000352869421476, 0.000333679461619, 0.000256732135313, 0.000233221551753, 0.000268327741651, 0.000201602917514, 0.000194859720068, 0.000179674985702, 0.000181416064152, 0.000191742889001, 0.000105640989204, 1.19843816719e-05, 6.24091778256e-10],
        "min": [1.05599295244e-23, 6.48450172194e-24, 4.71045964789e-24, 6.39306761543e-24, 4.20288713549e-23, 1.00353031014e-23, 1.01356572526e-23, 3.03230211803e-23, 1.4066904553e-23, 1.17405474326e-22, 8.39575952402e-23, 2.90890155326e-23, 6.33034938693e-23, 1.33173831945e-22, 8.98294214348e-23, 1.52572060444e-22, 1.5906236621e-22, 2.06882394843e-22, 1.89620679355e-22, 3.10692122837e-22, 5.23859328336e-22, 4.69760332928e-22, 4.45094760258e-22, 6.52542661086e-22, 9.99993202994e-22, 1.57221487975e-21, 2.5102794977e-21],
        "var": [3.13040209221e-06, 0.000249024131335, 6.38709025225e-05, 8.4632083599e-06, 8.55928101373e-06, 9.28082954488e-06, 1.94586937141e-05, 3.72698523279e-05, 1.991584395e-05, 7.91245929577e-06, 2.72947659141e-06, 4.79883601656e-06, 2.18371496885e-06, 2.84268367068e-06, 1.49460663579e-06, 5.4189047205e-07, 1.05851334808e-07, 9.54047862933e-08, 9.60686037388e-08, 7.1083519515e-08, 6.34384704767e-08, 6.19680449176e-08, 1.71621252321e-07, 2.82923394934e-07, 2.38302803268e-07, 1.2584850495e-08, 1.02583736725e-15]
    },
    "erbbands": {
        "dmean": [0.217647910118, 1.51478123665, 3.69974327087, 4.16587114334, 5.15825605392, 4.14425039291, 5.08391332626, 7.66210317612, 12.1053562164, 34.1337623596, 30.0838451385, 24.332698822, 29.1516227722, 19.581943512, 22.2344875336, 19.8218917847, 20.9848117828, 26.8207111359, 22.143699646, 16.8328323364, 13.0167150497, 8.52879619598, 7.33827924728, 6.57345819473, 5.81505966187, 4.86834001541, 3.95873045921, 3.55069231987, 3.06243753433, 3.02185416222, 2.67966842651, 2.28539800644, 1.97229635715, 1.1488199234, 0.590113341808, 0.166954800487, 0.0266741812229, 0.000772999890614, 2.95827630907e-05, 1.63105487445e-05],
        "dmean2": [0.353900581598, 2.52195549011, 6.52275180817, 7.25158166885, 8.7450094223, 6.91905784607, 8.36208629608, 11.986289978, 19.7158298492, 54.1321983337, 47.7531013489, 39.3702163696, 46.2767829895, 31.2351055145, 35.5717658997, 31.305683136, 34.2608146667, 44.2655754089, 36.5709342957, 27.7772636414, 21.8755168915, 14.2353277206, 12.451084137, 11.0526857376, 9.77032184601, 8.23897743225, 6.57057857513, 5.9087228775, 4.99791145325, 4.831387043, 4.1579451561, 3.48594212532, 2.96218895912, 1.67503082752, 0.871931314468, 0.252260833979, 0.0430464632809, 0.00122469651978, 4.56661073258e-05, 2.65990402113e-05],
        "dvar": [0.157535091043, 8.74098777771, 95.7485275269, 81.6675338745, 118.277137756, 55.2463111877, 82.4952011108, 275.341766357, 747.45904541, 6197.57666016, 6696.60742188, 3715.21264648, 3740.05444336, 1726.48974609, 2200.28100586, 2291.87280273, 1745.9967041, 3051.87304688, 2015.67456055, 1167.42565918, 488.860656738, 121.536613464, 98.5673599243, 84.5978164673, 58.9995498657, 53.2199211121, 30.2534179688, 25.1372585297, 20.0326538086, 26.0346984863, 31.1447753906, 27.5987606049, 20.7520198822, 8.51100540161, 3.82008886337, 0.447422713041, 0.00988634582609, 2.96202051686e-05, 1.47837466713e-08, 5.61485746786e-10],
        "dvar2": [0.41870161891, 23.6890392303, 273.109802246, 230.138946533, 311.07232666, 150.588806152, 208.666992188, 629.967163086, 1888.77941895, 15576.2929688, 15805.4736328, 9247.171875, 9215.30761719, 4145.16748047, 5395.48974609, 5332.93798828, 4379.44677734, 8144.76464844, 5219.97949219, 2907.08276367, 1280.41137695, 329.734954834, 268.058868408, 232.922393799, 161.661178589, 147.530502319, 80.7025604248, 67.2302856445, 49.8603248596, 62.0994377136, 65.5476150513, 61.5719032288, 43.0126152039, 16.3696784973, 8.76773548126, 1.11609756947, 0.0246982108802, 7.20800308045e-05, 3.62659449138e-08, 1.52389434405e-09],
        "max": [5.43156194687, 32.4695587158, 109.68548584, 106.890296936, 190.515197754, 164.045440674, 235.027954102, 520.829589844, 542.256164551, 1281.47070312, 2293.7265625, 1645.5690918, 1377.69299316, 1196.81347656, 872.624633789, 1279.74243164, 773.462280273, 1158.4317627, 1247.59863281, 1061.2154541, 503.682373047, 252.753692627, 156.444290161, 283.765991211, 214.005599976, 132.094284058, 120.971252441, 76.793800354, 132.821853638, 155.398178101, 283.854125977, 185.295135498, 221.012359619, 112.787971497, 55.3356513977, 17.4212551117, 2.63551712036, 0.341883271933, 0.00618989113718, 0.000456166511867],
        "mean": [0.387082964182, 2.42016577721, 4.86709976196, 5.56747770309, 6.43343019485, 5.98898506165, 8.213139534, 16.0323085785, 21.3076686859, 53.2697677612, 48.1907615662, 41.6493988037, 50.5650672913, 36.8206062317, 39.2962532043, 36.4939117432, 38.0554199219, 51.40102005, 43.2443122864, 34.9384880066, 28.1074142456, 19.8824825287, 17.3971233368, 16.6045246124, 15.2708883286, 12.5877628326, 11.2035245895, 9.66363143921, 8.72448348999, 8.90305328369, 8.188621521, 6.9213514328, 5.49300861359, 3.2264714241, 1.46660399437, 0.364028066397, 0.0399043634534, 0.00111161218956, 7.5787298556e-05, 5.30200231879e-05],
        "median": [0.133911386132, 1.18043911457, 1.97413372993, 2.46664619446, 2.61071872711, 2.90460348129, 4.28645992279, 5.69551229477, 8.1013917923, 11.0644235611, 11.8975772858, 13.3471727371, 16.7494831085, 14.5779819489, 15.0475196838, 14.789478302, 19.1477108002, 21.9591159821, 19.9619541168, 19.1415805817, 18.2489566803, 15.7132740021, 13.2586431503, 13.4268846512, 12.5695829391, 9.7320728302, 8.49787330627, 7.29059076309, 6.45795154572, 5.97906017303, 4.99592828751, 4.10104846954, 3.0488319397, 1.50740122795, 0.548567354679, 0.117769666016, 0.0096945790574, 0.00027230521664, 4.42076743639e-05, 4.91067403345e-05],
        "min": [3.50311923428e-22, 1.22781380904e-21, 6.43910871855e-21, 2.65630264443e-20, 1.5069085261e-19, 1.1321089839e-19, 8.25194345107e-20, 8.62110058752e-20, 1.57336899865e-19, 3.2100498844e-19, 5.89987088891e-19, 3.51246323894e-19, 2.9873942151e-18, 2.45674358328e-18, 3.17917376537e-18, 1.52252797081e-18, 3.04462022424e-18, 5.6117496127e-18, 7.02807969037e-18, 5.30094270138e-18, 8.64240371947e-18, 8.33740981991e-18, 8.96300320846e-18, 1.22184395108e-17, 1.05142216286e-17, 1.71329188805e-17, 2.00672279526e-17, 2.53590944147e-17, 1.91349672781e-17, 1.64299162759e-17, 1.25655724723e-17, 9.12666668292e-18, 1.31068836011e-17, 9.95438413569e-18, 7.71542293883e-18, 5.55522836144e-18, 2.87675487906e-18, 1.30748117408e-18, 3.00141089398e-19, 3.90996837197e-20],
        "var": [0.346546530724, 12.0967855453, 78.3178329468, 76.7618408203, 136.563903809, 79.9378128052, 142.929992676, 1017.47802734, 1907.3001709, 12603.8867188, 13907.7158203, 7858.28710938, 8573.078125, 5085.29345703, 4993.59375, 6024.96972656, 3568.73461914, 7639.99902344, 5128.5390625, 3280.89306641, 1282.04589844, 335.499816895, 271.84564209, 255.571029663, 205.570724487, 156.089599609, 127.234916687, 85.9438095093, 76.9109268188, 105.128250122, 145.863723755, 121.25705719, 82.4278182983, 37.7996864319, 10.6990699768, 0.876278042793, 0.0144443456084, 3.64733532479e-05, 2.55310794728e-08, 1.50186574288e-09]
    },
    "gfcc": {
        "mean": [25.759885788, 77.4913864136, -128.882415771, 39.685382843, -73.0547027588, 32.7385063171, -46.4104385376, 15.5647373199, -20.7338066101, 4.98037624359, -12.421456337, -5.75082492828, -5.99968385696],
        "cov": [[5733.59765625, -82.3639221191, 666.701782227, 789.623291016, 577.635314941, 809.927185059, 539.491638184, 677.655090332, 70.2132797241, 309.39944458, -15.6047077179, 15.7402296066, -216.744796753], [-82.3639221191, 675.94329834, -4.3115530014, 40.7491416931, 101.263122559, -39.8799171448, 120.135437012, -9.39917755127, 112.383575439, -35.2371177673, 78.7009811401, -51.9873542786, 43.1037445068], [666.701782227, -4.3115530014, 661.389221191, 425.52923584, 196.111129761, 162.945571899, 27.6653079987, 83.5455856323, -35.7105941772, 105.118484497, 48.9469604492, 85.4002609253, -14.4617366791], [789.623291016, 40.7491416931, 425.52923584, 603.523986816, 288.839935303, 208.669830322, 116.802047729, 99.6945419312, 26.5433979034, 83.0642547607, 77.4239501953, 44.1378707886, -0.847096800804], [577.635314941, 101.263122559, 196.111129761, 288.839935303, 359.385772705, 224.924499512, 187.869262695, 160.675216675, 52.5800628662, 79.8552093506, 29.5466079712, 18.6288375854, -27.5498142242], [809.927185059, -39.8799171448, 162.945571899, 208.669830322, 224.924499512, 303.084503174, 218.827087402, 176.948959351, 21.4358139038, 67.2238006592, 18.7734260559, 14.4251918793, -38.1894378662], [539.491638184, 120.135437012, 27.6653079987, 116.802047729, 187.869262695, 218.827087402, 342.88848877, 223.006988525, 78.1244354248, 42.6121025085, 40.2129096985, -2.39867019653, -26.2392044067], [677.655090332, -9.39917755127, 83.5455856323, 99.6945419312, 160.675216675, 176.948959351, 223.006988525, 251.714508057, 88.2850799561, 79.6712799072, 10.2728872299, 5.12421894073, -34.8814582825], [70.2132797241, 112.383575439, -35.7105941772, 26.5433979034, 52.5800628662, 21.4358139038, 78.1244354248, 88.2850799561, 158.009338379, 62.1592063904, 41.3867759705, -24.007314682, 18.876991272], [309.39944458, -35.2371177673, 105.118484497, 83.0642547607, 79.8552093506, 67.2238006592, 42.6121025085, 79.6712799072, 62.1592063904, 119.585617065, 48.3348274231, 35.4338035583, -4.69876337051], [-15.6047077179, 78.7009811401, 48.9469604492, 77.4239501953, 29.5466079712, 18.7734260559, 40.2129096985, 10.2728872299, 41.3867759705, 48.3348274231, 107.558410645, 52.0042991638, 41.2701950073], [15.7402296066, -51.9873542786, 85.4002609253, 44.1378707886, 18.6288375854, 14.4251918793, -2.39867019653, 5.12421894073, -24.007314682, 35.4338035583, 52.0042991638, 106.563217163, 45.0582275391], [-216.744796753, 43.1037445068, -14.4617366791, -0.847096800804, -27.5498142242, -38.1894378662, -26.2392044067, -34.8814582825, 18.876991272, -4.69876337051, 41.2701950073, 45.0582275391, 92.8865966797]],
        "icov": [[0.000478401838336, -0.000643871899229, 0.000419258227339, -0.000762885669246, 0.000933887029532, -0.00128439685795, 0.000877434853464, -0.00153481843881, 0.000887705944479, -0.0011520619737, 0.000847423507366, -0.000313171301968, 0.000430557265645], [-0.000643871899229, 0.00457401061431, -0.00219314638525, 0.00240806303918, -0.00396828353405, 0.00419440213591, -0.00396810518578, 0.00448112143204, -0.00358400726691, 0.00460702599958, -0.00452211406082, 0.00341947702691, -0.00152325152885], [0.000419258227339, -0.00219314638525, 0.00478940550238, -0.00372731359676, 0.00228248373605, -0.00247300509363, 0.00320138572715, -0.00368456658907, 0.00353724020533, -0.00415683304891, 0.0025328323245, -0.00280305393972, 0.00119386881124], [-0.000762885669246, 0.00240806303918, -0.00372731359676, 0.00656366953626, -0.00501863146201, 0.00191901775543, -0.002012334764, 0.0039581861347, -0.00281186192296, 0.00436194846407, -0.00524775031954, 0.00307845976204, -0.00156923942268], [0.000933887029532, -0.00396828353405, 0.00228248373605, -0.00501863146201, 0.0111533235759, -0.00684620114043, 0.00231641507708, -0.00454565044492, 0.00209751934744, -0.00577871780843, 0.00624890765175, -0.00421292707324, 0.00231946841814], [-0.00128439685795, 0.00419440213591, -0.00247300509363, 0.00191901775543, -0.00684620114043, 0.0157714188099, -0.0086627099663, 0.00374466413632, 0.000314451288432, 0.00154430221301, -0.00350820459425, 0.00442417152226, -0.00247132498771], [0.000877434853464, -0.00396810518578, 0.00320138572715, -0.002012334764, 0.00231641507708, -0.0086627099663, 0.0160494875163, -0.0135679459199, 0.00298830843531, 0.00206618220545, -0.00309854350053, -0.0016126295086, 0.00258917198516], [-0.00153481843881, 0.00448112143204, -0.00368456658907, 0.0039581861347, -0.00454565044492, 0.00374466413632, -0.0135679459199, 0.0240799132735, -0.0116022629663, 0.000961825193372, 0.00349448225461, -0.00265745492652, 0.00134587078355], [0.000887705944479, -0.00358400726691, 0.00353724020533, -0.00281186192296, 0.00209751934744, 0.000314451288432, 0.00298830843531, -0.0116022629663, 0.0226420350373, -0.0138893835247, -0.00205767899752, 0.0108347665519, -0.00814742408693], [-0.0011520619737, 0.00460702599958, -0.00415683304891, 0.00436194846407, -0.00577871780843, 0.00154430221301, 0.00206618220545, 0.000961825193372, -0.0138893835247, 0.0286654066294, -0.0120132360607, -0.00473490450531, 0.00633946619928], [0.000847423507366, -0.00452211406082, 0.0025328323245, -0.00524775031954, 0.00624890765175, -0.00350820459425, -0.00309854350053, 0.00349448225461, -0.00205767899752, -0.0120132360607, 0.0277959834784, -0.0125841861591, -0.00116466078907], [-0.000313171301968, 0.00341947702691, -0.00280305393972, 0.00307845976204, -0.00421292707324, 0.00442417152226, -0.0016126295086, -0.00265745492652, 0.0108347665519, -0.00473490450531, -0.0125841861591, 0.0284946877509, -0.0142826074734], [0.000430557265645, -0.00152325152885, 0.00119386881124, -0.00156923942268, 0.00231946841814, -0.00247132498771, 0.00258917198516, 0.00134587078355, -0.00814742408693, 0.00633946619928, -0.00116466078907, -0.0142826074734, 0.0229798760265]]
    },
    "melbands": {
        "dmean": [0.00185975315981, 0.00192958442494, 0.000753482221626, 0.000316009594826, 0.000179604947334, 0.000167082165717, 0.000206793178222, 0.000394734262954, 0.000220857051318, 0.000169558887137, 0.000149769271957, 8.56810147525e-05, 7.84927251516e-05, 6.35878823232e-05, 5.27391530341e-05, 5.36019433639e-05, 5.1392828027e-05, 4.07614243159e-05, 2.56521598203e-05, 2.0886240236e-05, 1.57683316502e-05, 9.88305782812e-06, 8.11334302853e-06, 6.98241956343e-06, 5.88275679547e-06, 5.45592638446e-06, 3.9791348172e-06, 3.62946025234e-06, 2.86811928163e-06, 2.59527223534e-06, 2.23722986448e-06, 1.94938752429e-06, 1.87036778243e-06, 1.92284483091e-06, 1.81960194823e-06, 1.58631007707e-06, 1.56020621489e-06, 1.62634182743e-06, 1.21275820675e-06, 1.01685316167e-06],
        "dmean2": [0.00305967242457, 0.0033142734319, 0.00130421074573, 0.000527130963746, 0.000295597157674, 0.00026282275212, 0.000334756361553, 0.000626119261142, 0.000351528840838, 0.000274619378615, 0.000237643398577, 0.000136617120006, 0.000126704631839, 0.000102362966572, 8.57124978211e-05, 8.84020992089e-05, 8.44866663101e-05, 6.78496799082e-05, 4.23157725891e-05, 3.50312766386e-05, 2.65724356723e-05, 1.66207191796e-05, 1.38024497573e-05, 1.18795514936e-05, 9.92688001134e-06, 9.20529873838e-06, 6.70316285323e-06, 6.17039268036e-06, 4.81077086079e-06, 4.33230388808e-06, 3.7802924453e-06, 3.21933953273e-06, 3.06629317492e-06, 3.09839629153e-06, 2.91281435238e-06, 2.49444883593e-06, 2.42110741056e-06, 2.5210754302e-06, 1.85165276889e-06, 1.53145288095e-06],
        "dvar": [1.08993181129e-05, 2.02146820811e-05, 2.30586283578e-06, 3.74630388933e-07, 1.00815960025e-07, 1.20690884842e-07, 2.03100753993e-07, 7.80898460562e-07, 3.34398123414e-07, 1.66377077448e-07, 9.66360929056e-08, 3.49524889032e-08, 2.88539467874e-08, 2.95953519469e-08, 1.28666250987e-08, 1.2588484033e-08, 1.13390310474e-08, 7.47361905695e-09, 3.13092973769e-09, 1.47427892117e-09, 7.30070004451e-10, 1.77031153625e-10, 1.15125686762e-10, 1.0483513363e-10, 6.98273106003e-11, 5.82111234215e-11, 3.1347494045e-11, 2.95640005532e-11, 1.78271408052e-11, 1.3026565937e-11, 9.81510879516e-12, 7.93436323587e-12, 7.99286071357e-12, 1.24464978254e-11, 1.42181570337e-11, 1.15135097636e-11, 1.52759263572e-11, 1.46723865696e-11, 7.78053056011e-12, 7.20310616709e-12],
        "dvar2": [2.97636033793e-05, 5.69401854591e-05, 6.42176291876e-06, 9.83102040664e-07, 2.60387139406e-07, 2.77899516732e-07, 5.0551983577e-07, 1.95246707335e-06, 7.9805323594e-07, 4.14503944057e-07, 2.37078154441e-07, 8.29738127095e-08, 7.38821270829e-08, 7.20292518963e-08, 3.12283070514e-08, 3.19072555044e-08, 2.95351494373e-08, 1.9177109678e-08, 7.58416351943e-09, 3.66997010559e-09, 1.92001126109e-09, 4.82587858563e-10, 3.19939352789e-10, 2.83578466265e-10, 1.92193386206e-10, 1.6095975941e-10, 8.61188134693e-11, 8.21571283227e-11, 4.82618112141e-11, 3.59852078691e-11, 2.64110417564e-11, 2.02810407357e-11, 2.07094567189e-11, 3.05558425784e-11, 3.30778807123e-11, 2.45814497229e-11, 3.70500921609e-11, 3.23838456051e-11, 1.57937361106e-11, 1.49954649392e-11],
        "max": [0.0367753766477, 0.0464174933732, 0.0170415397733, 0.0116424532607, 0.00872310064733, 0.0105270808563, 0.00894907861948, 0.0140323583037, 0.0151115730405, 0.0116075081751, 0.00676107406616, 0.00521101010963, 0.00368977081962, 0.00496438518167, 0.00226033921354, 0.00221579405479, 0.00214608060196, 0.00199002074078, 0.00172737450339, 0.00101508747321, 0.000627902336419, 0.000281359069049, 0.000172693326022, 0.000210020909435, 0.00024128970108, 0.00019151433662, 0.000137848968734, 9.97153256321e-05, 9.86834420473e-05, 7.14167981641e-05, 5.05366078869e-05, 8.6020809249e-05, 6.23844462098e-05, 0.000116328315926, 0.000161710719112, 0.000137154900585, 0.000139820956974, 0.000192556442926, 9.36355718295e-05, 0.000109723274363],
        "mean": [0.00335346721113, 0.00286414148286, 0.00102313212119, 0.000435346795712, 0.000290462106932, 0.000349530775566, 0.000354728777893, 0.000609345326666, 0.000360392237781, 0.000278067862382, 0.000257164181676, 0.000154249501065, 0.000128634754219, 0.000113119371235, 8.5912331997e-05, 9.17044453672e-05, 9.27019282244e-05, 7.22382465028e-05, 5.01588874613e-05, 4.00876451749e-05, 3.0950162909e-05, 2.03401305043e-05, 1.70805869857e-05, 1.46951952047e-05, 1.32702425617e-05, 1.24874250105e-05, 9.2458922154e-06, 8.169395187e-06, 7.0969385888e-06, 6.32179808235e-06, 5.33539787284e-06, 4.86194403493e-06, 4.81740289615e-06, 5.02636339661e-06, 4.82517452838e-06, 4.35118408859e-06, 4.1398338908e-06, 4.02557725465e-06, 3.225172577e-06, 2.55987129094e-06],
        "median": [0.00149434059858, 0.0015403352445, 0.00050698837731, 0.000197842236958, 0.000156859110575, 0.000122689729324, 0.000130232714582, 0.000121189579659, 8.56381520862e-05, 8.02085050964e-05, 8.09556149761e-05, 5.26522671862e-05, 4.65466000605e-05, 3.76080643036e-05, 3.52773276973e-05, 4.18758936576e-05, 3.72605973098e-05, 3.03128017549e-05, 2.6071238608e-05, 2.36566193053e-05, 1.91981998796e-05, 1.5408731997e-05, 1.28148867589e-05, 1.0489289707e-05, 1.02681169665e-05, 9.82434812613e-06, 7.07256822352e-06, 6.10006054558e-06, 5.20117100677e-06, 4.61294257548e-06, 3.90284367313e-06, 3.57169369636e-06, 3.29305635205e-06, 3.24960797116e-06, 2.91814626507e-06, 2.55131067206e-06, 2.39005817093e-06, 2.24245286518e-06, 1.61745356309e-06, 1.11486110654e-06],
        "min": [5.32013710938e-24, 4.91258868877e-24, 7.5333281886e-24, 1.04498053309e-23, 2.92954600371e-24, 2.08534808371e-24, 2.23798063874e-24, 4.76433253683e-24, 4.22970809073e-24, 1.74078783981e-24, 1.54629154094e-23, 9.28316840451e-24, 1.22277037515e-23, 4.23886124381e-24, 5.0557491937e-24, 7.92651460757e-24, 1.0414387054e-23, 1.16070106363e-23, 7.98754956466e-24, 7.96075984832e-24, 8.26044021761e-24, 7.19195336503e-24, 6.58037474877e-24, 9.54983967808e-24, 1.02881345993e-23, 5.95354192917e-24, 8.63442102897e-24, 1.12828590129e-23, 1.22831456848e-23, 1.20956468582e-23, 1.31845178766e-23, 1.04500096459e-23, 9.64224999996e-24, 8.13171547282e-24, 7.41952711442e-24, 6.17913484882e-24, 4.64394171307e-24, 8.96185115832e-24, 8.54007168699e-24, 8.51344763143e-24],
        "var": [2.08078472497e-05, 1.93417290575e-05, 2.23902839025e-06, 4.84435702219e-07, 1.71072272792e-07, 4.55086791362e-07, 4.97663165788e-07, 1.56587202582e-06, 7.43924658764e-07, 3.45119588019e-07, 2.29020045595e-07, 1.06052965521e-07, 5.77394843049e-08, 7.74571446982e-08, 2.7577538475e-08, 2.65929607224e-08, 2.68725006691e-08, 1.71165304153e-08, 7.75571162848e-09, 3.70099262348e-09, 1.7251040596e-09, 4.02705591096e-10, 2.7540128511e-10, 2.37292685501e-10, 1.83545303956e-10, 1.54404600217e-10, 8.96374016679e-11, 7.17516115967e-11, 5.79649522825e-11, 4.15261817988e-11, 2.76213062839e-11, 2.48062802938e-11, 2.75747306933e-11, 3.93034840784e-11, 5.13349779352e-11, 4.97089557017e-11, 4.92730092838e-11, 4.57003566934e-11, 3.3609288963e-11, 2.66639176016e-11]
    },
    "mfcc": {
        "mean": [-604.834960938, 95.1078948975, 4.24226856232, 7.18856811523, 4.79459619522, 6.58092784882, -1.7959536314, 2.50566339493, 0.941010117531, 5.57754135132, 0.800176858902, 1.21502757072, -1.129357934],
        "cov": [[4767.97021484, -215.239700317, 362.131622314, 410.188323975, 377.570495605, 402.566223145, 651.967041016, 494.616516113, 413.838043213, 428.35836792, 387.255493164, 249.770797729, 190.023239136], [-215.239700317, 579.812866211, -97.4049453735, -20.6876716614, -47.9855918884, -36.0435142517, -18.0909252167, 16.5687446594, 24.8061447144, 23.6164875031, 24.4106693268, 18.1342697144, -0.320751845837], [362.131622314, -97.4049453735, 488.983673096, 252.624023438, 171.732498169, 111.896064758, 87.1866226196, 10.143986702, -21.2585067749, -7.88658237457, -2.42677664757, 30.3436222076, 59.6859092712], [410.188323975, -20.6876716614, 252.624023438, 394.933319092, 226.498214722, 152.876449585, 134.25289917, 74.1935195923, 40.5528564453, 52.1812171936, 38.9961738586, 55.2258377075, 89.3411102295], [377.570495605, -47.9855918884, 171.732498169, 226.498214722, 273.441192627, 149.984008789, 101.931533813, 44.3522262573, 44.3496208191, 53.3734016418, 37.2813529968, 37.5824737549, 57.6717567444], [402.566223145, -36.0435142517, 111.896064758, 152.876449585, 149.984008789, 190.000076294, 158.191238403, 87.3270492554, 48.1075706482, 52.3697814941, 49.2638511658, 43.6381111145, 49.145488739], [651.967041016, -18.0909252167, 87.1866226196, 134.25289917, 101.931533813, 158.191238403, 301.750305176, 201.069610596, 113.685401917, 92.9449157715, 100.991699219, 72.9376754761, 63.87758255], [494.616516113, 16.5687446594, 10.143986702, 74.1935195923, 44.3522262573, 87.3270492554, 201.069610596, 201.001403809, 127.66934967, 96.5850219727, 88.1943969727, 58.2808380127, 44.2126121521], [413.838043213, 24.8061447144, -21.2585067749, 40.5528564453, 44.3496208191, 48.1075706482, 113.685401917, 127.66934967, 155.695602417, 124.24786377, 92.6235733032, 46.5321044922, 27.2021389008], [428.35836792, 23.6164875031, -7.88658237457, 52.1812171936, 53.3734016418, 52.3697814941, 92.9449157715, 96.5850219727, 124.24786377, 162.313934326, 117.280807495, 54.3324317932, 30.2256031036], [387.255493164, 24.4106693268, -2.42677664757, 38.9961738586, 37.2813529968, 49.2638511658, 100.991699219, 88.1943969727, 92.6235733032, 117.280807495, 138.642227173, 71.2740325928, 34.6756782532], [249.770797729, 18.1342697144, 30.3436222076, 55.2258377075, 37.5824737549, 43.6381111145, 72.9376754761, 58.2808380127, 46.5321044922, 54.3324317932, 71.2740325928, 86.4735412598, 57.0318031311], [190.023239136, -0.320751845837, 59.6859092712, 89.3411102295, 57.6717567444, 49.145488739, 63.87758255, 44.2126121521, 27.2021389008, 30.2256031036, 34.6756782532, 57.0318031311, 88.6852874756]],
