{
"lowlevel": {
    "average_loudness": 0.894642353058,
    "barkbands_crest": {
        "dmean": 2.45783829689,
        "dmean2": 4.00663137436,
        "dvar": 4.775806427,
        "dvar2": 12.4042949677,
        "max": 25.0915489197,
        "mean": 9.90262889862,
        "median": 9.26334190369,
        "min": 2.20416665077,
        "var": 14.0166149139
    },
    "barkbands_flatness_db": {
        "dmean": 0.0184634942561,
        "dmean2": 0.0293462257832,
        "dvar": 0.000290296826279,
        "dvar2": 0.0007327356725,
        "max": 0.319580405951,
        "mean": 0.146510794759,
        "median": 0.140441954136,
        "min": 0.0310826636851,
        "var": 0.00169224536512
    },
    "barkbands_kurtosis": {
        "dmean": 2.26667904854,
        "dmean2": 3.6213350296,
        "dvar": 9.80564403534,
        "dvar2": 24.0077819824,
        "max": 75.3282852173,
        "mean": 3.99378824234,
        "median": 2.77669501305,
        "min": -1.91077363491,
        "var": 24.5725231171
    },
    "barkbands_skewness": {
        "dmean": 0.45515781641,
        "dmean2": 0.705620527267,
        "dvar": 0.21493396163,
        "dvar2": 0.506641745567,
        "max": 8.12093067169,
        "mean": 1.60676372051,
        "median": 1.55627763271,
        "min": -4.35960960388,
        "var": 0.883358895779
    },
    "barkbands_spread": {
        "dmean": 5.04702186584,
        "dmean2": 7.58731889725,
        "dvar": 50.8646736145,
        "dvar2": 94.1307525635,
        "max": 112.850959778,
        "mean": 21.1083698273,
        "median": 17.0506763458,
        "min": 1.55133771896,
        "var": 273.324279785
    },
    "dissonance": {
        "dmean": 0.0185978859663,
        "dmean2": 0.0315186344087,
        "dvar": 0.000295251171337,
        "dvar2": 0.000815053004771,
        "max": 0.500000119209,
        "mean": 0.4631690979,
        "median": 0.468940854073,
        "min": 0.303520172834,
        "var": 0.000742624979466
    },
    "dynamic_complexity": 3.45233058929,
    "erbbands_crest": {
        "dmean": 2.48905873299,
        "dmean2": 3.98950171471,
        "dvar": 5.42080450058,
        "dvar2": 13.1338090897,
        "max": 30.272403717,
        "mean": 9.62144088745,
        "median": 8.53554058075,
        "min": 2.28016996384,
        "var": 21.8442974091
    },
    "erbbands_flatness_db": {
        "dmean": 0.0152345169336,
        "dmean2": 0.0220193136483,
        "dvar": 0.000202385956072,
        "dvar2": 0.000413757254137,
        "max": 0.401154249907,
        "mean": 0.166561827064,
        "median": 0.154338568449,
        "min": 0.0601509734988,
        "var": 0.00362888281234
    },
    "erbbands_kurtosis": {
        "dmean": 0.881255507469,
        "dmean2": 1.37548696995,
        "dvar": 1.31468117237,
        "dvar2": 3.1157438755,
        "max": 25.6285820007,
        "mean": 0.892248570919,
        "median": 0.239426374435,
        "min": -1.78709566593,
        "var": 4.91204452515
    },
    "erbbands_skewness": {
        "dmean": 0.332186996937,
        "dmean2": 0.504400551319,
        "dvar": 0.0903183668852,
        "dvar2": 0.203515172005,
        "max": 3.98235058784,
        "mean": 0.666463375092,
        "median": 0.648407757282,
        "min": -3.33308744431,
        "var": 0.669396102428
    },
    "erbbands_spread": {
        "dmean": 7.04712057114,
        "dmean2": 10.2208166122,
        "dvar": 65.4453048706,
        "dvar2": 125.614715576,
        "max": 149.587142944,
        "mean": 37.6729888916,
        "median": 33.4745788574,
        "min": 2.8321185112,
        "var": 449.995880127
    },
    "hfc": {
        "dmean": 6.20243787766,
        "dmean2": 8.65819644928,
        "dvar": 112.091262817,
        "dvar2": 199.438842773,
        "max": 339.44128418,
        "mean": 22.572637558,
        "median": 17.7490348816,
        "min": 1.14808976488e-16,
        "var": 518.465942383
    },
    "melbands_crest": {
        "dmean": 3.09039831161,
        "dmean2": 5.10820865631,
        "dvar": 7.71180105209,
        "dvar2": 20.595331192,
        "max": 33.5578079224,
        "mean": 13.1557617188,
        "median": 12.5098752975,
        "min": 2.15394854546,
        "var": 21.0729351044
    },
    "melbands_flatness_db": {
        "dmean": 0.0223154500127,
        "dmean2": 0.0345993563533,
        "dvar": 0.000474784959806,
        "dvar2": 0.00114064419176,
        "max": 0.369327932596,
        "mean": 0.186428382993,
        "median": 0.185159549117,
        "min": 0.006275259424,
        "var": 0.00221796706319
    },
    "melbands_kurtosis": {
        "dmean": 5.43695068359,
        "dmean2": 8.65901851654,
        "dvar": 74.218421936,
        "dvar2": 175.531326294,
        "max": 261.679504395,
        "mean": 11.7788972855,
        "median": 8.28639411926,
        "min": -1.73945081234,
        "var": 158.094268799
    },
    "melbands_skewness": {
        "dmean": 0.608864247799,
        "dmean2": 0.948993325233,
        "dvar": 0.445997178555,
        "dvar2": 1.04011356831,
        "max": 12.7757673264,
        "mean": 2.49126648903,
        "median": 2.31580638885,
        "min": -1.25327038765,
        "var": 1.76373136044
    },
    "melbands_spread": {
        "dmean": 5.74494504929,
        "dmean2": 8.65264701843,
        "dvar": 77.7434844971,
        "dvar2": 155.729263306,
        "max": 216.994613647,
        "mean": 20.6507034302,
        "median": 16.7409477234,
        "min": 1.73112499714,
        "var": 280.33013916
    },
    "pitch_salience": {
        "dmean": 0.067815579474,
        "dmean2": 0.111848019063,
        "dvar": 0.00390708399937,
        "dvar2": 0.0104109747335,
        "max": 0.866897284985,
        "mean": 0.57852768898,
        "median": 0.582322716713,
        "min": 0.171899929643,
        "var": 0.0119639812037
    },
    "silence_rate_20dB": {
        "dmean": 0,
        "dmean2": 0,
        "dvar": 0,
        "dvar2": 0,
        "max": 1,
        "mean": 1,
        "median": 1,
        "min": 1,
        "var": 0
    },
    "silence_rate_30dB": {
        "dmean": 0.00446594692767,
        "dmean2": 0.0089330021292,
        "dvar": 0.00444590952247,
        "dvar2": 0.0125749735162,
        "max": 1,
        "mean": 0.997395157814,
        "median": 1,
        "min": 0,
        "var": 0.00259806611575
    },
    "silence_rate_60dB": {
        "dmean": 0.011909192428,
        "dmean2": 0.0236972700804,
        "dvar": 0.011768666096,
        "dvar2": 0.0268607102334,
        "max": 1,
        "mean": 0.0875713229179,
        "median": 0,
        "min": 0,
        "var": 0.0799193754792
    },
    "spectral_centroid": {
        "dmean": 216.694992065,
        "dmean2": 331.636932373,
        "dvar": 73832.34375,
        "dvar2": 151994.203125,
        "max": 11247.3691406,
        "mean": 1264.24401855,
        "median": 1179.02722168,
        "min": 289.699127197,
        "var": 327065.84375
    },
    "spectral_complexity": {
        "dmean": 3.05570030212,
        "dmean2": 4.87344932556,
        "dvar": 11.3031234741,
        "dvar2": 24.642364502,
        "max": 56,
        "mean": 18.1240386963,
        "median": 18,
        "min": 0,
        "var": 71.1134414673
    },
    "spectral_decrease": {
        "dmean": 2.41242226195e-09,
        "dmean2": 3.84863252378e-09,
        "dvar": 1.38621193527e-17,
        "dvar2": 3.37528865195e-17,
        "max": 4.50261115398e-29,
        "mean": -7.26385840366e-09,
        "median": -6.17947026882e-09,
        "min": -3.9744080027e-08,
        "var": 3.33174917323e-17
    },
    "spectral_energy": {
        "dmean": 0.00949474237859,
        "dmean2": 0.0150734018534,
        "dvar": 0.000209023681236,
        "dvar2": 0.000507056305651,
        "max": 0.157360196114,
        "mean": 0.0294628646225,
        "median": 0.0256616715342,
        "min": 1.07603499178e-20,
        "var": 0.000521484005731
    },
    "spectral_energyband_high": {
        "dmean": 0.000428737315815,
        "dmean2": 0.000543162168469,
        "dvar": 1.18341824873e-06,
        "dvar2": 1.85638759831e-06,
        "max": 0.0390339456499,
        "mean": 0.00108214153443,
        "median": 0.000383955717552,
        "min": 7.55564785302e-21,
        "var": 5.52169467483e-06
    },
    "spectral_energyband_low": {
        "dmean": 0.00466795125976,
        "dmean2": 0.0077410088852,
        "dvar": 8.72515811352e-05,
        "dvar2": 0.000223227776587,
        "max": 0.12300812453,
        "mean": 0.00923117343336,
        "median": 0.00568064302206,
        "min": 2.3457577344e-23,
        "var": 0.000149307204993
    },
    "spectral_energyband_middle_high": {
        "dmean": 0.00135738239624,
        "dmean2": 0.00210801232606,
        "dvar": 3.37317510457e-06,
        "dvar2": 8.03101374913e-06,
        "max": 0.0354030169547,
        "mean": 0.00466516055167,
        "median": 0.00345436530188,
        "min": 1.55094597805e-21,
        "var": 1.83272277354e-05
    },
    "spectral_energyband_middle_low": {
        "dmean": 0.00606672139838,
        "dmean2": 0.0096092550084,
        "dvar": 0.000112419038487,
        "dvar2": 0.000268393749138,
        "max": 0.12953017652,
        "mean": 0.0154614970088,
        "median": 0.0110710766166,
        "min": 1.81133735083e-22,
        "var": 0.000232992722886
    },
    "spectral_entropy": {
        "dmean": 0.139932706952,
        "dmean2": 0.200539961457,
        "dvar": 0.0190527327359,
        "dvar2": 0.0364087186754,
        "max": 9.80983638763,
        "mean": 7.62116479874,
        "median": 7.61781215668,
        "min": 5.83096218109,
        "var": 0.148124024272
    },
    "spectral_flux": {
        "dmean": 0.0244004521519,
        "dmean2": 0.0376988574862,
        "dvar": 0.000991778913885,
        "dvar2": 0.00202082353644,
        "max": 0.339612334967,
        "mean": 0.0837789848447,
        "median": 0.0738911479712,
        "min": 6.69142796728e-11,
        "var": 0.00267564505339
    },
    "spectral_kurtosis": {
        "dmean": 1.2095720768,
        "dmean2": 1.99306929111,
        "dvar": 1.57011055946,
        "dvar2": 4.27863693237,
        "max": 24.5914821625,
        "mean": 3.94065856934,
        "median": 3.65844726562,
        "min": -1.28855013847,
        "var": 6.03914785385
    },
    "spectral_rms": {
        "dmean": 0.00077398418216,
        "dmean2": 0.00120259239338,
        "dvar": 9.51702361363e-07,
        "dvar2": 2.17683441406e-06,
        "max": 0.0123904049397,
        "mean": 0.00490039587021,
        "median": 0.00500357616693,
        "min": 3.24004668581e-12,
        "var": 4.73040108773e-06
    },
    "spectral_rolloff": {
        "dmean": 472.798492432,
        "dmean2": 777.476074219,
        "dvar": 1048808.875,
        "dvar2": 2054214.625,
        "max": 19164.5507812,
        "mean": 1506.92346191,
        "median": 1012.06054688,
        "min": 64.599609375,
        "var": 3169048.5
    },
    "spectral_skewness": {
        "dmean": 0.175733566284,
        "dmean2": 0.27549174428,
        "dvar": 0.026237167418,
        "dvar2": 0.0608620531857,
        "max": 3.78043699265,
        "mean": 1.56156492233,
        "median": 1.57917666435,
        "min": -0.0339217744768,
        "var": 0.175670474768
    },
    "spectral_spread": {
        "dmean": 537748.4375,
        "dmean2": 742965.5625,
        "dvar": 578506391552,
        "dvar2": 908150243328,
        "max": 41793792,
        "mean": 4961023,
        "median": 4555009,
        "min": 2206640,
        "var": 3.64585680896e+12
    },
    "spectral_strongpeak": {
        "dmean": 0.475561857224,
        "dmean2": 0.807719707489,
        "dvar": 0.531132280827,
        "dvar2": 1.40039634705,
        "max": 9.18862819672,
        "mean": 0.990430891514,
        "median": 0.506583929062,
        "min": 0,
        "var": 1.08235573769
    },
    "zerocrossingrate": {
        "dmean": 0.0105031048879,
        "dmean2": 0.0117278369144,
        "dvar": 0.000219498746446,
        "dvar2": 0.000201824019314,
        "max": 0.65478515625,
        "mean": 0.0645550563931,
        "median": 0.0546875,
        "min": 0.0029296875,
        "var": 0.00185103481635
    },
    "barkbands": {
        "dmean": [0.000111846144137, 0.00335248210467, 0.00184486829676, 0.00171340932138, 0.0025654817, 0.00114709651098, 0.00140197202563, 0.00115726247896, 0.000997835653834, 0.000520589004736, 0.000408795895055, 0.000279872503597, 0.000247355550528, 0.000278248044197, 0.000275285012322, 0.000206331256777, 0.000184581513167, 0.000127656850964, 0.000100106262835, 8.32773148431e-05, 8.3078215539e-05, 7.27842198103e-05, 8.75723999343e-05, 0.000116378374514, 0.000114254136861, 2.46924446401e-05, 7.40096917085e-09],
        "dmean2": [0.000178039248567, 0.0053355996497, 0.00332324882038, 0.0029119849205, 0.00416102726012, 0.00186129787471, 0.00223353691399, 0.00176409352571, 0.00156836851966, 0.000844827096444, 0.000654035888147, 0.000451156462077, 0.000397055031499, 0.000445454905275, 0.000445738871349, 0.000319097423926, 0.000291342876153, 0.000205700911465, 0.000163176446222, 0.000132254441269, 0.000132533503347, 0.000108939355414, 0.000121008139104, 0.000154992885655, 0.000155809189891, 3.58563302143e-05, 1.4305316931e-08],
        "dvar": [5.77763117349e-08, 4.53065622423e-05, 3.17199446727e-05, 1.68927490449e-05, 3.38689460477e-05, 4.78894844491e-06, 8.46721104608e-06, 5.70069187233e-06, 4.2490873966e-06, 1.04103878584e-06, 9.2680375019e-07, 3.35742043944e-07, 2.41581773253e-07, 2.92463852247e-07, 3.29597327209e-07, 2.94871142614e-07, 1.80513453074e-07, 4.93256244738e-08, 2.52533283174e-08, 2.69667204122e-08, 3.51412765554e-08, 2.60014410003e-08, 7.50984057163e-08, 2.61010796976e-07, 1.37880206807e-07, 6.0322693507e-09, 3.18216691875e-14],
        "dvar2": [1.33378364353e-07, 0.000107790634502, 9.10153685254e-05, 4.40849762526e-05, 8.36118779262e-05, 1.24420676002e-05, 2.05856522371e-05, 1.27721632452e-05, 9.52434766077e-06, 2.68190387942e-06, 2.34374306274e-06, 8.5852752818e-07, 5.59045247428e-07, 7.04191620571e-07, 8.43607722345e-07, 6.4689646706e-07, 4.0630683884e-07, 1.20803306913e-07, 6.36137968968e-08, 6.62773018689e-08, 9.2198924051e-08, 5.74098883988e-08, 1.3808158883e-07, 4.81053916701e-07, 2.34559166756e-07, 1.12502327454e-08, 9.47289122144e-14],
        "max": [0.00533512234688, 0.0775176510215, 0.0828106552362, 0.0466336011887, 0.0672260895371, 0.0399847924709, 0.0591969899833, 0.0418070890009, 0.0422459468246, 0.0183022841811, 0.0205172263086, 0.0133984908462, 0.01301577501, 0.0132076395676, 0.0143672367558, 0.0124247726053, 0.0107953175902, 0.00476732198149, 0.00254804734141, 0.00578925199807, 0.00608833879232, 0.00408836873248, 0.00984255690128, 0.0291296858341, 0.00957799796015, 0.00245268270373, 9.00607938092e-06],
        "mean": [0.000153393863002, 0.0060217496939, 0.00224712095223, 0.00198422395624, 0.00373718212359, 0.00215816590935, 0.00282410718501, 0.00240777852014, 0.00197743461467, 0.00097535259556, 0.000761022034567, 0.00049481500173, 0.000420020573074, 0.00048388185678, 0.000478843197925, 0.000362764782039, 0.000347553781467, 0.000246383046033, 0.000206931028515, 0.000172329149791, 0.000167957914528, 0.000151238346007, 0.00018769534654, 0.00023063091794, 0.00022240668477, 4.18497002102e-05, 4.47397630055e-09],
        "median": [2.30041332543e-05, 0.00256242905743, 0.000794398947619, 0.000657576369122, 0.00178979756311, 0.00115457433276, 0.000837430823594, 0.00061879993882, 0.000620434759185, 0.00039690581616, 0.000198375724722, 0.000192359759239, 0.000185758312, 0.000228744800552, 0.000196770663024, 0.000124669546494, 0.000126226776047, 0.000142731631058, 0.000135712398333, 9.86000959529e-05, 9.05182387214e-05, 6.1733633629e-05, 5.08820448886e-05, 4.94672312925e-05, 4.59959192085e-05, 7.16963404557e-06, 4.78660777681e-10],
        "min": [1.56394327005e-24, 8.07910712791e-24, 1.0653657244e-23, 5.79449731549e-24, 3.96767784364e-23, 2.05547506508e-23, 1.3934749841e-23, 1.53137370791e-23, 3.76966176574e-23, 4.72382563375e-23, 4.30241456046e-23, 6.2273695911e-23, 4.8011570372e-23, 8.87522097806e-23, 6.27669485469e-23, 1.938341306e-22, 1.00206899265e-22, 2.08428259295e-22, 2.00020264223e-22, 2.74994109526e-22, 4.33247710293e-22, 3.41981249346e-22, 3.77658689164e-22, 7.42934155382e-22, 9.61974600714e-22, 1.76392166075e-21, 2.12209490495e-21],
        "var": [1.07280506256e-07, 8.28558768262e-05, 2.23645038204e-05, 1.56518472068e-05, 3.92768488382e-05, 8.69068480824e-06, 2.38149532379e-05, 2.22364942601e-05, 1.42231310747e-05, 2.80636800198e-06, 2.82911150862e-06, 8.47760020406e-07, 4.9689987236e-07, 6.03120838605e-07, 6.67449455705e-07, 7.08316861164e-07, 5.35949368441e-07, 1.00168882966e-07, 5.50789422959e-08, 5.01629813243e-08, 5.62653532654e-08, 7.74743469378e-08, 2.77784664604e-07, 6.73957174513e-07, 4.59783279894e-07, 1.9540470575e-08, 1.63176170845e-14]
    },
    "erbbands": {
        "dmean": [0.102917924523, 0.771883666515, 1.86261081696, 3.75603556633, 10.5007810593, 6.66713428497, 7.43576335907, 9.79544353485, 16.9744987488, 23.9430446625, 26.3703212738, 23.5982780457, 18.1842212677, 15.1943702698, 13.1806278229, 11.0661668777, 9.94680976868, 13.4108428955, 13.9648828506, 13.2080602646, 9.32600975037, 9.13425159454, 6.71099805832, 5.23092269897, 4.77312326431, 3.65036392212, 3.15853834152, 3.54209327698, 2.59569168091, 2.43352222443, 2.69411206245, 2.56672549248, 1.91495454311, 1.30749702454, 0.864355564117, 0.228566810489, 0.0225195586681, 0.000633512681816, 3.04243567371e-05, 1.33240318974e-05],
        "dmean2": [0.153263613582, 1.25280880928, 3.29087734222, 6.5036110878, 17.4396781921, 11.0483970642, 12.2688121796, 16.1229953766, 27.4823703766, 36.8723564148, 40.1178779602, 36.4843330383, 29.4736938477, 24.3541049957, 21.1346435547, 17.8196601868, 15.8953876495, 21.0109710693, 22.61668396, 20.7800140381, 14.2044458389, 14.2287988663, 10.7116165161, 8.47154712677, 7.6845946312, 5.7991309166, 5.06290340424, 5.57362413406, 3.99697041512, 3.48149228096, 3.75857305527, 3.53265333176, 2.5951461792, 1.79516673088, 1.22363328934, 0.318923681974, 0.0326367877424, 0.000948560249526, 4.18130548496e-05, 1.99188743863e-05],
        "dvar": [0.0476500354707, 2.46635890007, 29.0032215118, 75.7538528442, 864.277832031, 163.804199219, 233.586166382, 407.646636963, 1458.1628418, 2508.51977539, 3342.66113281, 2672.6550293, 1245.67114258, 1062.77624512, 858.193237305, 515.412109375, 349.011322021, 754.819091797, 844.620727539, 1092.70141602, 598.874084473, 457.688659668, 133.947357178, 84.9962081909, 60.1960792542, 57.9895248413, 52.6155014038, 68.7693023682, 32.9623832703, 49.0951271057, 77.6027984619, 155.577133179, 54.7426261902, 23.950717926, 7.43402194977, 0.486114144325, 0.00607781531289, 7.60039483794e-06, 8.3232931658e-09, 4.14704992568e-10],
        "dvar2": [0.105381935835, 5.9669251442, 82.0627746582, 204.605270386, 2185.5715332, 429.798553467, 599.742248535, 1072.09313965, 3575.40600586, 5823.56298828, 7513.87744141, 5772.15380859, 3201.79248047, 2738.21484375, 2126.28369141, 1324.1541748, 822.572509766, 1760.24365234, 2150.26782227, 2585.31884766, 1185.29748535, 987.303527832, 318.192596436, 216.116104126, 150.471618652, 143.005737305, 137.639022827, 181.926101685, 79.0575561523, 94.1780319214, 148.474777222, 341.658782959, 89.2274246216, 43.1384429932, 14.1357107162, 0.893296957016, 0.0115107260644, 1.76971916517e-05, 1.59053712423e-08, 8.80661876757e-10],
        "max": [2.83973407745, 17.6597671509, 82.3497390747, 90.5220870972, 331.503631592, 184.484222412, 251.818405151, 455.214141846, 1059.11584473, 1364.39074707, 1100.92041016, 1146.97766113, 773.184692383, 873.816040039, 676.684631348, 526.058044434, 424.122131348, 784.401000977, 644.992858887, 752.776000977, 776.635070801, 671.616394043, 261.524353027, 167.096588135, 168.545761108, 263.402160645, 278.648956299, 215.862960815, 122.348701477, 212.790618896, 357.989807129, 687.914123535, 316.437683105, 176.287612915, 91.8390197754, 22.5368385315, 4.03555870056, 0.119771838188, 0.00343799055554, 0.000357383076334],
        "mean": [0.170091465116, 1.35158896446, 2.61005926132, 4.8244805336, 12.1977243423, 10.3710670471, 12.7257442474, 18.0096950531, 32.3324890137, 50.9248046875, 55.4268112183, 47.9815788269, 35.0851783752, 31.9421100616, 27.250629425, 20.6211032867, 18.8317070007, 25.939912796, 25.6200866699, 23.8272361755, 19.1421890259, 18.7891101837, 14.5583620071, 11.3428325653, 10.1938915253, 7.82056760788, 6.48775815964, 7.05486059189, 5.31988430023, 5.17800712585, 5.51716899872, 4.89151620865, 3.72904539108, 2.49703025818, 1.56399345398, 0.415131300688, 0.0351945161819, 0.000951775291469, 6.70304361847e-05, 4.22187040385e-05],
        "median": [0.0442115068436, 0.600247621536, 1.37166213989, 2.27202749252, 3.79079771042, 5.5989112854, 7.01286792755, 9.0423412323, 10.9590072632, 14.4884395599, 16.7033481598, 15.4483718872, 16.405538559, 10.4169082642, 9.85353851318, 8.78508090973, 9.69004249573, 11.8268909454, 12.1352319717, 9.67828273773, 7.15593147278, 7.0633354187, 8.67515563965, 7.42263126373, 6.51552295685, 4.5212430954, 3.46540641785, 3.63695859909, 2.3000664711, 1.67119503021, 1.41410017014, 1.04615437984, 0.777058839798, 0.518319129944, 0.304268717766, 0.0772858858109, 0.00569366943091, 0.000153841625433, 2.71881326626e-05, 3.44335385307e-05],
        "min": [1.12098358944e-22, 2.32181035332e-21, 1.33470050856e-20, 2.6600503219e-20, 1.37858218156e-19, 1.80280059549e-19, 9.66858653906e-20, 1.53169434692e-19, 1.99695823832e-19, 1.11411289419e-19, 5.8009933374e-19, 9.41522719204e-19, 6.37634036343e-19, 1.36681907871e-18, 2.57864705131e-18, 1.5967454071e-18, 2.69640303575e-18, 5.79694418491e-18, 3.40089952857e-18, 6.10996215e-18, 9.6701144192e-18, 6.519621694e-18, 1.13000878783e-17, 1.19476611101e-17, 9.95672836555e-18, 1.36274382867e-17, 1.36488465481e-17, 1.86784959289e-17, 1.27465943319e-17, 1.59181346678e-17, 1.15914878917e-17, 1.61073853201e-17, 1.1989117748e-17, 1.0173765669e-17, 6.94406626428e-18, 5.18881547422e-18, 3.05673180277e-18, 1.33892179217e-18, 3.02108486786e-19, 3.22850208667e-20],
        "var": [0.0928354039788, 4.02199316025, 22.3498344421, 66.0677032471, 790.311706543, 225.205795288, 341.702941895, 685.858520508, 3316.39331055, 8788.87597656, 11785.4150391, 9265.66796875, 2928.84301758, 3463.98681641, 2689.35864258, 1197.64672852, 772.970031738, 1898.63342285, 1768.56140137, 1844.28149414, 2082.8762207, 1736.56628418, 348.756835938, 168.825454712, 135.644668579, 108.331375122, 84.5146179199, 106.11680603, 82.1561584473, 178.32572937, 250.611282349, 318.501068115, 166.887481689, 70.5282669067, 21.0339450836, 1.61122500896, 0.0189776606858, 1.58738403115e-05, 2.82611338775e-08, 1.45043810296e-09]
    },
    "gfcc": {
        "mean": [-4.40680408478, 86.0880279541, -131.129714966, 28.7842941284, -76.2743530273, 20.3358078003, -45.6260032654, 17.0332221985, -24.0420417786, 4.68006801605, -15.7882900238, -5.99869775772, -7.05857276917],
        "cov": [[8041.20849609, 819.059875488, 2455.33496094, 1492.67858887, 425.477172852, 296.38192749, -292.259094238, 271.215057373, -13.1673212051, 510.832183838, 65.6924438477, 123.183731079, -130.703598022], [819.059875488, 1216.81762695, 568.352111816, 385.798797607, 313.058959961, -70.311958313, 36.1247634888, -17.5628890991, 83.3956604004, 55.1154174805, 141.382614136, -42.5204963684, -2.21605038643], [2455.33496094, 568.352111816, 1939.16772461, 1050.39648438, 331.578308105, 176.390762329, -230.43107605, 32.7646484375, -61.6697425842, 265.017333984, 61.4973106384, 74.0052108765, -84.3304824829], [1492.67858887, 385.798797607, 1050.39648438, 823.542785645, 276.086151123, 98.7700653076, -151.169769287, 7.31219816208, 20.1844882965, 140.735473633, 40.1264648438, 18.8640899658, -14.285867691], [425.477172852, 313.058959961, 331.578308105, 276.086151123, 312.328338623, 113.528091431, -2.67142820358, 46.0370445251, 61.7490959167, 54.6471862793, 12.6734390259, 16.0263195038, 16.6372528076], [296.38192749, -70.311958313, 176.390762329, 98.7700653076, 113.528091431, 242.38331604, 74.1720657349, 53.0038528442, 11.0877904892, 39.9677505493, 4.27382326126, 25.1825351715, 6.38546228409], [-292.259094238, 36.1247634888, -230.43107605, -151.169769287, -2.67142820358, 74.1720657349, 223.538345337, 58.6914329529, 26.3976287842, -29.1199569702, 30.1817474365, -0.900478482246, 10.1200675964], [271.215057373, -17.5628890991, 32.7646484375, 7.31219816208, 46.0370445251, 53.0038528442, 58.6914329529, 117.44682312, 56.7488861084, 32.6383094788, 4.34323692322, 17.1466903687, 4.84181547165], [-13.1673212051, 83.3956604004, -61.6697425842, 20.1844882965, 61.7490959167, 11.0877904892, 26.3976287842, 56.7488861084, 140.727325439, 34.4758338928, 21.2994480133, -12.9096107483, 20.5052337646], [510.832183838, 55.1154174805, 265.017333984, 140.735473633, 54.6471862793, 39.9677505493, -29.1199569702, 32.6383094788, 34.4758338928, 124.994941711, 37.7214355469, 16.2190055847, -19.0071220398], [65.6924438477, 141.382614136, 61.4973106384, 40.1264648438, 12.6734390259, 4.27382326126, 30.1817474365, 4.34323692322, 21.2994480133, 37.7214355469, 101.150253296, 13.8460960388, 2.40811777115], [123.183731079, -42.5204963684, 74.0052108765, 18.8640899658, 16.0263195038, 25.1825351715, -0.900478482246, 17.1466903687, -12.9096107483, 16.2190055847, 13.8460960388, 78.568321228, 22.4919891357], [-130.703598022, -2.21605038643, -84.3304824829, -14.285867691, 16.6372528076, 6.38546228409, 10.1200675964, 4.84181547165, 20.5052337646, -19.0071220398, 2.40811777115, 22.4919891357, 74.5059814453]],
        "icov": [[0.000311078678351, -0.000423118821345, 0.000148007893586, -0.000506312644575, 0.000644290586933, -0.000486148084747, 0.000480680231703, -0.00108959106728, 0.000560810149182, -0.000797968299594, 0.000569165975321, -0.000380564451916, 0.000245462957537], [-0.000423118821345, 0.00349183310755, -0.00177493388765, 0.00152002146933, -0.00429899664596, 0.00388474809006, -0.00300064962357, 0.00331789092161, -0.00187096558511, 0.00244740280323, -0.00389584410004, 0.00293903728016, -0.00115899427328], [0.000148007893586, -0.00177493388765, 0.00358329946175, -0.00351027073339, 0.00202728831209, -0.00238408730365, 0.00219146953896, -0.00255688466132, 0.00295347301289, -0.00304216216318, 0.00172157573979, -0.00265924702398, 0.00236792606302], [-0.000506312644575, 0.00152002146933, -0.00351027073339, 0.00650577107444, -0.00376650039107, 0.00168208847754, -0.000519826367963, 0.00334305642173, -0.00269221700728, 0.00234139035456, -0.00249958690256, 0.00309453811496, -0.00253360252827], [0.000644290586933, -0.00429899664596, 0.00202728831209, -0.00376650039107, 0.0112931914628, -0.0065827909857, 0.00348308542743, -0.00464148074389, 0.00015550084936, -0.00261143082753, 0.00535737350583, -0.00409085070714, 0.00079852930503], [-0.000486148084747, 0.00388474809006, -0.00238408730365, 0.00168208847754, -0.0065827909857, 0.0110126174986, -0.00645983451977, 0.00314310751855, -0.00095791433705, 0.000872919801623, -0.00259312218986, 0.00247758696787, -0.00209173117764], [0.000480680231703, -0.00300064962357, 0.00219146953896, -0.000519826367963, 0.00348308542743, -0.00645983451977, 0.0115114226937, -0.00749580468982, 0.00236051739193, 0.000586900161579, -0.00111031380948, -0.00122482306324, 0.00173986470327], [-0.00108959106728, 0.00331789092161, -0.00255688466132, 0.00334305642173, -0.00464148074389, 0.00314310751855, -0.00749580468982, 0.0203368552029, -0.00894247926772, 0.00122662587091, -0.000315469689667, -0.000993908499368, -0.000517901382409], [0.000560810149182, -0.00187096558511, 0.00295347301289, -0.00269221700728, 0.00015550084936, -0.00095791433705, 0.00236051739193, -0.00894247926772, 0.0153940720484, -0.00665406137705, 0.000133212277433, 0.00289314752445, -0.00274913874455], [-0.000797968299594, 0.00244740280323, -0.00304216216318, 0.00234139035456, -0.00261143082753, 0.000872919801623, 0.000586900161579, 0.00122662587091, -0.00665406137705, 0.0192714519799, -0.00782120041549, 0.000340205122484, 0.00292517361231], [0.000569165975321, -0.00389584410004, 0.00172157573979, -0.00249958690256, 0.00535737350583, -0.00259312218986, -0.00111031380948, -0.000315469689667, 0.000133212277433, -0.00782120041549, 0.0183886084706, -0.00604609353468, 0.000748101912905], [-0.000380564451916, 0.00293903728016, -0.00265924702398, 0.00309453811496, -0.00409085070714, 0.00247758696787, -0.00122482306324, -0.000993908499368, 0.00289314752445, 0.000340205122484, -0.00604609353468, 0.020938411355, -0.00889959558845], [0.000245462957537, -0.00115899427328, 0.00236792606302, -0.00253360252827, 0.00079852930503, -0.00209173117764, 0.00173986470327, -0.000517901382409, -0.00274913874455, 0.00292517361231, 0.000748101912905, -0.00889959558845, 0.0199758242816]]
    },
    "melbands": {
        "dmean": [0.000924683874473, 0.000929904985242, 0.000878308725078, 0.000624571170192, 0.000252719357377, 0.000225257696002, 0.000266221846687, 0.000249765551416, 0.000214424784645, 0.000145262354636, 9.13064941415e-05, 6.30176509731e-05, 5.38247222721e-05, 3.33238422172e-05, 2.26077572734e-05, 2.60661436187e-05, 2.63828078459e-05, 2.44415386987e-05, 1.75233708433e-05, 1.71245173988e-05, 1.15061657198e-05, 1.0254371773e-05, 9.091209904e-06, 6.41837004878e-06, 4.56349243905e-06, 3.72039585272e-06, 3.57260933015e-06, 2.4808807666e-06, 2.1674625259e-06, 2.13571979657e-06, 2.29001261687e-06, 1.7157409502e-06, 1.3252761164e-06, 1.47739478962e-06, 1.68741303241e-06, 1.60534273164e-06, 1.71835472429e-06, 1.42266787861e-06, 1.37858262406e-06, 1.09003849502e-06],
        "dmean2": [0.00142719969153, 0.00157625577413, 0.00148669059854, 0.00102789420635, 0.000416847411543, 0.000367850414477, 0.000429232226452, 0.000383024133043, 0.000328296999214, 0.000226354124607, 0.000148449209519, 0.000101609250123, 8.56289916555e-05, 5.34621794941e-05, 3.56849595846e-05, 4.17569935962e-05, 4.13810521422e-05, 3.99260388804e-05, 2.79672876786e-05, 2.6533683922e-05, 1.76033263415e-05, 1.60090839927e-05, 1.46126858453e-05, 1.04763466879e-05, 7.45847682992e-06, 6.06860567132e-06, 5.75967624172e-06, 4.00728004024e-06, 3.52703568751e-06, 3.47645482179e-06, 3.64864013136e-06, 2.73755267699e-06, 1.99059059014e-06, 2.15481099985e-06, 2.47187995228e-06, 2.2988042474e-06, 2.46008789873e-06, 1.99310920834e-06, 1.97793769985e-06, 1.55697989612e-06],
        "dvar": [3.6172284581e-06, 5.07826098328e-06, 4.31339958595e-06, 2.2432075184e-06, 2.3749279876e-07, 2.0381048671e-07, 3.31090092232e-07, 2.47790495678e-07, 2.14146226085e-07, 9.99007454539e-08, 3.17182760057e-08, 1.82831509932e-08, 1.57626480757e-08, 4.94028729037e-09, 1.8668360191e-09, 2.68222311028e-09, 2.8225777271e-09, 2.63791988253e-09, 1.54275658915e-09, 2.17424678262e-09, 1.09355080546e-09, 6.5264771365e-10, 3.85691978355e-10, 1.32651722939e-10, 6.71807678931e-11, 3.60406635092e-11, 3.68422306551e-11, 3.02853055134e-11, 2.78143879456e-11, 1.85857249729e-11, 3.1605572326e-11, 1.42012096527e-11, 1.24762110365e-11, 2.12766575192e-11, 2.63737486711e-11, 3.35284092157e-11, 1.2061027177e-10, 3.96683692838e-11, 2.78254433383e-11, 1.7259532345e-11],
        "dvar2": [8.37350762595e-06, 1.36907119668e-05, 1.11630452011e-05, 5.62432887818e-06, 6.1687546804e-07, 5.33353386345e-07, 8.09257358014e-07, 5.71889927414e-07, 4.88472949201e-07, 2.18685187292e-07, 8.13608380668e-08, 4.69550229809e-08, 3.93067374205e-08, 1.26065051731e-08, 4.41369785165e-09, 6.27417851007e-09, 6.68378774549e-09, 6.68800970161e-09, 3.83437193108e-09, 4.93240914778e-09, 2.07859973678e-09, 1.41749567639e-09, 9.03824737275e-10, 3.37770200698e-10, 1.72747788296e-10, 9.20284404238e-11, 8.95550647528e-11, 7.50687706441e-11, 7.44075495662e-11, 4.82244036371e-11, 8.52314538391e-11, 3.6567391476e-11, 2.63169937231e-11, 4.5418530048e-11, 5.2320366789e-11, 6.73991140676e-11, 2.99098523726e-10, 7.2493643033e-11, 5.63434195133e-11, 3.33105383554e-11],
        "max": [0.0235671065748, 0.0339054688811, 0.0201191715896, 0.0171034093946, 0.00739759998396, 0.00931808166206, 0.0141498334706, 0.0132755925879, 0.00791556201875, 0.00797687564045, 0.00378513545729, 0.00358750484884, 0.0030100652948, 0.00182209920604, 0.00109561660793, 0.00134051276837, 0.00163747777697, 0.00116700655781, 0.00103845330887, 0.00109270832036, 0.00122563797049, 0.000772710656747, 0.000556928687729, 0.000294453639071, 0.000162090480444, 0.000122779572848, 0.000104372098576, 0.000207336212043, 0.000215659863898, 7.72730345489e-05, 0.00016246776795, 6.9067478762e-05, 0.000121038545331, 0.000143207595102, 0.000178603397217, 0.000203479969059, 0.000635055999737, 0.000309205264784, 0.000169132108567, 0.000163426011568],
        "mean": [0.00162591109984, 0.00155552709475, 0.001089781872, 0.000845297297928, 0.000442230841145, 0.000418371491833, 0.000522290240042, 0.000540622277185, 0.000440672738478, 0.00028553721495, 0.000168102138559, 0.000126626051497, 0.000104658101918, 5.96002610109e-05, 4.04685888498e-05, 4.50519619335e-05, 4.7786594223e-05, 4.15979338868e-05, 3.07010122924e-05, 2.93108660117e-05, 2.14354458876e-05, 1.94641415874e-05, 1.66980189533e-05, 1.19654332593e-05, 8.77511229191e-06, 7.32278795113e-06, 6.9669313234e-06, 4.77912499264e-06, 4.06104982176e-06, 3.98009979108e-06, 4.16781404056e-06, 3.14824478664e-06, 2.58164686784e-06, 2.94605638373e-06, 3.21240395351e-06, 3.09102233587e-06, 2.9358870961e-06, 2.56540965893e-06, 2.50954735748e-06, 1.94672657017e-06],
        "median": [0.000581391737796, 0.000941805192269, 0.000519874389283, 0.000366718741134, 0.000265522976406, 0.000208315716009, 0.000173797161551, 0.000160361261806, 0.000120867836813, 8.87728820089e-05, 7.49060345697e-05, 3.86590400012e-05, 3.12381162075e-05, 2.2830634407e-05, 1.98105844902e-05, 1.92583484022e-05, 2.03428444365e-05, 1.87775513041e-05, 1.25427195599e-05, 1.05709259515e-05, 7.29548946765e-06, 6.63338505547e-06, 7.34865534469e-06, 6.80804168951e-06, 5.40373730473e-06, 4.5986907935e-06, 4.0075024117e-06, 2.51027449849e-06, 1.98399538931e-06, 2.15444424612e-06, 2.03052741199e-06, 1.38469215472e-06, 8.82918698153e-07, 8.97101756436e-07, 8.33309854897e-07, 6.83845883032e-07, 5.71647319703e-07, 5.26257281308e-07, 4.87478473588e-07, 3.89908223042e-07],
        "min": [1.6332502226e-24, 5.56390577871e-24, 6.49537301408e-24, 1.20143168766e-23, 4.34411934882e-24, 3.74017651169e-24, 3.05987391108e-24, 1.06628336685e-24, 5.53761107259e-24, 5.66747927126e-24, 2.66359002977e-24, 5.67322138979e-24, 7.6204736528e-24, 6.78881546575e-24, 4.82616739889e-24, 6.30298127778e-24, 1.0297539399e-23, 5.03032657331e-24, 5.626717645e-24, 1.22528928691e-23, 1.09920336073e-23, 5.88076122763e-24, 9.71986760215e-24, 1.03414970952e-23, 9.93700314403e-24, 5.60396650206e-24, 8.7228996681e-24, 9.23393953972e-24, 6.36677133159e-24, 1.25475324172e-23, 9.87130601898e-24, 6.7640215675e-24, 6.97599243704e-24, 8.4873962889e-24, 7.10336665196e-24, 5.28020142048e-24, 1.00943816835e-23, 7.29876749818e-24, 9.39465338308e-24, 7.5146574287e-24],
        "var": [6.86119619786e-06, 5.39238180863e-06, 3.90563627661e-06, 2.39369433075e-06, 3.56130755108e-07, 3.63404524251e-07, 8.1551763742e-07, 9.26662949041e-07, 7.43201610476e-07, 3.28126361637e-07, 7.24431714616e-08, 5.8077617382e-08, 4.96778937986e-08, 1.31006911985e-08, 4.2810635037e-09, 5.94013016553e-09, 6.63844401672e-09, 5.02971442273e-09, 2.81390510892e-09, 3.72117625602e-09, 3.79883635659e-09, 2.36290831346e-09, 8.94727847367e-10, 2.48682935355e-10, 1.19187437697e-10, 7.37822303254e-11, 7.68970997989e-11, 5.0872271673e-11, 3.93766061424e-11, 3.18541373834e-11, 4.21524377903e-11, 2.69439227873e-11, 3.68896996283e-11, 6.51681139607e-11, 7.85406531478e-11, 1.01902680738e-10, 1.59657800869e-10, 9.49513176418e-11, 7.2854659805e-11, 4.51921416955e-11]
    },
    "mfcc": {
        "mean": [-638.390258789, 110.484138489, -1.24203014374, 8.53045463562, -3.66291880608, -2.62336921692, -4.45907926559, 0.293111503124, 0.727505862713, 3.21196174622, 2.39521026611, -1.28812980652, -4.27230644226],
        "cov": [[6240.65380859, 325.065307617, 1749.34204102, 1117.7220459, 819.333557129, 325.450317383, 169.911560059, -64.3314208984, 38.1326179504, 206.412902832, 154.685958862, 212.529052734, 178.709060669], [325.065307617, 943.429748535, 186.870010376, 306.677581787, 171.450622559, 52.2578544617, 67.0824279785, 4.08704566956, -21.0626544952, 22.145072937, 90.3464431763, 52.5270271301, 51.4363746643], [1749.34204102, 186.870010376, 1507.20605469, 804.471984863, 583.62097168, 266.98135376, 121.176979065, -107.8567276, -77.5738067627, 46.3934211731, 35.6171989441, 87.8504638672, 119.855911255], [1117.7220459, 306.677581787, 804.471984863, 717.04309082, 448.079437256, 157.3671875, 32.3848648071, -74.7321624756, -25.3323516846, 33.267490387, 19.2803401947, 70.1338424683, 83.5504455566], [819.333557129, 171.450622559, 583.62097168, 448.079437256, 510.755737305, 188.614273071, 26.5401115417, -31.4390239716, 29.4548282623, 56.4214668274, 12.4296989441, 57.6442718506, 60.4954719543], [325.450317383, 52.2578544617, 266.98135376, 157.3671875, 188.614273071, 201.33190918, 87.7104263306, 23.5727462769, 17.5179233551, 42.8433647156, 18.25598526, 20.533449173, 15.1050815582], [169.911560059, 67.0824279785, 121.176979065, 32.3848648071, 26.5401115417, 87.7104263306, 162.126342773, 61.5138015747, 3.37056565285, 19.5805244446, 30.0421352386, 7.59254026413, 8.67280483246], [-64.3314208984, 4.08704566956, -107.8567276, -74.7321624756, -31.4390239716, 23.5727462769, 61.5138015747, 132.134277344, 61.8752250671, 20.2740459442, 7.64185810089, 3.35777163506, 0.904314339161], [38.1326179504, -21.0626544952, -77.5738067627, -25.3323516846, 29.4548282623, 17.5179233551, 3.37056565285, 61.8752250671, 116.871109009, 44.4178352356, 0.782777428627, 7.8315782547, 4.39256668091], [206.412902832, 22.145072937, 46.3934211731, 33.267490387, 56.4214668274, 42.8433647156, 19.5805244446, 20.2740459442, 44.4178352356, 110.353393555, 53.4220085144, 19.365568161, 9.99638652802], [154.685958862, 90.3464431763, 35.6171989441, 19.2803401947, 12.4296989441, 18.25598526, 30.0421352386, 7.64185810089, 0.782777428627, 53.4220085144, 103.26411438, 37.2638282776, 11.2957086563], [212.529052734, 52.5270271301, 87.8504638672, 70.1338424683, 57.6442718506, 20.533449173, 7.59254026413, 3.35777163506, 7.8315782547, 19.365568161, 37.2638282776, 79.4430770874, 39.0238838196], [178.709060669, 51.4363746643, 119.855911255, 83.5504455566, 60.4954719543, 15.1050815582, 8.67280483246, 0.904314339161, 4.39256668091, 9.99638652802, 11.2957086563, 39.0238838196, 80.550743103]],
