{
"lowlevel": {
    "average_loudness": 0.723194599152,
    "barkbands_crest": {
        "dmean": 2.63483071327,
        "dmean2": 4.25862979889,
        "dvar": 6.35709381104,
        "dvar2": 15.3139734268,
        "max": 26.6180076599,
        "mean": 10.6895399094,
        "median": 9.72001934052,
        "min": 2.37455606461,
        "var": 20.9470443726
    },
    "barkbands_flatness_db": {
        "dmean": 0.0202338751405,
        "dmean2": 0.0314077809453,
        "dvar": 0.000417970382841,
        "dvar2": 0.000893938355148,
        "max": 0.476880133152,
        "mean": 0.167799666524,
        "median": 0.1521499753,
        "min": 0.0302655305713,
        "var": 0.00378250470385
    },
    "barkbands_kurtosis": {
        "dmean": 3.49024224281,
        "dmean2": 5.37476491928,
        "dvar": 74.0411148071,
        "dvar2": 171.707015991,
        "max": 308.874176025,
        "mean": 5.48735427856,
        "median": 1.54300713539,
        "min": -1.9531775713,
        "var": 170.687713623
    },
    "barkbands_skewness": {
        "dmean": 0.560672581196,
        "dmean2": 0.833501696587,
        "dvar": 0.417690902948,
        "dvar2": 0.875932335854,
        "max": 14.8233766556,
        "mean": 1.38721621037,
        "median": 1.1718275547,
        "min": -4.63275384903,
        "var": 2.22393202782
    },
    "barkbands_spread": {
        "dmean": 4.94809770584,
        "dmean2": 7.42081451416,
        "dvar": 45.6304855347,
        "dvar2": 86.7284393311,
        "max": 97.6680679321,
        "mean": 19.9575157166,
        "median": 17.1813087463,
        "min": 0.25025087595,
        "var": 233.26991272
    },
    "dissonance": {
        "dmean": 0.022512562573,
        "dmean2": 0.0380519293249,
        "dvar": 0.000496550113894,
        "dvar2": 0.00136380153708,
        "max": 0.500000178814,
        "mean": 0.458675384521,
        "median": 0.469217956066,
        "min": 0.235284388065,
        "var": 0.00130133749917
    },
    "dynamic_complexity": 3.93976330757,
    "erbbands_crest": {
        "dmean": 3.04556775093,
        "dmean2": 4.98072004318,
        "dvar": 7.82357645035,
        "dvar2": 19.6406040192,
        "max": 34.3079490662,
        "mean": 10.6131029129,
        "median": 9.33672332764,
        "min": 2.37468743324,
        "var": 28.9287014008
    },
    "erbbands_flatness_db": {
        "dmean": 0.0178850218654,
        "dmean2": 0.0260489378124,
        "dvar": 0.000270034623099,
        "dvar2": 0.000524241942912,
        "max": 0.442846000195,
        "mean": 0.185843348503,
        "median": 0.180570870638,
        "min": 0.0417115353048,
        "var": 0.00369592476636
    },
    "erbbands_kurtosis": {
        "dmean": 1.39180958271,
        "dmean2": 2.17356610298,
        "dvar": 6.18477010727,
        "dvar2": 13.8922147751,
        "max": 77.0523605347,
        "mean": 1.96921932697,
        "median": 0.732398271561,
        "min": -1.86070013046,
        "var": 29.1263179779
    },
    "erbbands_skewness": {
        "dmean": 0.401886671782,
        "dmean2": 0.609022498131,
        "dvar": 0.146242171526,
        "dvar2": 0.312718123198,
        "max": 6.17563962936,
        "mean": 0.498778492212,
        "median": 0.470530867577,
        "min": -4.22687149048,
        "var": 0.814308524132
    },
    "erbbands_spread": {
        "dmean": 7.07641649246,
        "dmean2": 10.5638589859,
        "dvar": 83.984161377,
        "dvar2": 171.66192627,
        "max": 171.664581299,
        "mean": 30.7850074768,
        "median": 23.9143028259,
        "min": 0.761881530285,
        "var": 463.019744873
    },
    "hfc": {
        "dmean": 5.78799200058,
        "dmean2": 8.52942180634,
        "dvar": 62.1460952759,
        "dvar2": 135.05329895,
        "max": 115.218788147,
        "mean": 21.7548522949,
        "median": 15.7336397171,
        "min": 1.1209266094e-16,
        "var": 395.692901611
    },
    "melbands_crest": {
        "dmean": 3.14606070518,
        "dmean2": 5.10690355301,
        "dvar": 8.52250003815,
        "dvar2": 21.4109077454,
        "max": 34.3089256287,
        "mean": 14.307056427,
        "median": 13.2265138626,
        "min": 2.02900457382,
        "var": 31.5030040741
    },
    "melbands_flatness_db": {
        "dmean": 0.0241610370576,
        "dmean2": 0.0361908636987,
        "dvar": 0.000637223536614,
        "dvar2": 0.00125749548897,
        "max": 0.595258295536,
        "mean": 0.218273133039,
        "median": 0.201076179743,
        "min": 0.00603541685268,
        "var": 0.00595198525116
    },
    "melbands_kurtosis": {
        "dmean": 6.9690155983,
        "dmean2": 10.7306747437,
        "dvar": 216.512466431,
        "dvar2": 477.069396973,
        "max": 303.209442139,
        "mean": 12.4667634964,
        "median": 5.51713562012,
        "min": -1.73337888718,
        "var": 442.976257324
    },
    "melbands_skewness": {
        "dmean": 0.717064917088,
        "dmean2": 1.07426404953,
        "dvar": 0.716265678406,
        "dvar2": 1.47608375549,
        "max": 15.3326053619,
        "mean": 2.22416877747,
        "median": 1.91900658607,
        "min": -4.74900150299,
        "var": 3.55953884125
    },
    "melbands_spread": {
        "dmean": 6.04434108734,
        "dmean2": 9.11873531342,
        "dvar": 69.1426696777,
        "dvar2": 135.472824097,
        "max": 172.723876953,
        "mean": 22.416885376,
        "median": 19.0333824158,
        "min": 0.409696400166,
        "var": 296.962768555
    },
    "pitch_salience": {
        "dmean": 0.0703215301037,
        "dmean2": 0.113636896014,
        "dvar": 0.00449099298567,
        "dvar2": 0.0107696941122,
        "max": 0.997615873814,
        "mean": 0.538702011108,
        "median": 0.547141194344,
        "min": 0.0775752291083,
        "var": 0.0160938184708
    },
    "silence_rate_20dB": {
        "dmean": 0,
        "dmean2": 0,
        "dvar": 0,
        "dvar2": 0,
        "max": 1,
        "mean": 1,
        "median": 1,
        "min": 1,
        "var": 0
    },
    "silence_rate_30dB": {
        "dmean": 0.0278140977025,
        "dmean2": 0.0556348077953,
        "dvar": 0.0270417723805,
        "dvar2": 0.0634737089276,
        "max": 1,
        "mean": 0.975041568279,
        "median": 1,
        "min": 0,
        "var": 0.0243368633091
    },
    "silence_rate_60dB": {
        "dmean": 0.0109354574233,
        "dmean2": 0.0218735132366,
        "dvar": 0.0108179859817,
        "dvar2": 0.0247189383954,
        "max": 1,
        "mean": 0.0806988328695,
        "median": 0,
        "min": 0,
        "var": 0.0742018148303
    },
    "spectral_centroid": {
        "dmean": 208.161773682,
        "dmean2": 313.754943848,
        "dvar": 68593.4140625,
        "dvar2": 133604.40625,
        "max": 11397.3662109,
        "mean": 1270.79748535,
        "median": 1328.68505859,
        "min": 121.294448853,
        "var": 410069.53125
    },
    "spectral_complexity": {
        "dmean": 2.7997148037,
        "dmean2": 4.44365215302,
        "dvar": 8.21462345123,
        "dvar2": 19.0737762451,
        "max": 52,
        "mean": 17.8519134521,
        "median": 17,
        "min": 0,
        "var": 107.979988098
    },
    "spectral_decrease": {
        "dmean": 2.60652699424e-09,
        "dmean2": 4.08507316862e-09,
        "dvar": 2.76855018372e-17,
        "dvar2": 6.60968528453e-17,
        "max": 1.29408601803e-18,
        "mean": -7.03506852773e-09,
        "median": -5.3868549621e-09,
        "min": -6.66203874289e-08,
        "var": 5.04153580072e-17
    },
    "spectral_energy": {
        "dmean": 0.0102314194664,
        "dmean2": 0.0159998331219,
        "dvar": 0.000407178711612,
        "dvar2": 0.000972991343588,
        "max": 0.255805104971,
        "mean": 0.0285251941532,
        "median": 0.0219313651323,
        "min": 1.03720370878e-20,
        "var": 0.000781334703788
    },
    "spectral_energyband_high": {
        "dmean": 0.000218937289901,
        "dmean2": 0.000293199700536,
        "dvar": 2.48135762604e-07,
        "dvar2": 4.50230373872e-07,
        "max": 0.00886599440128,
        "mean": 0.000547265924979,
        "median": 0.000231476966292,
        "min": 7.34909826913e-21,
        "var": 8.91165655048e-07
    },
    "spectral_energyband_low": {
        "dmean": 0.00644995411858,
        "dmean2": 0.0101755931973,
        "dvar": 0.000356957578333,
        "dvar2": 0.000839801388793,
        "max": 0.23178075254,
        "mean": 0.0109169455245,
        "median": 0.00436747586355,
        "min": 7.7914428457e-23,
        "var": 0.000454227469163
    },
    "spectral_energyband_middle_high": {
        "dmean": 0.002855155617,
        "dmean2": 0.00428294297308,
        "dvar": 2.08219371416e-05,
        "dvar2": 4.7178229579e-05,
        "max": 0.0864785835147,
        "mean": 0.00914066284895,
        "median": 0.00340884178877,
        "min": 1.34448151541e-21,
        "var": 0.000128414758365
    },
    "spectral_energyband_middle_low": {
        "dmean": 0.00410947343335,
        "dmean2": 0.00657175481319,
        "dvar": 5.37774067197e-05,
        "dvar2": 0.00013529745047,
        "max": 0.121297083795,
        "mean": 0.00892166886479,
        "median": 0.00611890107393,
        "min": 3.23349793647e-22,
        "var": 8.68633796927e-05
    },
    "spectral_entropy": {
        "dmean": 0.153472810984,
        "dmean2": 0.223775357008,
        "dvar": 0.0257238298655,
        "dvar2": 0.0493294596672,
        "max": 9.80351543427,
        "mean": 7.42061328888,
        "median": 7.54716968536,
        "min": 4.65751695633,
        "var": 0.295918405056
    },
    "spectral_flux": {
        "dmean": 0.0262695774436,
        "dmean2": 0.0421626009047,
        "dvar": 0.00127907621209,
        "dvar2": 0.00287795509212,
        "max": 0.432993352413,
        "mean": 0.0936243757606,
        "median": 0.0808788388968,
        "min": 6.45183836911e-11,
        "var": 0.00404420588166
    },
    "spectral_kurtosis": {
        "dmean": 2.04996824265,
        "dmean2": 3.40988349915,
        "dvar": 7.51096105576,
        "dvar2": 20.9365215302,
        "max": 65.52318573,
        "mean": 6.37694787979,
        "median": 5.16837692261,
        "min": -1.25920844078,
        "var": 29.3434791565
    },
    "spectral_rms": {
        "dmean": 0.000792735896539,
        "dmean2": 0.00121207418852,
        "dvar": 1.30523869757e-06,
        "dvar2": 2.90977573059e-06,
        "max": 0.0157976560295,
        "mean": 0.00474036391824,
        "median": 0.00462562963367,
        "min": 3.18104700567e-12,
        "var": 5.35840263183e-06
    },
    "spectral_rolloff": {
        "dmean": 405.392791748,
        "dmean2": 662.927490234,
        "dvar": 734188.6875,
        "dvar2": 1471481,
        "max": 18820.0195312,
        "mean": 1405.83288574,
        "median": 1141.25976562,
        "min": 64.599609375,
        "var": 2136075.75
    },
    "spectral_skewness": {
        "dmean": 0.238270878792,
        "dmean2": 0.375274837017,
        "dvar": 0.0622511431575,
        "dvar2": 0.148959308863,
        "max": 6.87845277786,
        "mean": 1.82679522038,
        "median": 1.72745752335,
        "min": -0.117929585278,
        "var": 0.474985599518
    },
    "spectral_spread": {
        "dmean": 537829.6875,
        "dmean2": 735626.5625,
        "dvar": 725542567936,
        "dvar2": 1.16137341747e+12,
        "max": 40073968,
        "mean": 4174156,
        "median": 3584933.5,
        "min": 955006.25,
        "var": 3.79551272141e+12
    },
    "spectral_strongpeak": {
        "dmean": 0.638637304306,
        "dmean2": 1.08295249939,
        "dvar": 1.11265492439,
        "dvar2": 2.88935542107,
        "max": 15.3032970428,
        "mean": 1.07960689068,
        "median": 0.440771639347,
        "min": 0,
        "var": 2.23710560799
    },
    "zerocrossingrate": {
        "dmean": 0.00897600594908,
        "dmean2": 0.0100328680128,
        "dvar": 0.000171072839294,
        "dvar2": 0.000167333666468,
        "max": 0.662109375,
        "mean": 0.0557742640376,
        "median": 0.05126953125,
        "min": 0.00341796875,
        "var": 0.00146456225775
    },
    "barkbands": {
        "dmean": [0.000203196657822, 0.00515051512048, 0.00165857851971, 0.000768541241996, 0.00155697774608, 0.000743236334529, 0.000682324985974, 0.000764730270021, 0.00105009705294, 0.00162550713867, 0.000905998109374, 0.000678881537169, 0.000537284300663, 0.000968535430729, 0.000610775721725, 0.000193058367586, 0.00016091731959, 0.000248522992479, 0.000182360061444, 9.62609119597e-05, 3.4662836697e-05, 5.11097932758e-05, 5.99099876126e-05, 4.29281535617e-05, 3.87167019653e-05, 1.46715137816e-05, 7.19012094308e-09],
        "dmean2": [0.000352665869286, 0.00818822532892, 0.00294451462105, 0.00129530916456, 0.00261412351392, 0.00118607887998, 0.00111220916733, 0.00122443214059, 0.0016689139884, 0.00256532570347, 0.0013996521011, 0.00107335171197, 0.000866164860781, 0.0015177129535, 0.000970468041487, 0.000311025098199, 0.00026167879696, 0.000403922545956, 0.000285357382381, 0.000150954729179, 5.56762897759e-05, 7.5435382314e-05, 8.67709968588e-05, 6.08338523307e-05, 5.1816823543e-05, 2.08842175198e-05, 1.32781261541e-08],
        "dvar": [3.41546353866e-07, 0.000241084620939, 3.50080590579e-05, 3.71648479813e-06, 2.38957418333e-05, 2.90689922622e-06, 4.52631275039e-06, 4.4877047003e-06, 7.27741007722e-06, 1.28392994156e-05, 4.39430641563e-06, 2.47513844442e-06, 1.81649988917e-06, 5.92892456552e-06, 3.30665011461e-06, 4.51672917734e-07, 1.58997707445e-07, 2.40917358951e-07, 1.38641894409e-07, 4.60584068662e-08, 9.7204715388e-09, 2.21950937629e-08, 3.19646886737e-08, 1.20980043761e-08, 1.11420952464e-08, 1.5470748016e-09, 1.25370786479e-14],
        "dvar2": [9.58023406383e-07, 0.00055890053045, 9.89841719274e-05, 9.81478842732e-06, 6.49649082334e-05, 6.53370670989e-06, 1.14458616736e-05, 1.11098443085e-05, 1.73539083335e-05, 3.04569002765e-05, 9.70394103206e-06, 6.20086802883e-06, 4.46281956101e-06, 1.24040043374e-05, 6.80460652802e-06, 9.84428879747e-07, 3.72860228026e-07, 5.85461805258e-07, 3.04603616996e-07, 1.04513695476e-07, 2.19171880644e-08, 4.59260078856e-08, 6.71073294711e-08, 2.47243150397e-08, 1.82849930752e-08, 3.21474025178e-09, 3.54124078694e-14],
        "max": [0.015827011317, 0.175675094128, 0.0839395448565, 0.0380014926195, 0.0981268808246, 0.0327240787446, 0.0388402231038, 0.0381018966436, 0.0589429475367, 0.065733358264, 0.0364450030029, 0.0253073591739, 0.0299104042351, 0.0670704394579, 0.0529619716108, 0.0314236246049, 0.0156078459695, 0.0107038887218, 0.00684874504805, 0.00515641085804, 0.00334548437968, 0.00425275880843, 0.00451193377376, 0.00237256125547, 0.00286706280895, 0.000731893698685, 4.45014075012e-06],
        "mean": [0.000243725982727, 0.008037221618, 0.00207608286291, 0.00109168677591, 0.0023016165942, 0.00119777873624, 0.000891128380317, 0.00105611910112, 0.00152303650975, 0.00251739285886, 0.00133889436256, 0.00114029296674, 0.000785610347521, 0.00137466413435, 0.000929257541429, 0.00029721140163, 0.00028102248325, 0.000425737729529, 0.000361000624252, 0.000187880097656, 6.68223801767e-05, 9.84369471553e-05, 0.000116618823085, 8.83735483512e-05, 7.66947123338e-05, 2.08216224564e-05, 4.70281369402e-09],
        "median": [3.24986540363e-05, 0.00245092925616, 0.000648330547847, 0.000530020217411, 0.00117802864406, 0.000526169606019, 0.000261750654317, 0.000259760796325, 0.000360016943887, 0.000423899065936, 0.000186896577361, 0.000156792957569, 0.000135563866934, 0.000237251471845, 0.000198822541279, 0.000127665989567, 0.000130581087433, 0.000188698293641, 0.000141254276969, 7.69586476963e-05, 3.3246797102e-05, 3.5706514609e-05, 3.56485288648e-05, 2.71702792816e-05, 1.45691074067e-05, 4.34785897596e-06, 4.70196104274e-10],
        "min": [2.20165970773e-24, 1.58033199341e-23, 3.24972807906e-24, 3.56702824831e-24, 5.28552962369e-23, 4.60576660394e-23, 4.2342374145e-23, 1.3551828869e-23, 3.16079714653e-23, 5.67180262346e-23, 4.01672132612e-23, 5.99041155239e-23, 7.11963438378e-23, 8.7868786541e-23, 7.1722154341e-23, 9.2144482067e-23, 5.02571323585e-23, 1.51949832206e-22, 2.9669909353e-22, 2.47843940549e-22, 3.46261974649e-22, 3.79588962379e-22, 5.0573127949e-22, 7.62258294065e-22, 1.20737188601e-21, 1.48834328928e-21, 2.21369122335e-21],
        "var": [3.69919519017e-07, 0.000309817784, 2.57026076724e-05, 3.8453435991e-06, 2.02143473871e-05, 5.39719485459e-06, 5.12860651725e-06, 6.9901398092e-06, 1.20015811262e-05, 2.54893202509e-05, 9.18093064683e-06, 6.07016818321e-06, 3.23654694512e-06, 1.24273401525e-05, 8.13157475932e-06, 6.62633283355e-07, 2.96719690596e-07, 4.40852574002e-07, 3.31176579493e-07, 1.05240346215e-07, 1.82533881343e-08, 4.90818372612e-08, 7.50679376438e-08, 3.75204258773e-08, 4.03709066177e-08, 2.7477997655e-09, 7.47871731855e-15]
    },
    "erbbands": {
        "dmean": [0.13246640563, 1.30935871601, 2.3088593483, 1.98518288136, 4.89133071899, 4.62696409225, 5.28026914597, 6.06653785706, 9.15080738068, 11.5500202179, 17.6060180664, 20.5692634583, 44.1384773254, 45.4865684509, 27.7776584625, 27.0215702057, 22.0898361206, 39.4589729309, 40.8823356628, 16.4199066162, 9.27230167389, 7.94584083557, 11.8060436249, 11.5044384003, 7.09970998764, 4.4051527977, 1.72850263119, 1.34424304962, 1.70749008656, 1.98949098587, 1.65844738483, 1.06292366982, 0.658574342728, 0.438704133034, 0.295207709074, 0.109081350267, 0.0170612744987, 0.000519346387591, 2.05825563171e-05, 1.25070646391e-05],
        "dmean2": [0.206829696894, 2.16022610664, 4.08385705948, 3.36139392853, 8.35235309601, 7.72727918625, 8.26516342163, 9.91365814209, 14.6982135773, 18.8781986237, 28.027557373, 32.3258857727, 70.1163787842, 70.1302871704, 42.27394104, 43.0247344971, 34.4473342896, 62.4683418274, 62.8764190674, 25.8823318481, 14.8309326172, 12.6393156052, 19.0491485596, 17.7284622192, 11.085310936, 6.87224388123, 2.76126503944, 2.11229753494, 2.53313946724, 2.94370770454, 2.37778568268, 1.51653587818, 0.940376937389, 0.599462270737, 0.402593255043, 0.150388717651, 0.0253642573953, 0.000813741877209, 2.94920246233e-05, 1.91531962628e-05],
        "dvar": [0.141590282321, 17.1735057831, 69.0589752197, 26.8583145142, 307.759307861, 150.386444092, 203.042266846, 217.847839355, 710.844909668, 1563.45019531, 2452.60424805, 2746.13574219, 10108.1894531, 11406.3076172, 3632.42602539, 4450.87451172, 3081.67260742, 8169.22949219, 12730.4960938, 1688.52282715, 1287.15307617, 360.808258057, 671.463562012, 570.741577148, 208.493240356, 100.440383911, 20.1261253357, 17.9705047607, 27.435344696, 30.6972064972, 25.6971244812, 8.13670158386, 2.89943790436, 1.46338951588, 0.697180151939, 0.0759933441877, 0.0032546040602, 5.20648927704e-06, 3.52771034606e-09, 5.36589217504e-10],
        "dvar2": [0.302366703749, 43.4685821533, 194.174133301, 71.4084320068, 822.600341797, 414.806884766, 416.730438232, 532.738708496, 1774.51977539, 4046.76074219, 6124.77441406, 6671.04492188, 24887.7265625, 26436.0527344, 8274.54101562, 11431.0732422, 7603.00292969, 18888.3164062, 26807.765625, 3967.06005859, 2830.48730469, 848.197692871, 1631.09020996, 1240.25366211, 457.008758545, 225.887542725, 46.0345726013, 40.1229133606, 55.6588058472, 68.4861221313, 52.252872467, 16.3016681671, 6.26929998398, 2.58209180832, 1.22781407833, 0.146755382419, 0.007443995215, 1.28714709717e-05, 8.01391752958e-09, 1.26083221641e-09],
        "max": [4.73488998413, 46.3382606506, 114.9008255, 109.780456543, 357.108428955, 208.782836914, 427.349639893, 316.408538818, 564.716308594, 941.022216797, 1114.49487305, 1061.96936035, 1989.1072998, 2460.69848633, 1102.4642334, 1097.40185547, 1219.2409668, 2033.6965332, 3636.33569336, 743.749816895, 2017.97241211, 532.924621582, 614.53729248, 500.429138184, 338.355804443, 327.980377197, 177.897827148, 133.727645874, 174.946502686, 120.302635193, 155.441009521, 68.0663604736, 37.6372566223, 35.4107131958, 18.3781890869, 6.73044347763, 0.77428394556, 0.0624726600945, 0.00133895117324, 0.000285255489871],
        "mean": [0.206820562482, 1.85089492798, 3.00303196907, 3.02351546288, 5.953166008, 7.16170501709, 9.58635234833, 9.07756328583, 12.7418756485, 15.2963199615, 26.1436653137, 31.6679191589, 72.30027771, 72.2491912842, 48.5581932068, 46.9277458191, 37.3456764221, 60.7682723999, 69.8909606934, 27.9066772461, 16.721244812, 15.3350391388, 21.3427238464, 22.7402267456, 15.2480802536, 9.07751655579, 3.63158607483, 2.58160853386, 3.25199890137, 3.8258459568, 3.18613791466, 2.13995289803, 1.32289946079, 0.859221160412, 0.54458129406, 0.176797136664, 0.020577320829, 0.000574906589463, 4.01173529099e-05, 3.67925422324e-05],
        "median": [0.0489179082215, 0.574620127678, 1.0327899456, 1.71459460258, 2.72079181671, 3.4486041069, 3.83144521713, 3.76228189468, 4.46420192719, 4.5842165947, 7.07668399811, 9.0149230957, 14.9055309296, 11.1712503433, 10.0308589935, 7.87604618073, 7.95435714722, 13.8477706909, 12.4943466187, 10.0770254135, 8.1711063385, 8.08573246002, 10.3500061035, 9.29323101044, 6.18750095367, 3.83071732521, 1.92951786518, 1.15454983711, 1.18291723728, 1.36690235138, 0.945362091064, 0.600032091141, 0.410403072834, 0.171411514282, 0.100168541074, 0.038812123239, 0.00371660711244, 9.84913858701e-05, 2.09015433938e-05, 2.9093316698e-05],
        "min": [2.96327836655e-22, 5.0962019967e-21, 3.20423394843e-21, 1.00404135948e-20, 3.35674707024e-20, 2.56015062073e-19, 2.46690255027e-19, 4.31531388474e-19, 6.51367043969e-19, 7.4949361888e-19, 3.0742061483e-19, 7.97335936052e-19, 1.20212255907e-18, 8.40058160329e-19, 2.6621232236e-18, 2.37625084467e-18, 3.41706449889e-18, 5.10194496629e-18, 3.12989468717e-18, 3.96433008729e-18, 6.16878048181e-18, 3.41073305169e-18, 7.49420920044e-18, 1.21282338106e-17, 1.40115726914e-17, 1.30404419727e-17, 1.51434767154e-17, 1.22814946617e-17, 1.24694747646e-17, 1.36195544283e-17, 1.39841913587e-17, 1.56387064394e-17, 1.20324620121e-17, 1.20038953297e-17, 8.24842586552e-18, 4.51582505016e-18, 2.84381696066e-18, 1.17257845932e-18, 2.97467719206e-19, 2.95601748378e-20],
        "var": [0.213577792048, 18.1865158081, 51.5069274902, 26.1643943787, 240.560119629, 148.430725098, 579.475708008, 312.36807251, 868.501098633, 1685.57751465, 4316.17724609, 4754.48388672, 21520.1542969, 23138.6464844, 8883.01171875, 10198.7353516, 6389.21142578, 16329.578125, 46057.1757812, 3311.36328125, 1957.83215332, 788.682922363, 1140.8059082, 1311.3326416, 565.310302734, 236.728622437, 45.4020080566, 30.883769989, 58.6273231506, 69.0408935547, 60.1705513, 24.772857666, 8.14506721497, 4.8328871727, 2.24736046791, 0.182757526636, 0.0039062241558, 4.82831592308e-06, 5.23783327822e-09, 1.16743825718e-09]
    },
    "gfcc": {
        "mean": [-25.9151573181, 102.138320923, -128.363327026, 27.9046115875, -62.9919471741, 23.1019763947, -40.1120185852, 15.9128742218, -24.9291858673, -3.08221626282, -13.1227836609, -4.90391635895, -7.58252620697],
        "cov": [[8496.58105469, -1034.15014648, -328.594268799, 933.177368164, 513.26940918, 977.403076172, 336.664794922, 646.47088623, -113.231338501, 462.567718506, 266.924957275, 302.432556152, -229.47543335], [-1034.15014648, 1474.77954102, 532.014465332, 122.227760315, 296.740325928, -209.584518433, 150.583786011, -62.9309120178, 84.8838195801, -141.47555542, 153.958557129, -90.2914428711, 70.828742981], [-328.594268799, 532.014465332, 1678.83215332, 635.814331055, 41.8350219727, 52.6096687317, -98.7496261597, 26.9436302185, 33.8360862732, 12.7513837814, -60.3370857239, 102.50630188, -13.7371902466], [933.177368164, 122.227760315, 635.814331055, 722.959777832, 229.034332275, 142.175704956, 43.0020141602, 130.589096069, 76.4137649536, 82.4820861816, 57.6712493896, 85.4025268555, -26.2936840057], [513.26940918, 296.740325928, 41.8350219727, 229.034332275, 450.029022217, 134.693344116, 157.331588745, 118.641693115, 52.7734527588, 69.3602905273, 79.5261611938, 20.5789070129, 12.114405632], [977.403076172, -209.584518433, 52.6096687317, 142.175704956, 134.693344116, 370.430053711, 144.803909302, 126.682853699, 4.26214647293, 91.8531417847, 47.6621170044, 41.8654403687, -30.0097732544], [336.664794922, 150.583786011, -98.7496261597, 43.0020141602, 157.331588745, 144.803909302, 260.875, 98.934677124, 33.2131652832, 33.2611846924, 96.7230072021, 0.0945900157094, -1.57634055614], [646.47088623, -62.9309120178, 26.9436302185, 130.589096069, 118.641693115, 126.682853699, 98.934677124, 219.641357422, 59.4410934448, 74.282699585, 39.1141815186, 48.5595169067, -11.9665184021], [-113.231338501, 84.8838195801, 33.8360862732, 76.4137649536, 52.7734527588, 4.26214647293, 33.2131652832, 59.4410934448, 156.584884644, 30.5028400421, 19.0467453003, -6.26783657074, 12.1408691406], [462.567718506, -141.47555542, 12.7513837814, 82.4820861816, 69.3602905273, 91.8531417847, 33.2611846924, 74.282699585, 30.5028400421, 146.795333862, 29.4272289276, 38.1307106018, -18.690038681], [266.924957275, 153.958557129, -60.3370857239, 57.6712493896, 79.5261611938, 47.6621170044, 96.7230072021, 39.1141815186, 19.0467453003, 29.4272289276, 173.803100586, 17.6783943176, -8.07433128357], [302.432556152, -90.2914428711, 102.50630188, 85.4025268555, 20.5789070129, 41.8654403687, 0.0945900157094, 48.5595169067, -6.26783657074, 38.1307106018, 17.6783943176, 113.088989258, 12.2548570633], [-229.47543335, 70.828742981, -13.7371902466, -26.2936840057, 12.114405632, -30.0097732544, -1.57634055614, -11.9665184021, 12.1408691406, -18.690038681, -8.07433128357, 12.2548570633, 94.8494262695]],
        "icov": [[0.000305529800244, -0.000186990000657, 0.000382989936043, -0.000531711033545, 0.000205266696867, -0.000630080001429, 0.000308380112983, -0.000507030519657, 0.000589460949413, -0.000377888092771, 8.59707361087e-05, -0.000396528281271, 0.000411116197938], [-0.000186990000657, 0.00310152582824, -0.00196210900322, 0.00139141466934, -0.00254270085134, 0.0027777350042, -0.00196307781152, 0.000890481518582, -0.00112940417603, 0.00243088440038, -0.0029104615096, 0.00247433804907, -0.00132745830342], [0.000382989936043, -0.00196210900322, 0.00251266499981, -0.00231696339324, 0.00187762954738, -0.00223638117313, 0.00156598293688, -0.00069841981167, 0.00111980736256, -0.00145091395825, 0.00223714788444, -0.002257586224, 0.00115682266187], [-0.000531711033545, 0.00139141466934, -0.00231696339324, 0.00437999190763, -0.00239778170362, 0.00156571948901, -0.000551954377443, 0.000561402936, -0.00208389642648, 0.00134507811163, -0.00191024318337, 0.000704108155333, -0.000305320427287], [0.000205266696867, -0.00254270085134, 0.00187762954738, -0.00239778170362, 0.00572298327461, -0.00246118125506, 0.000137699069455, -0.00132307503372, 0.00111997092608, -0.00274188164622, 0.00214433670044, -0.0013817823492, 5.75191279495e-06], [-0.000630080001429, 0.0027777350042, -0.00223638117313, 0.00156571948901, -0.00246118125506, 0.00775835709646, -0.00421452708542, 0.000439204421127, -0.00067147356458, 0.000841929984745, -0.00188070745207, 0.0022116326727, -0.000928109278902], [0.000308380112983, -0.00196307781152, 0.00156598293688, -0.000551954377443, 0.000137699069455, -0.00421452708542, 0.00896875932813, -0.00267649092712, 0.000592888100073, -0.000510186247993, -0.00122023327276, -0.000377876247512, 0.000514672196005], [-0.000507030519657, 0.000890481518582, -0.00069841981167, 0.000561402936, -0.00132307503372, 0.000439204421127, -0.00267649092712, 0.00912561360747, -0.00347140268423, -0.000293837947538, 9.28392837523e-05, -0.00169050728437, 0.000190367849427], [0.000589460949413, -0.00112940417603, 0.00111980736256, -0.00208389642648, 0.00111997092608, -0.00067147356458, 0.000592888100073, -0.00347140268423, 0.0096300393343, -0.00287044350989, 0.000577283499297, 0.0011159646092, -0.000822928966954], [-0.000377888092771, 0.00243088440038, -0.00145091395825, 0.00134507811163, -0.00274188164622, 0.000841929984745, -0.000510186247993, -0.000293837947538, -0.00287044350989, 0.0120517499745, -0.00282199424691, -0.000275558326393, 0.000541843706742], [8.59707361087e-05, -0.0029104615096, 0.00223714788444, -0.00191024318337, 0.00214433670044, -0.00188070745207, -0.00122023327276, 9.28392837523e-05, 0.000577283499297, -0.00282199424691, 0.0106985876337, -0.00378473754972, 0.00206813332625], [-0.000396528281271, 0.00247433804907, -0.002257586224, 0.000704108155333, -0.0013817823492, 0.0022116326727, -0.000377876247512, -0.00169050728437, 0.0011159646092, -0.000275558326393, -0.00378473754972, 0.0148093998432, -0.00471491925418], [0.000411116197938, -0.00132745830342, 0.00115682266187, -0.000305320427287, 5.75191279495e-06, -0.000928109278902, 0.000514672196005, 0.000190367849427, -0.000822928966954, 0.000541843706742, 0.00206813332625, -0.00471491925418, 0.0133473835886]]
    },
    "melbands": {
        "dmean": [0.00128177669831, 0.00140955869574, 0.000416169379605, 0.000360011792509, 0.000177512964001, 0.000139015814057, 0.000137755079777, 0.000130123633426, 0.000147188970004, 0.000142961420352, 0.000227226046263, 0.000196425331524, 0.000109868320578, 7.78263201937e-05, 6.30012873444e-05, 5.45603725186e-05, 8.54531972436e-05, 7.81012931839e-05, 3.70302295778e-05, 1.61791176652e-05, 1.17460331239e-05, 9.58373402682e-06, 9.85334554571e-06, 1.39579551615e-05, 1.06490751932e-05, 6.60383693685e-06, 4.72508963867e-06, 3.02912098959e-06, 1.35749235142e-06, 8.03177101716e-07, 8.77190132087e-07, 9.63672164289e-07, 1.2002250287e-06, 1.19576748148e-06, 1.09274685656e-06, 8.20103423393e-07, 6.61347428377e-07, 5.30590227754e-07, 3.90793331917e-07, 3.99376745008e-07],
        "dmean2": [0.00202175509185, 0.00241901236586, 0.000705642742105, 0.000616149103735, 0.000278293155134, 0.000225377836614, 0.000222856717301, 0.000210435551708, 0.000235048151808, 0.000223729075515, 0.000360536447261, 0.0003039999865, 0.000167228383361, 0.00012167575187, 9.91344786598e-05, 8.72289019753e-05, 0.000135625276016, 0.000122965677292, 5.90752060816e-05, 2.62936355284e-05, 1.92639399756e-05, 1.57771810336e-05, 1.60377167049e-05, 2.27816071856e-05, 1.67770649568e-05, 1.06585002868e-05, 7.45084616938e-06, 4.85014425067e-06, 2.21336767936e-06, 1.29051375097e-06, 1.40358258705e-06, 1.47395599015e-06, 1.80004144568e-06, 1.8227375449e-06, 1.63536026321e-06, 1.20009167404e-06, 9.8272971627e-07, 7.88364388882e-07, 5.71360374124e-07, 5.54253119844e-07],
        "dvar": [1.3641069927e-05, 2.26840875257e-05, 1.12746340619e-06, 1.579617674e-06, 1.75039062356e-07, 1.0416137286e-07, 1.59129285748e-07, 1.73393743808e-07, 1.67398866324e-07, 1.38531262905e-07, 2.62222755509e-07, 2.12710673964e-07, 5.92112421316e-08, 3.22953823684e-08, 2.63345487639e-08, 1.91264852845e-08, 4.20853538685e-08, 5.07932291782e-08, 1.02694768245e-08, 2.45062969917e-09, 1.97944327596e-09, 7.00899560613e-10, 5.00329611075e-10, 8.73640937371e-10, 5.55510970557e-10, 1.78964343345e-10, 1.30888633265e-10, 5.19472208305e-11, 1.22500551369e-11, 5.15025652334e-12, 7.93068215266e-12, 9.24678389413e-12, 1.22533381011e-11, 1.19911615359e-11, 1.23649094436e-11, 5.75759492166e-12, 3.12343748955e-12, 2.18120313478e-12, 1.02295971173e-12, 1.37858789055e-12],
        "dvar2": [2.84232719423e-05, 6.13843658357e-05, 2.9570053357e-06, 4.35604260929e-06, 3.64474715298e-07, 2.4988031555e-07, 3.94169944684e-07, 4.39702120048e-07, 4.13507990515e-07, 3.30990332031e-07, 6.42198074274e-07, 4.8936743724e-07, 1.3017888989e-07, 7.85292257888e-08, 6.26922442848e-08, 4.75396753075e-08, 9.51764747015e-08, 1.08121255948e-07, 2.33526336046e-08, 5.70511771159e-09, 4.55607862548e-09, 1.76652881212e-09, 1.27261401417e-09, 2.12808970446e-09, 1.23925181228e-09, 4.23037382902e-10, 3.1402824785e-10, 1.26150034863e-10, 2.95479890555e-11, 1.1564117719e-11, 1.86595999069e-11, 1.89397490746e-11, 2.63588838256e-11, 2.8167027738e-11, 2.7090394164e-11, 1.17277862768e-11, 6.94469785498e-12, 5.11495013011e-12, 2.18032319629e-12, 2.54921062558e-12],
        "max": [0.040147818625, 0.0624335296452, 0.0157987624407, 0.0250304341316, 0.0118743302301, 0.00647818669677, 0.00829092878848, 0.00978136528283, 0.00980239547789, 0.00820729602128, 0.0104058338329, 0.0107387406752, 0.00428080419078, 0.00359791680239, 0.00285608321428, 0.00383286876604, 0.00491414172575, 0.00734933651984, 0.00232859700918, 0.00132349669002, 0.00225586909801, 0.000752511201426, 0.000497796630953, 0.00079325994011, 0.000491678423714, 0.00036692476715, 0.000269752985332, 0.000201160903089, 0.000142364180647, 9.58906093729e-05, 9.52756236074e-05, 0.000103791178844, 0.000119120930322, 9.48506276472e-05, 0.00010677890532, 5.68425057281e-05, 4.45093683084e-05, 3.60660924343e-05, 2.4107608624e-05, 3.43243809766e-05],
        "mean": [0.00208907271735, 0.00194716942497, 0.00060650636442, 0.000487973476993, 0.000328870286467, 0.000213292805711, 0.000193390136701, 0.000172181171365, 0.000215027146623, 0.000213145860471, 0.000367644475773, 0.000298436789308, 0.000173257736606, 0.000130494416226, 9.97677198029e-05, 7.92855717009e-05, 0.000118520831165, 0.000123394071124, 5.55106307729e-05, 2.4050446882e-05, 1.86865108844e-05, 1.57983140525e-05, 1.61346706591e-05, 2.18354252866e-05, 1.83262091014e-05, 1.22187020679e-05, 8.64877983986e-06, 5.41098961548e-06, 2.44302191277e-06, 1.45442731991e-06, 1.50954417677e-06, 1.71782289726e-06, 2.13717999031e-06, 2.1456930881e-06, 1.93254891201e-06, 1.52139091369e-06, 1.2245373e-06, 9.88071860775e-07, 7.17958357654e-07, 7.33063018288e-07],
        "median": [0.000580009014811, 0.00069370190613, 0.000348406261764, 0.000245102331974, 0.000144356396049, 9.01469902601e-05, 6.67846179567e-05, 4.89444646519e-05, 5.5778240494e-05, 5.24832357769e-05, 6.96793722454e-05, 3.89841225115e-05, 2.93861976388e-05, 1.92017196241e-05, 1.35449481604e-05, 1.55340349011e-05, 2.34766866924e-05, 1.76173289219e-05, 1.32805271278e-05, 9.54899041972e-06, 8.20638069854e-06, 7.33185106583e-06, 7.43440341466e-06, 8.98857615539e-06, 6.71194629831e-06, 4.85861528432e-06, 3.26145504914e-06, 2.14450756175e-06, 1.15893681141e-06, 6.97348980339e-07, 5.777910701e-07, 5.90330159866e-07, 7.07694255198e-07, 7.14432758286e-07, 5.56972736376e-07, 3.84057727842e-07, 3.36562777647e-07, 2.96873849948e-07, 1.84339825182e-07, 1.16425020735e-07],
        "min": [4.21824396962e-24, 3.3391937804e-24, 2.16272173066e-24, 9.01281630596e-24, 1.05619939734e-23, 1.03410024794e-23, 9.42981685793e-24, 8.81921721805e-24, 2.3775044949e-24, 4.73878961515e-24, 6.44123822332e-24, 2.88074963191e-24, 6.94558342686e-24, 6.09170460584e-24, 6.27502168071e-24, 8.59417965648e-24, 8.42408546809e-24, 3.82830331885e-24, 6.03594515604e-24, 4.89699527526e-24, 6.51825786894e-24, 2.654052307e-24, 3.61914749946e-24, 8.31021339642e-24, 1.0042729438e-23, 9.93630500213e-24, 9.36804194931e-24, 8.73272571954e-24, 8.84205710784e-24, 8.35392496804e-24, 5.93237639666e-24, 5.56536635468e-24, 1.02476108146e-23, 6.75315343081e-24, 7.22436844849e-24, 9.64950909801e-24, 9.13854495704e-24, 7.27004428376e-24, 9.25173229744e-24, 9.56050428866e-24],
        "var": [2.0751314878e-05, 1.93047253561e-05, 1.06272955236e-06, 1.19659057418e-06, 5.00899432154e-07, 1.59951753176e-07, 1.99234293063e-07, 2.00608710088e-07, 2.99711388152e-07, 2.4317304792e-07, 5.67397535178e-07, 4.15774763951e-07, 1.32745469728e-07, 7.86615075299e-08, 5.71151161921e-08, 3.22733022529e-08, 7.70029231489e-08, 1.61346136451e-07, 2.19879190411e-08, 3.4745710753e-09, 2.84840262488e-09, 1.11213405152e-09, 7.95949139931e-10, 1.38179534481e-09, 1.05236763748e-09, 3.79755615842e-10, 2.49809339881e-10, 9.95874910314e-11, 2.40757049713e-11, 8.8786174593e-12, 1.23744061872e-11, 1.81917762104e-11, 2.53798908972e-11, 2.33962398066e-11, 2.44701637425e-11, 1.47400720102e-11, 8.19217697151e-12, 5.11827429397e-12, 2.73078478233e-12, 4.12012047743e-12]
    },
    "mfcc": {
        "mean": [-663.579406738, 127.629859924, -5.02990245819, 10.4468545914, 3.04580354691, 0.96258866787, 0.848174989223, 10.2822408676, -4.58582735062, 7.02107191086, 0.436708450317, -7.5572385788, -4.76925945282],
        "cov": [[8063.82861328, -1426.2923584, -601.986999512, 187.935653687, 407.594512939, 482.723510742, 837.956726074, 478.176055908, 79.3285980225, 417.45880127, 350.680328369, 170.688537598, 373.5440979], [-1426.2923584, 1343.96484375, 193.265579224, 237.261306763, 109.242507935, -46.3555297852, 51.2472305298, 13.0526428223, -26.7153835297, -13.6900930405, -38.732875824, 24.8323516846, 15.3751602173], [-601.986999512, 193.265579224, 1445.99963379, 483.013397217, 256.302886963, 133.70703125, -92.7018203735, 45.6748046875, 14.2956485748, -59.9579353333, -15.7691965103, 48.5400924683, 16.1323394775], [187.935653687, 237.261306763, 483.013397217, 640.185791016, 301.384613037, 105.605628967, 36.871761322, 86.8591918945, 46.6760559082, 30.4456043243, 24.2671775818, 83.6368331909, 96.0056381226], [407.594512939, 109.242507935, 256.302886963, 301.384613037, 354.989532471, 121.886268616, 93.163772583, 86.2017288208, 82.326499939, 44.7711334229, 39.7472419739, 53.0893630981, 82.978729248], [482.723510742, -46.3555297852, 133.70703125, 105.605628967, 121.886268616, 237.469940186, 131.243499756, 70.7610855103, 43.8020439148, 56.9722709656, 54.7134933472, 21.2564544678, 32.9802322388], [837.956726074, 51.2472305298, -92.7018203735, 36.871761322, 93.163772583, 131.243499756, 336.966430664, 116.547019958, 33.3734931946, 74.0562515259, 66.5188064575, 62.6554718018, 105.364517212], [478.176055908, 13.0526428223, 45.6748046875, 86.8591918945, 86.2017288208, 70.7610855103, 116.547019958, 184.124267578, 41.2377471924, 67.8681716919, 40.4644126892, 47.9186248779, 66.4995803833], [79.3285980225, -26.7153835297, 14.2956485748, 46.6760559082, 82.326499939, 43.8020439148, 33.3734931946, 41.2377471924, 200.142456055, 20.59349823, 31.7271747589, 34.5601081848, 24.8363990784], [417.45880127, -13.6900930405, -59.9579353333, 30.4456043243, 44.7711334229, 56.9722709656, 74.0562515259, 67.8681716919, 20.59349823, 178.8387146, 52.5731773376, 23.448759079, 33.3527870178], [350.680328369, -38.732875824, -15.7691965103, 24.2671775818, 39.7472419739, 54.7134933472, 66.5188064575, 40.4644126892, 31.7271747589, 52.5731773376, 112.739746094, 49.6351089478, 36.175617218], [170.688537598, 24.8323516846, 48.5400924683, 83.6368331909, 53.0893630981, 21.2564544678, 62.6554718018, 47.9186248779, 34.5601081848, 23.448759079, 49.6351089478, 142.262420654, 86.8186798096], [373.5440979, 15.3751602173, 16.1323394775, 96.0056381226, 82.978729248, 32.9802322388, 105.364517212, 66.4995803833, 24.8363990784, 33.3527870178, 36.175617218, 86.8186798096, 139.699050903]],
