{
"lowlevel": {
    "average_loudness": 0.851878941059,
    "barkbands_crest": {
        "dmean": 2.55649805069,
        "dmean2": 4.17589664459,
        "dvar": 5.03545379639,
        "dvar2": 12.8190803528,
        "max": 26.7281227112,
        "mean": 10.3340444565,
        "median": 9.64341926575,
        "min": 2.41105031967,
        "var": 16.9523696899
    },
    "barkbands_flatness_db": {
        "dmean": 0.0183489285409,
        "dmean2": 0.028837243095,
        "dvar": 0.000330403447151,
        "dvar2": 0.000767889549024,
        "max": 0.395412951708,
        "mean": 0.146434500813,
        "median": 0.132284715772,
        "min": 0.0327740646899,
        "var": 0.00377617147751
    },
    "barkbands_kurtosis": {
        "dmean": 1.86283016205,
        "dmean2": 2.99674320221,
        "dvar": 18.0774555206,
        "dvar2": 44.3707618713,
        "max": 175.985305786,
        "mean": 2.76358890533,
        "median": 0.757570505142,
        "min": -1.93628883362,
        "var": 35.6080589294
    },
    "barkbands_skewness": {
        "dmean": 0.423968613148,
        "dmean2": 0.675151586533,
        "dvar": 0.236779287457,
        "dvar2": 0.537169277668,
        "max": 13.2295970917,
        "mean": 1.05366027355,
        "median": 0.847106695175,
        "min": -3.23371648788,
        "var": 1.09440290928
    },
    "barkbands_spread": {
        "dmean": 4.85569238663,
        "dmean2": 7.4748749733,
        "dvar": 48.9938430786,
        "dvar2": 90.0001373291,
        "max": 123.462112427,
        "mean": 23.1337413788,
        "median": 21.5966510773,
        "min": 1.11756300926,
        "var": 242.745758057
    },
    "dissonance": {
        "dmean": 0.0234074294567,
        "dmean2": 0.039761107415,
        "dvar": 0.000493988045491,
        "dvar2": 0.00137406971771,
        "max": 0.5,
        "mean": 0.459277838469,
        "median": 0.467293858528,
        "min": 0.27047675848,
        "var": 0.00110386114102
    },
    "dynamic_complexity": 3.68534302711,
    "erbbands_crest": {
        "dmean": 2.77217197418,
        "dmean2": 4.51290750504,
        "dvar": 5.85938262939,
        "dvar2": 14.6320810318,
        "max": 31.2516536713,
        "mean": 10.1088924408,
        "median": 9.44433307648,
        "min": 1.93016672134,
        "var": 16.8593730927
    },
    "erbbands_flatness_db": {
        "dmean": 0.0166388899088,
        "dmean2": 0.0255740936846,
        "dvar": 0.000228283854085,
        "dvar2": 0.000509419187438,
        "max": 0.352183312178,
        "mean": 0.172963932157,
        "median": 0.166189938784,
        "min": 0.0236219055951,
        "var": 0.00221247551963
    },
    "erbbands_kurtosis": {
        "dmean": 1.1508140564,
        "dmean2": 1.83596253395,
        "dvar": 2.1426589489,
        "dvar2": 5.14156103134,
        "max": 23.5154323578,
        "mean": 1.79264187813,
        "median": 1.2331943512,
        "min": -1.79986655712,
        "var": 6.09320116043
    },
    "erbbands_skewness": {
        "dmean": 0.370695650578,
        "dmean2": 0.574503958225,
        "dvar": 0.109434500337,
        "dvar2": 0.246376410127,
        "max": 3.63829874992,
        "mean": 0.686683654785,
        "median": 0.669552564621,
        "min": -3.31270217896,
        "var": 0.532329499722
    },
    "erbbands_spread": {
        "dmean": 5.71293973923,
        "dmean2": 8.89911556244,
        "dvar": 61.9327087402,
        "dvar2": 138.628265381,
        "max": 148.764572144,
        "mean": 26.626750946,
        "median": 22.977098465,
        "min": 4.49875354767,
        "var": 238.95954895
    },
    "hfc": {
        "dmean": 7.70180368423,
        "dmean2": 11.7011213303,
        "dvar": 168.589584351,
        "dvar2": 340.731933594,
        "max": 306.329803467,
        "mean": 29.3962154388,
        "median": 22.9777259827,
        "min": 1.15118950842e-16,
        "var": 775.452148438
    },
    "melbands_crest": {
        "dmean": 3.43930792809,
        "dmean2": 5.54124355316,
        "dvar": 10.4120769501,
        "dvar2": 24.6157646179,
        "max": 39.7674331665,
        "mean": 14.9945020676,
        "median": 13.5185365677,
        "min": 2.65900850296,
        "var": 43.4419555664
    },
    "melbands_flatness_db": {
        "dmean": 0.0213508419693,
        "dmean2": 0.0331025123596,
        "dvar": 0.000469753547804,
        "dvar2": 0.00105811911635,
        "max": 0.500017821789,
        "mean": 0.192891985178,
        "median": 0.171915978193,
        "min": 0.00641259830445,
        "var": 0.00671796454117
    },
    "melbands_kurtosis": {
        "dmean": 3.73271155357,
        "dmean2": 6.09644556046,
        "dvar": 71.1075286865,
        "dvar2": 177.389175415,
        "max": 322.489685059,
        "mean": 6.45401477814,
        "median": 3.11229658127,
        "min": -1.82037949562,
        "var": 119.683387756
    },
    "melbands_skewness": {
        "dmean": 0.56263667345,
        "dmean2": 0.897690057755,
        "dvar": 0.42383903265,
        "dvar2": 1.03425133228,
        "max": 17.4166965485,
        "mean": 1.68247580528,
        "median": 1.46941947937,
        "min": -1.33540344238,
        "var": 1.68573796749
    },
    "melbands_spread": {
        "dmean": 6.12626266479,
        "dmean2": 9.82518863678,
        "dvar": 82.4347000122,
        "dvar2": 178.39402771,
        "max": 228.006866455,
        "mean": 27.4120121002,
        "median": 26.3319530487,
        "min": 1.00900864601,
        "var": 322.889770508
    },
    "pitch_salience": {
        "dmean": 0.0637963488698,
        "dmean2": 0.102987967432,
        "dvar": 0.00342295505106,
        "dvar2": 0.00850764196366,
        "max": 0.87865447998,
        "mean": 0.535040259361,
        "median": 0.534559011459,
        "min": 0.0154042178765,
        "var": 0.0140782268718
    },
    "silence_rate_20dB": {
        "dmean": 0,
        "dmean2": 0,
        "dvar": 0,
        "dvar2": 0,
        "max": 1,
        "mean": 1,
        "median": 1,
        "min": 1,
        "var": 0
    },
    "silence_rate_30dB": {
        "dmean": 0.00277847936377,
        "dmean2": 0.00555766094476,
        "dvar": 0.00277069956064,
        "dvar2": 0.00805274862796,
        "max": 1,
        "mean": 0.998484671116,
        "median": 1,
        "min": 0,
        "var": 0.00151305645704
    },
    "silence_rate_60dB": {
        "dmean": 0.0101035619155,
        "dmean2": 0.0202096756548,
        "dvar": 0.0100012086332,
        "dvar2": 0.0225819367915,
        "max": 1,
        "mean": 0.0488698072731,
        "median": 0,
        "min": 0,
        "var": 0.046478331089
    },
    "spectral_centroid": {
        "dmean": 179.718185425,
        "dmean2": 280.22543335,
        "dvar": 61931.703125,
        "dvar2": 121562.617188,
        "max": 10967.9277344,
        "mean": 1359.34875488,
        "median": 1415.53430176,
        "min": 195.968383789,
        "var": 390816.4375
    },
    "spectral_complexity": {
        "dmean": 2.99444293976,
        "dmean2": 4.81899690628,
        "dvar": 9.26983165741,
        "dvar2": 21.5137577057,
        "max": 59,
        "mean": 21.0228557587,
        "median": 21,
        "min": 0,
        "var": 131.565093994
    },
    "spectral_decrease": {
        "dmean": 2.18376339234e-09,
        "dmean2": 3.53020945809e-09,
        "dvar": 8.86451908473e-18,
        "dvar2": 2.31072904117e-17,
        "max": 6.34086012838e-29,
        "mean": -7.47671879964e-09,
        "median": -6.58479759608e-09,
        "min": -3.72561252959e-08,
        "var": 2.89359788934e-17
    },
    "spectral_energy": {
        "dmean": 0.00870793871582,
        "dmean2": 0.0140545303002,
        "dvar": 0.000137423747219,
        "dvar2": 0.000357125885785,
        "max": 0.15311062336,
        "mean": 0.0308852251619,
        "median": 0.0275007691234,
        "min": 1.05503429775e-20,
        "var": 0.000484579853946
    },
    "spectral_energyband_high": {
        "dmean": 0.000451986066764,
        "dmean2": 0.000654393807054,
        "dvar": 1.28068438698e-06,
        "dvar2": 2.32645561482e-06,
        "max": 0.0291429255158,
        "mean": 0.00118722161278,
        "median": 0.000501416856423,
        "min": 7.45773519478e-21,
        "var": 3.73725242753e-06
    },
    "spectral_energyband_low": {
        "dmean": 0.00516805518419,
        "dmean2": 0.00859979167581,
        "dvar": 8.9319437393e-05,
        "dvar2": 0.000239910499658,
        "max": 0.0961082801223,
        "mean": 0.010829443112,
        "median": 0.00753568764776,
        "min": 1.29105013614e-22,
        "var": 0.000156365451403
    },
    "spectral_energyband_middle_high": {
        "dmean": 0.00323403580114,
        "dmean2": 0.00512108393013,
        "dvar": 2.57025931205e-05,
        "dvar2": 6.33111558273e-05,
        "max": 0.105858288705,
        "mean": 0.010955568403,
        "median": 0.00694128265604,
        "min": 1.25701837376e-21,
        "var": 0.000150665699039
    },
    "spectral_energyband_middle_low": {
        "dmean": 0.00339474412613,
        "dmean2": 0.00543003110215,
        "dvar": 2.30161458603e-05,
        "dvar2": 5.66047528991e-05,
        "max": 0.0710039287806,
        "mean": 0.00831483397633,
        "median": 0.00609484827146,
        "min": 2.99523468006e-22,
        "var": 5.44320973859e-05
    },
    "spectral_entropy": {
        "dmean": 0.13400387764,
        "dmean2": 0.200909674168,
        "dvar": 0.0219840928912,
        "dvar2": 0.0425579808652,
        "max": 9.81697463989,
        "mean": 7.57135248184,
        "median": 7.68570280075,
        "min": 5.8122882843,
        "var": 0.258106589317
    },
    "spectral_flux": {
        "dmean": 0.0204074047506,
        "dmean2": 0.0330359712243,
        "dvar": 0.000507455202751,
        "dvar2": 0.00124863267411,
        "max": 0.30385529995,
        "mean": 0.0859086439013,
        "median": 0.082472294569,
        "min": 6.89183640712e-11,
        "var": 0.00210328889079
    },
    "spectral_kurtosis": {
        "dmean": 1.67969787121,
        "dmean2": 2.78484559059,
        "dvar": 9.4347743988,
        "dvar2": 26.4766597748,
        "max": 74.8026046753,
        "mean": 5.94935131073,
        "median": 4.24444627762,
        "min": -1.65311014652,
        "var": 43.1698265076
    },
    "spectral_rms": {
        "dmean": 0.000705908285454,
        "dmean2": 0.00112086243462,
        "dvar": 5.95477104071e-07,
        "dvar2": 1.48528033606e-06,
        "max": 0.0122219566256,
        "mean": 0.00509091280401,
        "median": 0.00517977029085,
        "min": 3.20827327378e-12,
        "var": 4.21448794441e-06
    },
    "spectral_rolloff": {
        "dmean": 391.59161377,
        "dmean2": 659.26574707,
        "dvar": 1027898.625,
        "dvar2": 1936635.5,
        "max": 19272.2167969,
        "mean": 1601.09655762,
        "median": 1442.72460938,
        "min": 21.533203125,
        "var": 2586500.75
    },
    "spectral_skewness": {
        "dmean": 0.198595747352,
        "dmean2": 0.317015975714,
        "dvar": 0.0602665431798,
        "dvar2": 0.146017432213,
        "max": 6.71079349518,
        "mean": 1.89201939106,
        "median": 1.72724103928,
        "min": -0.247679725289,
        "var": 0.512883484364
    },
    "spectral_spread": {
        "dmean": 535269.6875,
        "dmean2": 766704.0625,
        "dvar": 788616642560,
        "dvar2": 1.26944044646e+12,
        "max": 41115332,
        "mean": 4824352.5,
        "median": 4652563,
        "min": 876420.0625,
        "var": 4.32047967437e+12
    },
    "spectral_strongpeak": {
        "dmean": 0.825123071671,
        "dmean2": 1.42200350761,
        "dvar": 1.81565833092,
        "dvar2": 4.57347249985,
        "max": 13.4016628265,
        "mean": 1.44321703911,
        "median": 0.429675668478,
        "min": 0,
        "var": 3.83318901062
    },
    "zerocrossingrate": {
        "dmean": 0.00963217671961,
        "dmean2": 0.0110988542438,
        "dvar": 0.000262948247837,
        "dvar2": 0.000257295090705,
        "max": 0.66259765625,
        "mean": 0.0654351115227,
        "median": 0.06201171875,
        "min": 0.00244140625,
        "var": 0.00182372471318
    },
    "barkbands": {
        "dmean": [0.00062804738991, 0.00433728890494, 0.000983315752819, 0.000550239463337, 0.000906764296815, 0.000843676098157, 0.000764523807447, 0.00061316601932, 0.00124789704569, 0.00134283129591, 0.000809557910543, 0.00120381591842, 0.000451681757113, 0.000761669245549, 0.000548391370103, 0.000324159744196, 0.000241799934884, 0.000175657260115, 0.000118236086564, 9.23903862713e-05, 8.52343364386e-05, 6.52521484881e-05, 7.9280580394e-05, 9.34636045713e-05, 0.000151501779328, 5.77055398026e-05, 1.05183922017e-07],
        "dmean2": [0.000998761388473, 0.00717129837722, 0.00173257070128, 0.000920116028283, 0.00150591717102, 0.00136669189669, 0.00125083106104, 0.000982206547633, 0.00198899279349, 0.00215080333874, 0.00131506216712, 0.00187703361735, 0.000738530536182, 0.00123180134688, 0.000898438272998, 0.000529276090674, 0.000396883609938, 0.000288263952825, 0.000196534805582, 0.000151057392941, 0.000141152879223, 0.000106088373286, 0.000123030011309, 0.000138379153213, 0.000212792205275, 8.79848375916e-05, 1.87431623999e-07],
        "dvar": [1.1509058595e-06, 6.65035258862e-05, 6.82039308231e-06, 1.52474706283e-06, 3.14381486533e-06, 2.97071665045e-06, 3.22676373798e-06, 2.44480816036e-06, 5.52063556825e-06, 7.54636903366e-06, 6.42469967715e-06, 1.16196515592e-05, 7.97153177245e-07, 2.29321790357e-06, 1.4989070678e-06, 3.80494867613e-07, 2.96938310385e-07, 1.0426344943e-07, 4.81165116639e-08, 3.29283125211e-08, 2.79952416804e-08, 2.31979981891e-08, 2.29838512666e-08, 8.45488870027e-08, 4.16355078414e-07, 3.77863607071e-08, 1.2131369043e-12],
        "dvar2": [2.7526618851e-06, 0.000173681066372, 2.01861512323e-05, 3.87171394323e-06, 8.44344594952e-06, 7.53973745304e-06, 8.03975126473e-06, 5.70254451304e-06, 1.33401863422e-05, 1.86417200894e-05, 1.57946979016e-05, 2.65970065811e-05, 1.88467947737e-06, 5.42124234926e-06, 3.73116222363e-06, 9.49884906731e-07, 7.25142513147e-07, 2.67472529458e-07, 1.25971624243e-07, 8.34693238971e-08, 7.2838155063e-08, 5.80679540008e-08, 5.32158210831e-08, 1.73864634689e-07, 7.28187615096e-07, 7.7326291148e-08, 3.40124586481e-12],
        "max": [0.0136762941256, 0.0863171741366, 0.031311199069, 0.0198906715959, 0.0338014438748, 0.0326498709619, 0.0335423126817, 0.0387269258499, 0.0451096370816, 0.0514802411199, 0.0604337006807, 0.0940809845924, 0.0171478185803, 0.0245821494609, 0.0264054648578, 0.0149442497641, 0.010439584963, 0.00587175181136, 0.0046540456824, 0.00488200830296, 0.00275816186331, 0.00260647502728, 0.00272080628201, 0.00917157810181, 0.0212194360793, 0.0062044095248, 4.77232642879e-05],
        "mean": [0.0012045649346, 0.00820982269943, 0.00119324459229, 0.000652587914374, 0.0014159042621, 0.00133735488635, 0.00120486412197, 0.000953476002906, 0.0023871762678, 0.00253207562491, 0.0014382279478, 0.00228413217701, 0.000755004293751, 0.00140735181049, 0.000973592977971, 0.000591265386902, 0.000441750220489, 0.00035739899613, 0.000244313472649, 0.000209394216654, 0.000196659966605, 0.000144453311805, 0.000192135266843, 0.000206302458537, 0.000273485959042, 7.85909433034e-05, 6.76743852068e-08],
        "median": [0.000470966129797, 0.00490214116871, 0.000434210989624, 0.000268802948995, 0.000734026718419, 0.000637955323327, 0.000408648338635, 0.000343173916917, 0.000862400745973, 0.000766329409089, 0.00023675848206, 0.000478791713249, 0.000372985581635, 0.000510540208779, 0.000333591626259, 0.000291625678074, 0.000198215682758, 0.000183357886272, 0.000134458969114, 9.64836290223e-05, 6.99294323567e-05, 5.00238202221e-05, 8.83700049599e-05, 8.11819409137e-05, 7.47664525989e-05, 1.48112467286e-05, 6.1332466883e-10],
        "min": [6.95041519991e-24, 4.44637094716e-23, 1.3301919312e-23, 1.8764019041e-23, 3.13356345927e-23, 1.99041581296e-23, 3.27755045377e-23, 3.34275738065e-23, 6.89053592404e-23, 3.24279482001e-23, 4.21651644313e-23, 5.4550406861e-23, 3.89136249303e-23, 8.4751744669e-23, 8.42088316613e-23, 1.14799115761e-22, 1.69012843098e-22, 1.89024149049e-22, 1.89019832402e-22, 2.73695429906e-22, 3.24326163634e-22, 3.45159891788e-22, 5.72783143769e-22, 6.8963497658e-22, 1.07190510678e-21, 1.57028687845e-21, 2.00722706363e-21],
        "var": [2.70726832241e-06, 0.000109035492642, 5.686372333e-06, 1.53055282226e-06, 4.19232765125e-06, 4.815713055e-06, 6.65615061735e-06, 4.68161033496e-06, 1.85879944183e-05, 2.28968820011e-05, 1.91491672012e-05, 3.86035244446e-05, 1.59186606652e-06, 6.15157387074e-06, 3.64848006029e-06, 9.24405640035e-07, 6.79052277519e-07, 2.78784284546e-07, 1.1275198375e-07, 1.01790959661e-07, 8.50227266369e-08, 5.28058130556e-08, 6.95549147167e-08, 1.96604020175e-07, 8.58402700032e-07, 5.62824276074e-08, 7.35173694925e-13]
    },
    "erbbands": {
        "dmean": [0.195777639747, 0.77648293972, 1.1131991148, 1.36230027676, 2.65631127357, 3.03765654564, 4.68758153915, 8.09072589874, 12.4602470398, 8.32539081573, 13.9552106857, 23.6711063385, 36.3601646423, 41.2772789001, 44.6690483093, 30.1474075317, 17.4107227325, 27.1508922577, 37.0735702515, 18.7003059387, 17.0395183563, 12.4806833267, 9.25974178314, 7.19595527649, 4.64859199524, 4.37579536438, 4.30628681183, 2.46892809868, 2.37910270691, 2.2486371994, 2.3210375309, 1.99416351318, 1.65608298779, 1.75616025925, 1.09447014332, 0.436314702034, 0.0636723414063, 0.00236996868625, 8.18320768303e-05, 1.51071299115e-05],
        "dmean2": [0.309057712555, 1.33617842197, 1.96313464642, 2.29366636276, 4.54173326492, 5.07611656189, 7.55335044861, 13.1133680344, 20.3973770142, 13.279551506, 22.4108371735, 38.0088920593, 57.1469268799, 65.7772369385, 70.3216018677, 47.1495323181, 28.4778022766, 43.5733642578, 60.4019737244, 30.3119983673, 28.1028594971, 20.4539318085, 15.0854492188, 11.7887048721, 7.6920580864, 7.08195114136, 7.1666431427, 4.05168867111, 3.89794111252, 3.59133481979, 3.57840514183, 2.99572229385, 2.45839357376, 2.57306480408, 1.53939759731, 0.638883709908, 0.0993921160698, 0.00384636339732, 0.000126596525661, 2.32707170653e-05],
        "dvar": [0.137930348516, 2.19712972641, 7.60831689835, 9.90570354462, 40.1083755493, 34.8140716553, 102.064620972, 262.084442139, 892.127868652, 293.136474609, 1306.13720703, 2215.95483398, 4239.40771484, 9635.94335938, 11544.4453125, 5528.08056641, 1120.45507812, 2932.4621582, 5525.34423828, 2200.76782227, 1177.93225098, 786.448120117, 306.258605957, 189.256271362, 75.6843032837, 77.2985229492, 69.6086578369, 30.4139537811, 30.7676239014, 24.5944232941, 19.073392868, 33.2439231873, 32.3197784424, 54.3163146973, 25.8123970032, 2.46778964996, 0.0379062667489, 0.000121583179862, 8.53717310179e-08, 7.41073147292e-10],
        "dvar2": [0.320500850677, 6.31035518646, 22.6247234344, 25.8808345795, 109.354133606, 92.0182342529, 238.262756348, 673.289550781, 2231.37036133, 707.32043457, 3112.74560547, 5435.56591797, 9971.56933594, 23428.453125, 26767.9238281, 12661.4873047, 2712.38061523, 6960.15625, 14209.4160156, 5481.92626953, 3036.51367188, 1902.6920166, 753.286254883, 491.642700195, 195.907409668, 180.888397217, 182.124786377, 82.0163116455, 77.9800338745, 60.087272644, 43.2803726196, 75.4917755127, 62.0040588379, 109.111244202, 42.8743553162, 4.72587108612, 0.0841578692198, 0.000313969998388, 2.00615090762e-07, 1.52531876019e-09],
        "max": [4.06389141083, 14.3155784607, 34.7778701782, 44.6834220886, 107.619773865, 87.7732620239, 267.903076172, 358.393249512, 556.173828125, 309.060699463, 994.377990723, 1148.96240234, 1138.84155273, 2137.13354492, 2451.89404297, 1946.55224609, 613.403137207, 1375.77514648, 1573.16137695, 1285.20910645, 961.003173828, 729.762512207, 355.319030762, 246.878738403, 189.362075806, 286.318572998, 173.337615967, 96.4284286499, 88.2096939087, 91.7801818848, 80.6374130249, 220.670059204, 191.314437866, 196.44972229, 178.699417114, 48.4391708374, 6.23388290405, 0.358468979597, 0.00688487337902, 0.000572736433242],
        "mean": [0.372815310955, 1.27711439133, 1.59705412388, 1.80545675755, 3.24378538132, 4.74103975296, 7.23310804367, 12.8641214371, 19.7245674133, 13.9673175812, 23.180973053, 44.7389335632, 72.6998062134, 80.8007583618, 90.7896347046, 59.6229095459, 34.0480957031, 53.8008575439, 75.1257247925, 39.6368789673, 32.0623970032, 25.4513626099, 20.6151809692, 15.8538312912, 10.959813118, 10.3539361954, 9.68638134003, 5.7480597496, 5.13323497772, 5.14099264145, 5.5889377594, 4.35631227493, 3.54919314384, 3.18038868904, 1.82701957226, 0.640955984592, 0.0777843669057, 0.00241407053545, 0.000116082585009, 4.79466907564e-05],
        "median": [0.18211132288, 0.68993729353, 0.711176455021, 0.849542498589, 1.607604146, 2.08947587013, 3.25009393692, 6.18076372147, 7.52849912643, 6.48325395584, 9.76166248322, 17.8590946198, 31.038143158, 23.9202060699, 23.9098186493, 20.8857402802, 19.6406154633, 25.7516231537, 27.886297226, 17.4990310669, 17.0681800842, 12.8405542374, 11.4218597412, 9.11876678467, 6.2288684845, 4.87790393829, 3.53993034363, 2.12118792534, 1.80601620674, 2.00616693497, 2.60195374489, 1.79969418049, 1.27398765087, 1.04381763935, 0.36843931675, 0.12846699357, 0.0124153802171, 0.000310511677526, 3.5259345168e-05, 3.80133678846e-05],
        "min": [2.17765353284e-21, 7.58148755364e-21, 2.04874365439e-20, 3.58376226571e-20, 1.76404640831e-19, 1.22177652552e-19, 9.55980517993e-20, 2.33838065507e-19, 5.11794015779e-19, 2.48224804311e-19, 9.44756375014e-19, 1.34479322356e-18, 2.1991010175e-18, 1.33987480763e-18, 2.11333624326e-18, 2.3579627085e-18, 1.80829581479e-18, 3.5749873399e-18, 4.136584246e-18, 6.031619047e-18, 7.4628557465e-18, 9.95610549855e-18, 8.62532905727e-18, 1.37003799003e-17, 6.71594308623e-18, 1.35543155206e-17, 1.47300601171e-17, 1.29273241968e-17, 1.38244445845e-17, 1.31760350731e-17, 1.76605294168e-17, 1.58351022779e-17, 1.09061017525e-17, 1.15508005317e-17, 8.02608137122e-18, 4.67308614668e-18, 3.1630832413e-18, 1.28662453871e-18, 2.57482480479e-19, 2.79607241882e-20],
        "var": [0.262737691402, 2.92823004723, 7.13190507889, 10.393330574, 33.0608940125, 57.6130027771, 185.404647827, 414.500396729, 1672.40515137, 533.470153809, 2254.91137695, 6187.15527344, 11970.6357422, 27186.2089844, 38635.4609375, 17420.8828125, 2428.38818359, 8037.38330078, 16448.4355469, 6295.58886719, 2593.55859375, 2013.48986816, 945.666809082, 491.669891357, 219.439666748, 270.041351318, 209.159957886, 74.9561004639, 65.984703064, 60.004699707, 60.4069061279, 66.3000946045, 72.8546524048, 94.8227005005, 53.5210762024, 4.20065116882, 0.0489914938807, 0.000103151745861, 9.99968037263e-08, 2.06128558666e-09]
    },
    "gfcc": {
        "mean": [-0.20954914391, 90.188041687, -126.627212524, 20.3762989044, -63.1320228577, 35.6376800537, -41.0598869324, 22.4317302704, -20.335691452, 5.08941984177, -10.6266794205, 0.986613333225, -1.61077868938],
        "cov": [[8791.35644531, -2029.37023926, -206.530975342, 750.916687012, 94.8158721924, 744.316223145, 129.683074951, 451.685943604, -297.57699585, 491.812072754, -271.757263184, 348.027893066, -172.323699951], [-2029.37023926, 1829.84667969, 670.238769531, -120.632583618, 232.462203979, -217.041564941, 73.646736145, -140.171340942, 232.507705688, -148.278869629, 190.62159729, -123.742897034, 153.927368164], [-206.530975342, 670.238769531, 1277.9979248, 194.513183594, 128.424407959, 38.0763092041, -85.3465499878, 37.6486816406, 89.1820602417, 55.7788887024, 60.0845947266, 69.7836837769, 26.9908390045], [750.916687012, -120.632583618, 194.513183594, 392.08392334, 129.987854004, 81.6509628296, 48.9633522034, 67.2980880737, -15.7225551605, 68.0859985352, -1.91880178452, 67.8145904541, -6.35780096054], [94.8158721924, 232.462203979, 128.424407959, 129.987854004, 308.613800049, 104.945327759, 135.688873291, 31.5028648376, 16.9785518646, 37.5927009583, 5.90147924423, 15.8905677795, 24.8384685516], [744.316223145, -217.041564941, 38.0763092041, 81.6509628296, 104.945327759, 263.890991211, 98.6660842896, 47.3611907959, -33.9593238831, 68.6688613892, -16.5019035339, 32.7667770386, -15.3138504028], [129.683074951, 73.646736145, -85.3465499878, 48.9633522034, 135.688873291, 98.6660842896, 235.601135254, 36.9331550598, 19.7632350922, 27.3184280396, -8.10503673553, 11.2613010406, 11.3522672653], [451.685943604, -140.171340942, 37.6486816406, 67.2980880737, 31.5028648376, 47.3611907959, 36.9331550598, 157.602920532, 35.5176048279, 41.7272796631, -18.8291244507, 43.0787849426, -6.94551753998], [-297.57699585, 232.507705688, 89.1820602417, -15.7225551605, 16.9785518646, -33.9593238831, 19.7632350922, 35.5176048279, 127.093711853, 3.9751598835, 41.0613327026, -10.005273819, 31.8773498535], [491.812072754, -148.278869629, 55.7788887024, 68.0859985352, 37.5927009583, 68.6688613892, 27.3184280396, 41.7272796631, 3.9751598835, 103.89087677, 4.53434228897, 40.7911605835, -14.2478618622], [-271.757263184, 190.62159729, 60.0845947266, -1.91880178452, 5.90147924423, -16.5019035339, -8.10503673553, -18.8291244507, 41.0613327026, 4.53434228897, 132.20765686, 4.37935066223, 35.8574981689], [348.027893066, -123.742897034, 69.7836837769, 67.8145904541, 15.8905677795, 32.7667770386, 11.2613010406, 43.0787849426, -10.005273819, 40.7911605835, 4.37935066223, 96.8860168457, 4.8518204689], [-172.323699951, 153.927368164, 26.9908390045, -6.35780096054, 24.8384685516, -15.3138504028, 11.3522672653, -6.94551753998, 31.8773498535, -14.2478618622, 35.8574981689, 4.8518204689, 85.4507446289]],
        "icov": [[0.000279703672277, -0.000173753418494, 0.000215527659748, -0.000387778738514, 0.000348321598722, -0.000621248036623, 0.000298507249681, -0.000521306530572, 0.000523733382579, -0.000933843257371, 0.000464507378638, -0.000332053139573, -4.16401562688e-05], [-0.000173753418494, 0.00307561713271, -0.00180081545841, 0.00121914525516, -0.00244231475517, 0.00250822305679, -0.00205013691448, 0.00210874225013, -0.00276415911503, 0.00345771666616, -0.00238242838532, 0.00227306038141, -0.00114960258361], [0.000215527659748, -0.00180081545841, 0.00218188180588, -0.00123932713177, 0.000953988172114, -0.00196787319146, 0.00226585566998, -0.00109410006553, 0.000659080629703, -0.00230825692415, 0.00146535551175, -0.00211008591577, 0.00075140822446], [-0.000387778738514, 0.00121914525516, -0.00123932713177, 0.0045855701901, -0.00244509219192, 0.00171256589238, -0.00109121995047, 0.000356405682396, -0.000382453319617, 0.00122903799638, -0.00152230984531, -6.16691977484e-05, -6.4000763814e-05], [0.000348321598722, -0.00244231475517, 0.000953988172114, -0.00244509219192, 0.00769396964461, -0.00324214017019, -0.00100549962372, -0.00183076132089, 0.00258009880781, -0.00364096066914, 0.00223175110295, -0.000848639698233, -0.00067194661824], [-0.000621248036623, 0.00250822305679, -0.00196787319146, 0.00171256589238, -0.00324214017019, 0.00903575122356, -0.00393857760355, 0.00124832079746, -0.000145881538629, 0.00117982097436, -0.00268357433379, 0.00267247878946, -0.000610096147284], [0.000298507249681, -0.00205013691448, 0.00226585566998, -0.00109121995047, -0.00100549962372, -0.00393857760355, 0.00875062588602, -0.00177093478851, -6.75656629028e-05, -0.00257642869838, 0.0024146749638, -0.00234780879691, 0.000493733561598], [-0.000521306530572, 0.00210874225013, -0.00109410006553, 0.000356405682396, -0.00183076132089, 0.00124832079746, -0.00177093478851, 0.0117357978597, -0.00712867733091, 0.00248509412631, 0.000232070960919, -0.00185014295857, 0.000548631011043], [0.000523733382579, -0.00276415911503, 0.000659080629703, -0.000382453319617, 0.00258009880781, -0.000145881538629, -6.75656629028e-05, -0.00712867733091, 0.0164126176387, -0.00604454101995, -0.000663053826429, 0.00157938967459, -0.00248978915624], [-0.000933843257371, 0.00345771666616, -0.00230825692415, 0.00122903799638, -0.00364096066914, 0.00117982097436, -0.00257642869838, 0.00248509412631, -0.00604454101995, 0.0209321677685, -0.00476338155568, -0.00137357099447, 0.00234470888972], [0.000464507378638, -0.00238242838532, 0.00146535551175, -0.00152230984531, 0.00223175110295, -0.00268357433379, 0.0024146749638, 0.000232070960919, -0.000663053826429, -0.00476338155568, 0.0120857125148, -0.00304148020223, -0.00222503393888], [-0.000332053139573, 0.00227306038141, -0.00211008591577, -6.16691977484e-05, -0.000848639698233, 0.00267247878946, -0.00234780879691, -0.00185014295857, 0.00157938967459, -0.00137357099447, -0.00304148020223, 0.0173775777221, -0.00374377681874], [-4.16401562688e-05, -0.00114960258361, 0.00075140822446, -6.4000763814e-05, -0.00067194661824, -0.000610096147284, 0.000493733561598, 0.000548631011043, -0.00248978915624, 0.00234470888972, -0.00222503393888, -0.00374377681874, 0.015978416428]]
    },
    "melbands": {
        "dmean": [0.00141832826193, 0.000678174139466, 0.000262525456492, 0.000203905481612, 0.000154483364895, 0.000176847679541, 0.000179201422725, 0.000103161728475, 0.000114344562462, 0.000170221726876, 0.000191757659195, 0.00018058270507, 0.000140407573781, 0.000156080379384, 3.80337805836e-05, 4.38847673649e-05, 5.54442594876e-05, 7.079095667e-05, 3.27650632244e-05, 2.19049579755e-05, 2.10866073758e-05, 1.34867968882e-05, 1.25909828057e-05, 9.59809403867e-06, 6.16704619461e-06, 4.47105639978e-06, 3.54389817403e-06, 2.97047949971e-06, 3.42804560205e-06, 1.9375422653e-06, 1.46195645812e-06, 1.45947774399e-06, 1.39655719522e-06, 1.41467512549e-06, 1.45461740431e-06, 1.39396365739e-06, 1.29725651732e-06, 1.22449409901e-06, 1.38282189255e-06, 1.62492494837e-06],
        "dmean2": [0.0023006470874, 0.0011908482993, 0.000437085749581, 0.000344305706676, 0.000248756958172, 0.000285712623736, 0.000293230259558, 0.000163438162417, 0.00018370107864, 0.00027146586217, 0.000301853346173, 0.000288116250886, 0.000223953524255, 0.000242689944571, 6.24862805125e-05, 7.11999236955e-05, 8.92267999006e-05, 0.000115104754514, 5.2527841035e-05, 3.56402815669e-05, 3.49006004399e-05, 2.2283731596e-05, 2.07562425203e-05, 1.60381969181e-05, 1.01824343801e-05, 7.51221341488e-06, 5.81260474064e-06, 4.80421567772e-06, 5.74194655201e-06, 3.21663469549e-06, 2.43432782554e-06, 2.4117018711e-06, 2.27070472647e-06, 2.30034265769e-06, 2.30443856708e-06, 2.1491471216e-06, 1.99115038413e-06, 1.85435828826e-06, 2.04280172511e-06, 2.42887858803e-06],
        "dvar": [7.17121065463e-06, 2.0076859073e-06, 3.58538642331e-07, 1.92877990912e-07, 9.1204547914e-08, 1.2591554821e-07, 1.7977218647e-07, 4.83385385053e-08, 7.98607047159e-08, 1.07532272864e-07, 1.15810749435e-07, 1.76082863845e-07, 1.38792216831e-07, 2.1086890456e-07, 6.23359852625e-09, 7.06867542277e-09, 1.2592869858e-08, 2.00976160158e-08, 5.27605381606e-09, 2.19779572319e-09, 2.16070183967e-09, 9.36644983796e-10, 9.90603599149e-10, 3.38556294111e-10, 1.52906964868e-10, 6.50773254729e-11, 6.03277011679e-11, 3.67606951823e-11, 4.40890657316e-11, 1.73727247865e-11, 1.13887866152e-11, 1.09719412375e-11, 1.10535105374e-11, 8.813210578e-12, 7.65960385396e-12, 7.50383262471e-12, 1.95782799695e-11, 1.79169960118e-11, 2.82670345464e-11, 5.01585266377e-11],
        "dvar2": [1.77562978934e-05, 6.02026784691e-06, 9.10947335342e-07, 5.24853760453e-07, 2.1328970945e-07, 3.22394015484e-07, 4.49196903674e-07, 1.14374749671e-07, 1.94504735873e-07, 2.59650306589e-07, 2.71792231388e-07, 4.31511068655e-07, 3.31384143237e-07, 4.81453866996e-07, 1.65492011206e-08, 1.62757807232e-08, 2.9656900935e-08, 5.09726696407e-08, 1.25972547949e-08, 5.46603340368e-09, 5.43305089806e-09, 2.31653962679e-09, 2.35456054654e-09, 9.08286279522e-10, 3.97805649532e-10, 1.75520778467e-10, 1.57548682433e-10, 8.60138488212e-11, 1.18047363551e-10, 4.68097331729e-11, 3.12959241855e-11, 2.87531404936e-11, 2.78486539385e-11, 2.22635798686e-11, 1.83349706945e-11, 1.66290054643e-11, 4.63163812858e-11, 3.81501670532e-11, 5.53364437605e-11, 1.07161578222e-10],
        "max": [0.0293994285166, 0.0181209407747, 0.00739096617326, 0.00784522853792, 0.00725223403424, 0.00727388216183, 0.00802832469344, 0.00555093260482, 0.00796609092504, 0.00711564160883, 0.00590847618878, 0.00914716534317, 0.0100034847856, 0.0126488590613, 0.00201620464213, 0.00184471067041, 0.00255494797602, 0.00251661217771, 0.00171753694303, 0.00110006786417, 0.00136998994276, 0.000839415413793, 0.000895494362339, 0.000311139156111, 0.000230662437389, 0.00015687548148, 0.000295724457828, 0.000208863362786, 0.00011512391211, 7.68887693994e-05, 6.4267696871e-05, 4.67696154374e-05, 5.66167109355e-05, 5.6516881159e-05, 4.99938651046e-05, 5.73844408791e-05, 0.00018449802883, 0.000171082952875, 0.000185444980161, 0.000199316767976],
        "mean": [0.00273480196483, 0.00112463592086, 0.000358321907697, 0.000289853487629, 0.000249382894253, 0.000282769324258, 0.000287728791591, 0.000169131642906, 0.000189027559827, 0.000319700979162, 0.000377747201128, 0.000341800390743, 0.000275548401987, 0.000296586396871, 6.94463815307e-05, 7.92189312051e-05, 0.000102266334579, 0.000136438742629, 6.1103135522e-05, 4.18182353314e-05, 3.55507581844e-05, 2.43305203185e-05, 2.3726533982e-05, 1.75538480107e-05, 1.22359660963e-05, 8.8758615675e-06, 7.4746262726e-06, 6.30106478638e-06, 6.84971791998e-06, 4.0070549403e-06, 3.04447848976e-06, 2.90185130325e-06, 2.76399873655e-06, 2.9350933346e-06, 3.25515134136e-06, 3.02624812321e-06, 2.49299614552e-06, 2.41004272539e-06, 2.59885814557e-06, 2.71688531939e-06],
        "median": [0.00157033163123, 0.000596175668761, 0.000186910649063, 0.000142180972034, 0.000116361254186, 0.000134304485982, 0.000110846114694, 7.30196334189e-05, 7.9151490354e-05, 0.000114604576083, 0.000153267028509, 8.94083059393e-05, 6.1557009758e-05, 5.59250802326e-05, 2.97398546536e-05, 3.90227432945e-05, 4.20276701334e-05, 4.09918393416e-05, 2.24956511374e-05, 1.79675098479e-05, 1.56564128702e-05, 1.10010651042e-05, 1.04176042441e-05, 8.60194177221e-06, 6.51323989587e-06, 4.78820948047e-06, 3.25987184624e-06, 2.8215997645e-06, 2.27670261665e-06, 1.42956639593e-06, 1.05532672023e-06, 9.86002305581e-07, 9.09995264919e-07, 1.1464006775e-06, 1.46519812461e-06, 1.33232583721e-06, 9.06244395082e-07, 8.06408706922e-07, 9.35478738029e-07, 7.98782423317e-07],
        "min": [1.87929402595e-23, 9.61852658596e-24, 1.07454648762e-23, 9.39600943498e-24, 3.72198892909e-24, 4.54086717504e-24, 7.76709055179e-24, 2.65390952317e-24, 6.96923268794e-24, 8.87658633852e-24, 1.12239744906e-23, 4.52060449383e-24, 6.27017965248e-24, 6.2845026055e-24, 4.33939722745e-24, 3.7903058612e-24, 7.54638935861e-24, 6.96584689694e-24, 7.45590385734e-24, 8.14722053391e-24, 8.8283285615e-24, 1.05398332929e-23, 7.84817361993e-24, 8.45341452769e-24, 1.05630542025e-23, 4.64646054594e-24, 5.49649998095e-24, 9.79064578028e-24, 1.00010081624e-23, 8.25059365579e-24, 7.12664830386e-24, 7.29576982674e-24, 7.71909940976e-24, 6.20669331012e-24, 9.98687650818e-24, 9.82866887592e-24, 8.79763713912e-24, 7.39442319383e-24, 8.7543775848e-24, 9.54421667755e-24],
        "var": [1.2619264453e-05, 2.33587729781e-06, 3.75148573539e-07, 2.0715621929e-07, 1.84882509302e-07, 2.01456956006e-07, 3.51674060539e-07, 9.24036029915e-08, 1.38543001071e-07, 3.34177201466e-07, 3.31607424187e-07, 5.1067968343e-07, 4.59698554778e-07, 6.94710649896e-07, 1.62106239543e-08, 1.74131908892e-08, 3.19349027222e-08, 6.08129440138e-08, 1.37264626332e-08, 6.36788133335e-09, 4.31282121127e-09, 2.01610927952e-09, 2.63726573912e-09, 6.6451150138e-10, 3.39215017187e-10, 1.45891188019e-10, 1.49375734004e-10, 1.14178798361e-10, 1.16446199905e-10, 3.96504634681e-11, 2.29760516168e-11, 2.17207484637e-11, 2.17880678777e-11, 1.93953481747e-11, 2.11227355051e-11, 2.05613720494e-11, 3.11664721808e-11, 3.55607279734e-11, 5.08514341746e-11, 7.93076021521e-11]
    },
    "mfcc": {
        "mean": [-638.371337891, 119.332832336, -1.53722298145, -4.40994739532, 7.08840847015, 2.89020013809, 3.28130125999, 9.17017555237, 3.75414323807, 7.65115213394, 1.53804922104, -1.02105855942, 0.0774655342102],
        "cov": [[8385.08789062, -2371.79321289, -413.587005615, 160.177276611, -5.95012044907, 381.112335205, 426.384490967, 159.198532104, 277.220123291, 152.19342041, -48.7730865479, 119.255348206, 72.7976837158], [-2371.79321289, 1816.29370117, 484.776580811, 98.5131912231, 192.322875977, -28.7345943451, -77.0976486206, 2.25934767723, -30.0190830231, 32.085018158, 71.1516952515, -21.6647624969, -23.7617893219], [-413.587005615, 484.776580811, 961.931396484, 166.572891235, 255.174362183, 20.5090675354, -56.5702285767, -9.70097446442, -46.230670929, 3.62198925018, 59.7004318237, 19.1772785187, 15.9927339554], [160.177276611, 98.5131912231, 166.572891235, 350.051147461, 121.447120667, 64.7949752808, 46.9610099792, 37.882598877, 51.3175964355, -5.32835102081, 19.5329151154, 45.3945465088, 27.6852245331], [-5.95012044907, 192.322875977, 255.174362183, 121.447120667, 244.244033813, 48.5764045715, 37.2689666748, 18.7607555389, 19.4822463989, 13.680056572, 16.3202972412, 25.3161716461, 25.0329818726], [381.112335205, -28.7345943451, 20.5090675354, 64.7949752808, 48.5764045715, 231.781860352, 135.148010254, 43.7710914612, 48.8194999695, 31.6167373657, 20.5651130676, -6.95571088791, 17.4894237518], [426.384490967, -77.0976486206, -56.5702285767, 46.9610099792, 37.2689666748, 135.148010254, 186.277130127, 55.6296577454, 46.8327941895, 30.9155921936, 9.07647609711, 9.91987037659, 27.4652194977], [159.198532104, 2.25934767723, -9.70097446442, 37.882598877, 18.7607555389, 43.7710914612, 55.6296577454, 116.249473572, 67.036315918, 17.198589325, 25.0098342896, 21.1444225311, 9.28692436218], [277.220123291, -30.0190830231, -46.230670929, 51.3175964355, 19.4822463989, 48.8194999695, 46.8327941895, 67.036315918, 138.969406128, 33.4125862122, 16.8024311066, 20.6663093567, 3.68899154663], [152.19342041, 32.085018158, 3.62198925018, -5.32835102081, 13.680056572, 31.6167373657, 30.9155921936, 17.198589325, 33.4125862122, 84.2001419067, 28.9471530914, -1.84488761425, -0.489699691534], [-48.7730865479, 71.1516952515, 59.7004318237, 19.5329151154, 16.3202972412, 20.5651130676, 9.07647609711, 25.0098342896, 16.8024311066, 28.9471530914, 88.0829620361, 25.5009307861, -4.94142246246], [119.255348206, -21.6647624969, 19.1772785187, 45.3945465088, 25.3161716461, -6.95571088791, 9.91987037659, 21.1444225311, 20.6663093567, -1.84488761425, 25.5009307861, 99.9515151978, 37.9462547302], [72.7976837158, -23.7617893219, 15.9927339554, 27.6852245331, 25.0329818726, 17.4894237518, 27.4652194977, 9.28692436218, 3.68899154663, -0.489699691534, -4.94142246246, 37.9462547302, 82.2486877441]],
