{
"lowlevel": {
    "average_loudness": 0.920516610146,
    "barkbands_crest": {
        "dmean": 2.96082949638,
        "dmean2": 4.60240983963,
        "dvar": 7.05961513519,
        "dvar2": 15.4574146271,
        "max": 26.0882835388,
        "mean": 10.5288906097,
        "median": 9.26336860657,
        "min": 1.87667500973,
        "var": 24.8232822418
    },
    "barkbands_flatness_db": {
        "dmean": 0.0229683406651,
        "dmean2": 0.035342887044,
        "dvar": 0.000443058466772,
        "dvar2": 0.000985681544989,
        "max": 0.353994071484,
        "mean": 0.139611795545,
        "median": 0.13201379776,
        "min": 0.0160795673728,
        "var": 0.00232120789587
    },
    "barkbands_kurtosis": {
        "dmean": 4.03654527664,
        "dmean2": 6.31474542618,
        "dvar": 56.4468383789,
        "dvar2": 136.961380005,
        "max": 231.27784729,
        "mean": 6.59537363052,
        "median": 3.35437870026,
        "min": -1.92600500584,
        "var": 124.358932495
    },
    "barkbands_skewness": {
        "dmean": 0.627743601799,
        "dmean2": 0.952420592308,
        "dvar": 0.442844867706,
        "dvar2": 0.932012557983,
        "max": 14.2151184082,
        "mean": 1.97816705704,
        "median": 1.77993035316,
        "min": -2.24542188644,
        "var": 1.74694299698
    },
    "barkbands_spread": {
        "dmean": 7.10088014603,
        "dmean2": 10.8163461685,
        "dvar": 75.3902130127,
        "dvar2": 157.922607422,
        "max": 117.833175659,
        "mean": 23.8675708771,
        "median": 19.6168632507,
        "min": 1.01965248585,
        "var": 280.155395508
    },
    "dissonance": {
        "dmean": 0.0183951724321,
        "dmean2": 0.0311694871634,
        "dvar": 0.000308650691295,
        "dvar2": 0.000876185367815,
        "max": 0.500000059605,
        "mean": 0.467868030071,
        "median": 0.473786830902,
        "min": 0.219345346093,
        "var": 0.000627611530945
    },
    "dynamic_complexity": 2.68344140053,
    "erbbands_crest": {
        "dmean": 2.55395174026,
        "dmean2": 4.27533769608,
        "dvar": 5.8915348053,
        "dvar2": 15.6052360535,
        "max": 30.0127029419,
        "mean": 7.977206707,
        "median": 6.97619485855,
        "min": 2.00730228424,
        "var": 16.7179107666
    },
    "erbbands_flatness_db": {
        "dmean": 0.0143945794553,
        "dmean2": 0.0220395661891,
        "dvar": 0.000170830113348,
        "dvar2": 0.000409381173085,
        "max": 0.319985300303,
        "mean": 0.133624047041,
        "median": 0.123748719692,
        "min": 0.0522667877376,
        "var": 0.00192012800835
    },
    "erbbands_kurtosis": {
        "dmean": 1.00695705414,
        "dmean2": 1.63868916035,
        "dvar": 3.06982469559,
        "dvar2": 8.46675109863,
        "max": 46.419631958,
        "mean": 0.881409406662,
        "median": 0.0422718524933,
        "min": -1.80517613888,
        "var": 8.8197593689
    },
    "erbbands_skewness": {
        "dmean": 0.355239361525,
        "dmean2": 0.554617166519,
        "dvar": 0.103100560606,
        "dvar2": 0.245113864541,
        "max": 5.87699317932,
        "mean": 0.54769796133,
        "median": 0.483628153801,
        "min": -2.35877323151,
        "var": 0.687865436077
    },
    "erbbands_spread": {
        "dmean": 9.10489749908,
        "dmean2": 13.9082689285,
        "dvar": 81.7742767334,
        "dvar2": 175.936141968,
        "max": 149.412536621,
        "mean": 45.6100578308,
        "median": 43.8993301392,
        "min": 5.41420698166,
        "var": 455.010437012
    },
    "hfc": {
        "dmean": 9.22797203064,
        "dmean2": 12.8407621384,
        "dvar": 227.554946899,
        "dvar2": 451.12979126,
        "max": 248.052734375,
        "mean": 27.6251735687,
        "median": 20.6895027161,
        "min": 1.13835510639e-16,
        "var": 685.663696289
    },
    "melbands_crest": {
        "dmean": 3.62995767593,
        "dmean2": 5.8493180275,
        "dvar": 9.34604072571,
        "dvar2": 22.8104667664,
        "max": 34.0218315125,
        "mean": 14.6983861923,
        "median": 13.7936401367,
        "min": 1.91468691826,
        "var": 31.7519283295
    },
    "melbands_flatness_db": {
        "dmean": 0.0289123300463,
        "dmean2": 0.0432431511581,
        "dvar": 0.000725884921849,
        "dvar2": 0.00150391808711,
        "max": 0.460260093212,
        "mean": 0.193521112204,
        "median": 0.187348753214,
        "min": 0.00498726498336,
        "var": 0.00414344714954
    },
    "melbands_kurtosis": {
        "dmean": 10.390704155,
        "dmean2": 16.152130127,
        "dvar": 313.692382812,
        "dvar2": 706.314758301,
        "max": 399.730224609,
        "mean": 20.0494327545,
        "median": 12.2111625671,
        "min": -1.75571858883,
        "var": 669.163391113
    },
    "melbands_skewness": {
        "dmean": 0.897371351719,
        "dmean2": 1.36328661442,
        "dvar": 0.906542301178,
        "dvar2": 1.88883209229,
        "max": 14.6616659164,
        "mean": 3.21409201622,
        "median": 2.88149118423,
        "min": -0.771164417267,
        "var": 3.55939888954
    },
    "melbands_spread": {
        "dmean": 7.31422758102,
        "dmean2": 11.1127204895,
        "dvar": 122.449241638,
        "dvar2": 230.267318726,
        "max": 218.708770752,
        "mean": 20.69282341,
        "median": 15.8818721771,
        "min": 0.713885486126,
        "var": 353.249206543
    },
    "pitch_salience": {
        "dmean": 0.0824287235737,
        "dmean2": 0.131400287151,
        "dvar": 0.00549668585882,
        "dvar2": 0.0128693711013,
        "max": 0.93162560463,
        "mean": 0.553457915783,
        "median": 0.576870679855,
        "min": 0.0803338065743,
        "var": 0.0185132622719
    },
    "silence_rate_20dB": {
        "dmean": 0,
        "dmean2": 0,
        "dvar": 0,
        "dvar2": 0,
        "max": 1,
        "mean": 1,
        "median": 1,
        "min": 1,
        "var": 0
    },
    "silence_rate_30dB": {
        "dmean": 0.0609830468893,
        "dmean2": 0.121980972588,
        "dvar": 0.0572660379112,
        "dvar2": 0.130041852593,
        "max": 1,
        "mean": 0.930365860462,
        "median": 1,
        "min": 0,
        "var": 0.0647849962115
    },
    "silence_rate_60dB": {
        "dmean": 0.00365898269229,
        "dmean2": 0.00731885805726,
        "dvar": 0.00364555814303,
        "dvar2": 0.00799702294171,
        "max": 1,
        "mean": 0.0269512198865,
        "median": 0,
        "min": 0,
        "var": 0.0262305457145
    },
    "spectral_centroid": {
        "dmean": 256.358734131,
        "dmean2": 392.758850098,
        "dvar": 96000.109375,
        "dvar2": 197562.375,
        "max": 11427.4873047,
        "mean": 1215.60571289,
        "median": 1112.14306641,
        "min": 219.78125,
        "var": 410843.375
    },
    "spectral_complexity": {
        "dmean": 3.83168673515,
        "dmean2": 5.81898021698,
        "dvar": 15.1071491241,
        "dvar2": 31.1866016388,
        "max": 59,
        "mean": 21.1162185669,
        "median": 20,
        "min": 0,
        "var": 97.094833374
    },
    "spectral_decrease": {
        "dmean": 3.8690868287e-09,
        "dmean2": 5.91579141229e-09,
        "dvar": 3.12701469244e-17,
        "dvar2": 6.77228715539e-17,
        "max": 7.50911117705e-29,
        "mean": -1.00751291754e-08,
        "median": -7.26319271394e-09,
        "min": -6.77385116887e-08,
        "var": 8.14188119759e-17
    },
    "spectral_energy": {
        "dmean": 0.015008318238,
        "dmean2": 0.0228077750653,
        "dvar": 0.000454787863418,
        "dvar2": 0.00097923935391,
        "max": 0.258783429861,
        "mean": 0.0405314974487,
        "median": 0.0301428325474,
        "min": 1.07333752672e-20,
        "var": 0.00122665928211
    },
    "spectral_energyband_high": {
        "dmean": 0.000824784801807,
        "dmean2": 0.00115585920867,
        "dvar": 2.77552794614e-06,
        "dvar2": 5.73899569645e-06,
        "max": 0.0286610201001,
        "mean": 0.00173127232119,
        "median": 0.000776709406637,
        "min": 7.68661865521e-21,
        "var": 6.92082676323e-06
    },
    "spectral_energyband_low": {
        "dmean": 0.0119165349752,
        "dmean2": 0.0181799344718,
        "dvar": 0.000395004579332,
        "dvar2": 0.000856706290506,
        "max": 0.240496188402,
        "mean": 0.0214484483004,
        "median": 0.0106189511716,
        "min": 7.07840030872e-23,
        "var": 0.000866745249368
    },
    "spectral_energyband_middle_high": {
        "dmean": 0.00156874058302,
        "dmean2": 0.0023717712611,
        "dvar": 5.55583210371e-06,
        "dvar2": 1.23088620967e-05,
        "max": 0.0564670674503,
        "mean": 0.00475961482152,
        "median": 0.00315580377355,
        "min": 1.37813651781e-21,
        "var": 2.19776429731e-05
    },
    "spectral_energyband_middle_low": {
        "dmean": 0.00667111435905,
        "dmean2": 0.0109724849463,
        "dvar": 0.00011643718608,
        "dvar2": 0.000306998583255,
        "max": 0.145680978894,
        "mean": 0.0145632997155,
        "median": 0.0108960643411,
        "min": 2.77226118882e-22,
        "var": 0.000186735909665
    },
    "spectral_entropy": {
        "dmean": 0.151390463114,
        "dmean2": 0.229479074478,
        "dvar": 0.0201636683196,
        "dvar2": 0.0478918217123,
        "max": 9.80867958069,
        "mean": 7.79063510895,
        "median": 7.8291683197,
        "min": 5.81536626816,
        "var": 0.167896702886
    },
    "spectral_flux": {
        "dmean": 0.0296053756028,
        "dmean2": 0.0458756759763,
        "dvar": 0.00133128988091,
        "dvar2": 0.00267413514666,
        "max": 0.461688548326,
        "mean": 0.105861075222,
        "median": 0.0944077074528,
        "min": 6.76348421713e-11,
        "var": 0.00361703452654
    },
    "spectral_kurtosis": {
        "dmean": 0.963089585304,
        "dmean2": 1.54911601543,
        "dvar": 1.1522051096,
        "dvar2": 3.16968798637,
        "max": 21.1619739532,
        "mean": 3.36878085136,
        "median": 2.74443364143,
        "min": -1.23239147663,
        "var": 6.53667259216
    },
    "spectral_rms": {
        "dmean": 0.0010637572268,
        "dmean2": 0.001585896709,
        "dvar": 1.4295752635e-06,
        "dvar2": 2.78140873888e-06,
        "max": 0.0158893559128,
        "mean": 0.00575812067837,
        "median": 0.00542288087308,
        "min": 3.23598287923e-12,
        "var": 6.38697110844e-06
    },
    "spectral_rolloff": {
        "dmean": 640.398071289,
        "dmean2": 1032.36962891,
        "dvar": 1543258,
        "dvar2": 3234355,
        "max": 18712.3535156,
        "mean": 1413.94909668,
        "median": 839.794921875,
        "min": 64.599609375,
        "var": 3220496
    },
    "spectral_skewness": {
        "dmean": 0.166688635945,
        "dmean2": 0.256203830242,
        "dvar": 0.0239054877311,
        "dvar2": 0.0540568009019,
        "max": 3.76990747452,
        "mean": 1.55155158043,
        "median": 1.50570750237,
        "min": -0.0659681484103,
        "var": 0.220865219831
    },
    "spectral_spread": {
        "dmean": 577471.0625,
        "dmean2": 823000.4375,
        "dvar": 483556229120,
        "dvar2": 795262320640,
        "max": 42269692,
        "mean": 5773480.5,
        "median": 5671561,
        "min": 2080879.25,
        "var": 3.30936877056e+12
    },
    "spectral_strongpeak": {
        "dmean": 0.376001477242,
        "dmean2": 0.644126951694,
        "dvar": 0.321642696857,
        "dvar2": 0.870100796223,
        "max": 17.7202453613,
        "mean": 0.673802554607,
        "median": 0.48485916853,
        "min": 0,
        "var": 0.433108747005
    },
    "zerocrossingrate": {
        "dmean": 0.0136914681643,
        "dmean2": 0.0156037369743,
        "dvar": 0.0002666170476,
        "dvar2": 0.000306041212752,
        "max": 0.5341796875,
        "mean": 0.0679048001766,
        "median": 0.05810546875,
        "min": 0.0029296875,
        "var": 0.0019109552959
    },
    "barkbands": {
        "dmean": [0.000169805469341, 0.00877470523119, 0.00488912453875, 0.00284788268618, 0.00230739847757, 0.00141178607009, 0.00167337758467, 0.00085280276835, 0.000940804777201, 0.000614377146121, 0.000414439622546, 0.000400364137022, 0.000286199239781, 0.000283608358586, 0.00025501602795, 0.000226280360948, 0.00018054706743, 0.00011188336066, 0.00010954530444, 0.000110515145934, 0.000138733797939, 0.000140235177241, 0.000175184468389, 0.000185678058187, 0.000190446080524, 6.8273031502e-05, 8.00342974117e-08],
        "dmean2": [0.000276234582998, 0.0133844735101, 0.00830046180636, 0.00501827150583, 0.00386840314604, 0.0023258717265, 0.00271941442043, 0.0014068861492, 0.0015503243776, 0.00100945669692, 0.000681768055074, 0.000656761578284, 0.000465404242277, 0.000468237733003, 0.000408707710449, 0.000370282388758, 0.000297778315144, 0.000181159368367, 0.000173606400494, 0.000169846956851, 0.000214563231566, 0.000211722945096, 0.000262931571342, 0.000270251883194, 0.000276266364381, 0.00010096499318, 1.50583872482e-07],
        "dvar": [1.42951051885e-07, 0.000310534058372, 0.000113760157546, 4.50423322036e-05, 1.47081100295e-05, 5.57102111998e-06, 1.00531369753e-05, 2.3486848022e-06, 3.23377980749e-06, 1.36822166041e-06, 8.44133239752e-07, 8.80888535448e-07, 3.28780544123e-07, 3.03416754832e-07, 2.47733083825e-07, 1.6623960164e-07, 1.45985438849e-07, 6.00861369549e-08, 7.03824269976e-08, 5.6771064294e-08, 7.93544145949e-08, 9.1557410542e-08, 1.40801901694e-07, 1.51877841859e-07, 1.89997962252e-07, 3.08245908798e-08, 1.92773271304e-12],
        "dvar2": [3.51266038479e-07, 0.000671626999974, 0.000306058849674, 0.000126528873807, 4.01961697207e-05, 1.46429256347e-05, 2.54539208981e-05, 6.09735388934e-06, 8.44712212711e-06, 3.56077339347e-06, 2.24276368499e-06, 2.37138488046e-06, 8.18424382487e-07, 7.59568820285e-07, 5.65752145576e-07, 4.01775821501e-07, 3.87019611026e-07, 1.36743764756e-07, 1.6020887017e-07, 1.21256974239e-07, 1.75240529643e-07, 1.93878179289e-07, 3.15343243074e-07, 3.20547428601e-07, 3.86185888601e-07, 6.7316520358e-08, 5.52392853681e-12],
        "max": [0.0111850472167, 0.186374217272, 0.142031401396, 0.0871384590864, 0.0505873411894, 0.0419246852398, 0.0676253959537, 0.0238743051887, 0.0352235548198, 0.0260180048645, 0.0261040478945, 0.0170513447374, 0.0121996803209, 0.0150081273168, 0.0124677158892, 0.00862265564501, 0.0137626314536, 0.00887617561966, 0.0101018827409, 0.00768414326012, 0.00661633117124, 0.00733146863058, 0.00668595964089, 0.00695413071662, 0.0107640568167, 0.00447672186419, 7.91030106484e-05],
        "mean": [0.000205309741432, 0.0135168852285, 0.00589233217761, 0.00313644111156, 0.00343831023201, 0.00223551434465, 0.00261650746688, 0.00131019135006, 0.00155121390708, 0.00102287088521, 0.000631810980849, 0.000646017782856, 0.00047801018809, 0.000475681998068, 0.000444206089014, 0.000397141848225, 0.000315687531838, 0.000205645279493, 0.000193911138922, 0.000212502447539, 0.000252716185059, 0.000253932143096, 0.000307462119963, 0.000350323767634, 0.000345807697158, 9.49851018959e-05, 4.63481200086e-08],
        "median": [4.12427689298e-05, 0.00428680609912, 0.00234493194148, 0.00122437858954, 0.00204052729532, 0.00105059379712, 0.000958692806307, 0.000527265830897, 0.000544673472177, 0.000382876547519, 0.000217819848331, 0.000217696288018, 0.000216929882299, 0.000249018950853, 0.000245416362304, 0.000230627629207, 0.000181466573849, 0.000120198972581, 0.000108906824607, 0.0001022022916, 0.000108910200652, 9.98168834485e-05, 0.00012491614325, 0.000129937368911, 0.000132528948598, 2.17906999751e-05, 8.94975760168e-10],
        "min": [1.42006322537e-23, 4.13644264362e-23, 1.22624854177e-23, 6.20243740553e-24, 6.35536479733e-24, 6.65738903013e-23, 3.01325522925e-23, 4.28126109752e-23, 2.47595638691e-23, 6.73053284435e-23, 6.30525161946e-23, 5.66466185454e-23, 5.56578161106e-23, 4.53741906403e-23, 1.15567213847e-22, 7.99889433111e-23, 1.21590450848e-22, 2.18433666146e-22, 1.9151289792e-22, 2.41595329143e-22, 4.15731842753e-22, 4.56481014481e-22, 6.20879728104e-22, 8.13109252514e-22, 1.17728460487e-21, 1.67958659872e-21, 2.09703290759e-21],
        "var": [2.13719488329e-07, 0.000569943280425, 0.000106942919956, 3.62786413461e-05, 1.86576817214e-05, 1.05035196611e-05, 2.16310181713e-05, 4.27332997788e-06, 6.91088780513e-06, 2.97883843814e-06, 1.65526910223e-06, 1.73149010152e-06, 6.24742995115e-07, 5.18266972449e-07, 4.48905950634e-07, 3.024701698e-07, 2.04997519404e-07, 1.17850262882e-07, 1.12035486666e-07, 1.28871164407e-07, 1.66635231835e-07, 1.99877874252e-07, 2.70832515525e-07, 3.77609353563e-07, 4.22119995847e-07, 4.37562306388e-08, 1.09550107701e-12]
    },
    "erbbands": {
        "dmean": [0.228544414043, 2.17040967941, 4.99005699158, 8.4052772522, 8.47084712982, 7.3690829277, 8.35199737549, 14.0273342133, 23.7920131683, 20.7491073608, 16.4997329712, 21.0260658264, 20.5448665619, 15.8454723358, 18.1968345642, 13.4563245773, 11.8665828705, 13.4048757553, 13.5208854675, 12.4063768387, 11.6439695358, 9.78252601624, 6.21871900558, 5.49990797043, 5.00391578674, 5.03852939606, 5.92178297043, 5.30714082718, 5.03483486176, 5.32253551483, 4.94197750092, 4.09797430038, 3.18963909149, 2.45004272461, 1.2146718502, 0.434961527586, 0.0995298698545, 0.00727133918554, 0.000155431334861, 2.38526808971e-05],
        "dmean2": [0.318708121777, 3.40056753159, 8.1891412735, 14.7136144638, 14.6149215698, 12.4091749191, 13.6964530945, 23.1438369751, 38.9709396362, 33.3531913757, 26.9322032928, 34.6839599609, 33.7634391785, 25.8097419739, 29.7337913513, 21.79712677, 19.0534877777, 21.9410362244, 21.7597427368, 19.6500072479, 19.2036933899, 15.9543304443, 9.9296875, 8.68688201904, 7.83329486847, 7.66753149033, 9.22506141663, 8.15242099762, 7.60187196732, 8.12854576111, 7.43607521057, 6.07265138626, 4.70530700684, 3.66985583305, 1.74966442585, 0.627090513706, 0.155244633555, 0.0123443519697, 0.00024678450427, 3.5248187487e-05],
        "dvar": [0.242363631725, 19.0945968628, 102.864822388, 381.536804199, 355.770202637, 141.292190552, 220.318115234, 650.072875977, 2234.51074219, 1915.4777832, 1001.44995117, 1728.78112793, 1562.42773438, 792.371887207, 1486.60119629, 946.340515137, 549.389709473, 790.900878906, 587.704101562, 700.501281738, 419.434783936, 407.960235596, 172.181228638, 193.288040161, 157.871520996, 122.866203308, 165.887023926, 122.957580566, 120.26348114, 131.081039429, 111.163475037, 75.2163238525, 47.7233505249, 31.0404243469, 8.17378807068, 1.12676262856, 0.0842050537467, 0.000881538726389, 2.90122159186e-07, 1.23559285026e-09],
        "dvar2": [0.431295067072, 45.0429420471, 262.146728516, 1068.13098145, 974.301452637, 400.845703125, 547.010498047, 1724.93566895, 5746.77636719, 4610.21728516, 2550.73779297, 4450.23632812, 3931.10131836, 2077.29321289, 3965.50097656, 2431.828125, 1329.00927734, 2003.45690918, 1454.45153809, 1517.38024902, 1061.94799805, 1066.8067627, 387.477172852, 417.991790771, 363.948577881, 254.761581421, 375.074462891, 271.043701172, 257.561035156, 304.587280273, 247.523193359, 160.646835327, 104.158439636, 66.7063903809, 16.4201984406, 2.36182332039, 0.19840465486, 0.0022764345631, 7.26521534489e-07, 2.55823406903e-09],
        "max": [5.63151693344, 48.9435424805, 133.21421814, 244.445861816, 271.097320557, 162.508773804, 293.91192627, 402.840789795, 817.646362305, 1465.84240723, 964.674377441, 870.948181152, 892.872558594, 498.044952393, 853.747680664, 696.414916992, 522.770996094, 771.037597656, 544.434020996, 676.680053711, 473.569091797, 702.036010742, 498.168151855, 590.21685791, 515.770263672, 398.380950928, 349.944824219, 210.275482178, 266.50579834, 208.726135254, 191.627456665, 178.645797729, 123.495735168, 123.817314148, 84.5202026367, 39.5814323425, 3.03416419029, 0.492073535919, 0.00974073912948, 0.000419560674345],
        "mean": [0.323821634054, 3.2579100132, 6.79673624039, 9.75121498108, 10.4021196365, 10.8767700195, 13.3662891388, 21.5923023224, 36.4585227966, 34.3096580505, 27.7737140656, 34.7887382507, 35.6688423157, 27.6623001099, 30.2641868591, 23.5729522705, 21.4564647675, 23.9257011414, 25.0765323639, 22.4303226471, 21.32097435, 18.1093883514, 12.217461586, 10.1793079376, 9.27341365814, 9.8072271347, 10.9797000885, 9.33903598785, 9.00939083099, 9.08358669281, 8.79594421387, 7.40985250473, 5.80947494507, 4.24758148193, 2.20608687401, 0.719459950924, 0.114904671907, 0.00582838244736, 0.000179979673703, 6.23037340119e-05],
        "median": [0.0815142840147, 1.11032509804, 3.11416101456, 4.33176183701, 5.13051700592, 6.07717895508, 6.69457912445, 9.47395038605, 13.9974374771, 13.1514606476, 11.8750724792, 12.4896869659, 13.5020809174, 12.0219392776, 10.734582901, 8.92117118835, 10.2303714752, 12.5925121307, 14.0192317963, 12.6500434875, 12.8030920029, 10.9137649536, 7.49439239502, 6.04157161713, 5.2046585083, 4.70446872711, 4.90793609619, 3.68860602379, 3.46323418617, 3.58374404907, 3.52646446228, 2.79000115395, 2.10246562958, 1.62094640732, 0.792249441147, 0.20425671339, 0.0195776335895, 0.000490255537443, 5.36324223503e-05, 4.58956128568e-05],
        "min": [1.49762564516e-21, 7.14263835032e-21, 9.61634862935e-21, 3.0290636711e-20, 1.99028524954e-20, 3.27826120104e-20, 2.38381096527e-19, 6.45952061185e-19, 2.83191072972e-19, 8.2582651789e-19, 8.36971329078e-19, 7.08908674209e-19, 1.68464110201e-18, 2.21108645099e-18, 2.30733098321e-18, 1.97121131118e-18, 2.51529163383e-18, 2.62849460938e-18, 6.41795954236e-18, 5.81445683925e-18, 4.86459127978e-18, 7.41816069646e-18, 9.40849869815e-18, 1.2062326541e-17, 1.00713085968e-17, 1.11681418173e-17, 1.40661914272e-17, 1.65211129384e-17, 1.40794908371e-17, 1.80605705046e-17, 1.70208640316e-17, 1.09921525245e-17, 1.40304870033e-17, 1.11641630785e-17, 9.54037693039e-18, 5.52570793974e-18, 3.21959208485e-18, 1.40092445915e-18, 3.08741673967e-19, 2.78957161931e-20],
        "var": [0.45487138629, 31.1769580841, 116.327560425, 303.231536865, 308.801086426, 194.294952393, 429.131958008, 1142.64831543, 4024.69848633, 4947.16650391, 1932.35754395, 3600.18505859, 3538.69824219, 1713.34729004, 3041.72241211, 1961.22509766, 1152.85986328, 1328.23596191, 1171.88183594, 1249.90576172, 758.478637695, 616.473022461, 324.124389648, 360.315307617, 239.132675171, 280.020172119, 339.299804688, 240.746109009, 261.509979248, 237.13319397, 221.781585693, 165.455566406, 112.66368866, 64.1953735352, 18.1159515381, 1.98400056362, 0.0918503031135, 0.000669745029882, 2.57137884319e-07, 3.02560954069e-09]
    },
    "gfcc": {
        "mean": [25.1712188721, 85.9657363892, -107.459060669, 36.7691497803, -67.7669754028, 31.3179264069, -48.2552719116, 19.0043506622, -22.6012439728, 5.57372426987, -16.9674530029, -2.90561008453, -7.1785941124],
        "cov": [[5212.12841797, -780.774658203, 690.850097656, 597.916687012, -97.3688964844, 222.426422119, -0.499299645424, 69.3225250244, -172.131271362, 288.416107178, -193.039901733, 145.922317505, -155.88142395], [-780.774658203, 971.832824707, 57.0885658264, -65.234664917, 147.339035034, -50.5204849243, 58.0375175476, -28.2971305847, 102.50138092, -105.189453125, 131.880828857, -63.7547187805, 80.9994277954], [690.850097656, 57.0885658264, 906.273193359, 372.201263428, 68.667137146, 51.817691803, -101.466133118, 8.43803787231, -32.1186485291, 60.6816940308, 14.3803529739, 65.3977203369, -7.21621084213], [597.916687012, -65.234664917, 372.201263428, 469.884155273, 141.213226318, 76.9493408203, 0.900316357613, 6.37956285477, 26.2229061127, 47.3834609985, 2.14296483994, 28.8922843933, 20.1258335114], [-97.3688964844, 147.339035034, 68.667137146, 141.213226318, 269.484588623, 93.907081604, 81.5427093506, 30.3796882629, 51.7289848328, 9.35747337341, 13.6680278778, 4.83972358704, 26.5382099152], [222.426422119, -50.5204849243, 51.817691803, 76.9493408203, 93.907081604, 171.566421509, 103.226028442, 32.9030342102, 8.24494552612, 21.6288948059, -2.73238158226, 8.89806079865, 5.01530694962], [-0.499299645424, 58.0375175476, -101.466133118, 0.900316357613, 81.5427093506, 103.226028442, 227.48449707, 60.9588699341, 36.6550178528, 13.6601657867, 11.0650644302, -8.77158164978, 5.53316688538], [69.3225250244, -28.2971305847, 8.43803787231, 6.37956285477, 30.3796882629, 32.9030342102, 60.9588699341, 92.916809082, 42.6625022888, 29.5960483551, 4.22315692902, 8.81879425049, 0.267471939325], [-172.131271362, 102.50138092, -32.1186485291, 26.2229061127, 51.7289848328, 8.24494552612, 36.6550178528, 42.6625022888, 123.700866699, 29.0465126038, 34.5611457825, -8.6367521286, 22.4573822021], [288.416107178, -105.189453125, 60.6816940308, 47.3834609985, 9.35747337341, 21.6288948059, 13.6601657867, 29.5960483551, 29.0465126038, 101.76675415, 13.1859884262, 25.0681877136, -9.89756774902], [-193.039901733, 131.880828857, 14.3803529739, 2.14296483994, 13.6680278778, -2.73238158226, 11.0650644302, 4.22315692902, 34.5611457825, 13.1859884262, 90.9342880249, 12.0786933899, 27.3865146637], [145.922317505, -63.7547187805, 65.3977203369, 28.8922843933, 4.83972358704, 8.89806079865, -8.77158164978, 8.81879425049, -8.6367521286, 25.0681877136, 12.0786933899, 69.7439804077, 13.7705001831], [-155.88142395, 80.9994277954, -7.21621084213, 20.1258335114, 26.5382099152, 5.01530694962, 5.53316688538, 0.267471939325, 22.4573822021, -9.89756774902, 27.3865146637, 13.7705001831, 68.3398971558]],
        "icov": [[0.000411369284848, -0.000301385269267, 0.000123765232274, -0.00066613452509, 0.000638614001218, -0.000570700096432, 0.000139271549415, -0.000389162014471, 0.000700460514054, -0.00119065609761, 0.00100277876481, -0.000662028323859, 0.000617842189968], [-0.000301385269267, 0.00320730009116, -0.00144434673712, 0.00196184008382, -0.00235385424457, 0.00228752661496, -0.00170841568615, 0.00212407414801, -0.00247580534779, 0.00377195933834, -0.00397441349924, 0.00290831038728, -0.00197640317492], [0.000123765232274, -0.00144434673712, 0.00268382206559, -0.00240254588425, 0.00104883464519, -0.00154073385056, 0.00204037735239, -0.00195465818979, 0.00205043330789, -0.00183813902549, 0.000890006194822, -0.00203777826391, 0.00164730916731], [-0.00066613452509, 0.00196184008382, -0.00240254588425, 0.00583198620006, -0.00334541220218, 0.00131407589652, -0.00114326085895, 0.00283017382026, -0.00300658890046, 0.00227489625104, -0.00210790056735, 0.0023220940493, -0.00283742696047], [0.000638614001218, -0.00235385424457, 0.00104883464519, -0.00334541220218, 0.00800757762045, -0.00411293748766, 0.000314989563776, -0.00173159502447, 0.00043614191236, -0.00252268626355, 0.00362871959805, -0.00274391938001, 0.0011061176192], [-0.000570700096432, 0.00228752661496, -0.00154073385056, 0.00131407589652, -0.00411293748766, 0.0120440945029, -0.00539084430784, 0.0012583155185, -0.000540379201993, 0.00217230455019, -0.00241278181784, 0.00213918765076, -0.00238984776661], [0.000139271549415, -0.00170841568615, 0.00204037735239, -0.00114326085895, 0.000314989563776, -0.00539084430784, 0.00922528188676, -0.00513947987929, 0.00158698949963, -0.00176766410004, 0.000642116938252, -0.000389172928408, 0.00148477090988], [-0.000389162014471, 0.00212407414801, -0.00195465818979, 0.00283017382026, -0.00173159502447, 0.0012583155185, -0.00513947987929, 0.0185182709247, -0.00755802961066, 0.000653869588859, -0.000566601578612, -0.000566001224797, -0.000601889158133], [0.000700460514054, -0.00247580534779, 0.00205043330789, -0.00300658890046, 0.00043614191236, -0.000540379201993, 0.00158698949963, -0.00755802961066, 0.0164654105902, -0.00759692955762, -6.48218847346e-05, 0.0018558492884, -0.00145349348895], [-0.00119065609761, 0.00377195933834, -0.00183813902549, 0.00227489625104, -0.00252268626355, 0.00217230455019, -0.00176766410004, 0.000653869588859, -0.00759692955762, 0.0205078162253, -0.00757038407028, -0.00100605387706, 0.00161322089843], [0.00100277876481, -0.00397441349924, 0.000890006194822, -0.00210790056735, 0.00362871959805, -0.00241278181784, 0.000642116938252, -0.000566601578612, -6.48218847346e-05, -0.00757038407028, 0.0205515921116, -0.00600039726123, -0.00167099188548], [-0.000662028323859, 0.00290831038728, -0.00203777826391, 0.0023220940493, -0.00274391938001, 0.00213918765076, -0.000389172928408, -0.000566001224797, 0.0018558492884, -0.00100605387706, -0.00600039726123, 0.0224387478083, -0.00778625067323], [0.000617842189968, -0.00197640317492, 0.00164730916731, -0.00283742696047, 0.0011061176192, -0.00238984776661, 0.00148477090988, -0.000601889158133, -0.00145349348895, 0.00161322089843, -0.00167099188548, -0.00778625067323, 0.0219719279557]]
    },
    "melbands": {
        "dmean": [0.00223741517402, 0.00260312668979, 0.00142301025335, 0.000552137440536, 0.000291269592708, 0.000305736262817, 0.000349474517861, 0.000218643937842, 0.00012952448742, 0.000139908166602, 0.000105892126157, 6.98160656611e-05, 6.09355738561e-05, 5.06182186655e-05, 2.9316126529e-05, 2.93617722491e-05, 2.6026609703e-05, 2.40690624196e-05, 1.8547534637e-05, 1.65508827195e-05, 1.40407182698e-05, 1.15336642921e-05, 7.23638595446e-06, 5.79604102313e-06, 4.6738700803e-06, 4.5178221626e-06, 3.49604101757e-06, 3.67681195712e-06, 4.05453465646e-06, 3.56962141268e-06, 3.15623879033e-06, 2.96362554764e-06, 2.97401015814e-06, 3.15736679113e-06, 2.89596823677e-06, 2.98438635582e-06, 2.48308947448e-06, 2.29862394008e-06, 2.27159421229e-06, 2.16465628e-06],
        "dmean2": [0.00323376338929, 0.004108666908, 0.00247126049362, 0.000935960153583, 0.000478407484479, 0.000504449184518, 0.000571437878534, 0.000353262003046, 0.000211105667404, 0.000230259785894, 0.000174672270077, 0.000114010836114, 9.96654125629e-05, 8.30448043416e-05, 4.70483028039e-05, 4.79092086607e-05, 4.27326485806e-05, 3.93700829591e-05, 2.96260495816e-05, 2.66206843662e-05, 2.33977079915e-05, 1.89943039004e-05, 1.17853842312e-05, 9.46881391428e-06, 7.44221688365e-06, 7.24988285583e-06, 5.57242219656e-06, 5.70569727643e-06, 6.44643705527e-06, 5.61897832085e-06, 4.88892237627e-06, 4.58805607195e-06, 4.57430223832e-06, 4.92520348416e-06, 4.43528961114e-06, 4.53913980891e-06, 3.71523583453e-06, 3.45021499015e-06, 3.46168553733e-06, 3.31724231728e-06],
        "dvar": [2.06659824471e-05, 2.27251148317e-05, 1.05377448563e-05, 9.90645617094e-07, 2.48423560834e-07, 2.88245757929e-07, 4.57595803027e-07, 1.84552874316e-07, 6.33507113434e-08, 7.41053085562e-08, 4.13624938744e-08, 1.55363792942e-08, 1.85640534056e-08, 1.55808503877e-08, 4.48307568846e-09, 3.25688720437e-09, 3.07135517019e-09, 1.79917025722e-09, 1.45361656045e-09, 1.13953324554e-09, 6.59911847389e-10, 6.72659372647e-10, 1.90805315992e-10, 1.83529816344e-10, 1.46930384526e-10, 1.23041868361e-10, 6.15784923053e-11, 6.83500270271e-11, 8.1192691459e-11, 4.95482509189e-11, 4.63897809055e-11, 4.49813034042e-11, 4.23899075563e-11, 4.70632109673e-11, 3.71745967342e-11, 4.55025808699e-11, 2.66782880509e-11, 2.52457447308e-11, 2.49958925086e-11, 2.67351748379e-11],
        "dvar2": [3.91264729842e-05, 5.5837106629e-05, 2.92173808703e-05, 2.71577277999e-06, 6.33100057712e-07, 7.59567797104e-07, 1.17493073049e-06, 4.49890762866e-07, 1.59674101496e-07, 1.92635283724e-07, 1.04535438084e-07, 4.10545553109e-08, 4.87078892775e-08, 4.23742996247e-08, 1.07820810058e-08, 8.19733703139e-09, 7.85027953754e-09, 4.5766439527e-09, 3.18590753778e-09, 2.6164415079e-09, 1.73507908041e-09, 1.79125803079e-09, 4.56168186558e-10, 4.48547976539e-10, 3.21366044886e-10, 2.9234012433e-10, 1.43662970409e-10, 1.4819669103e-10, 1.88157517345e-10, 1.12901646365e-10, 1.04380670773e-10, 9.84025846917e-11, 9.64096094624e-11, 1.12240591821e-10, 8.44759748264e-11, 1.01953556708e-10, 5.77871327179e-11, 5.65906418948e-11, 5.54803251951e-11, 5.97341620612e-11],
        "max": [0.0501786023378, 0.0689318850636, 0.0374480821192, 0.0130587210879, 0.0110059166327, 0.0097724320367, 0.0127386329696, 0.0132797155529, 0.00986480247229, 0.00569082889706, 0.00449899816886, 0.00219827401452, 0.00400557043031, 0.0021835793741, 0.00214928179048, 0.00113043247256, 0.00157425494399, 0.000762716925237, 0.000966681400314, 0.0008336827741, 0.000738152652048, 0.00102314783726, 0.000400688295485, 0.00056639459217, 0.000507224816829, 0.000427917024354, 0.000236207401031, 0.000309995899443, 0.000253320205957, 0.00014283155906, 0.00013460671471, 0.0001628985774, 0.000167567675817, 0.000124807615066, 0.000105938852357, 0.000151552303578, 9.93201538222e-05, 9.17446814128e-05, 0.000114377493446, 0.000136006565299],
        "mean": [0.00344666629098, 0.00397030310705, 0.00171966978814, 0.000769124366343, 0.000474129163194, 0.000479625276057, 0.00054810626898, 0.000356672244379, 0.000212809012737, 0.000226207077503, 0.00017901136016, 0.00011510571494, 9.6807933005e-05, 8.14657323644e-05, 4.72335923405e-05, 4.88746263727e-05, 4.31747430412e-05, 4.11753717344e-05, 3.21761399391e-05, 2.82525561488e-05, 2.36613414017e-05, 1.95404536498e-05, 1.28752099045e-05, 9.98692667054e-06, 7.94971674623e-06, 7.54359598432e-06, 6.0650472733e-06, 6.63298897052e-06, 7.04533613316e-06, 6.10190045336e-06, 5.14850898981e-06, 5.02615421283e-06, 4.99192401548e-06, 5.06981677972e-06, 4.99261886944e-06, 4.99594580106e-06, 4.31235139331e-06, 4.04194952353e-06, 3.85993416785e-06, 3.53853920387e-06],
        "median": [0.00102695089299, 0.0019157784991, 0.000846366747282, 0.000439037277829, 0.000251790101174, 0.000215981053771, 0.000220004541916, 0.000134927133331, 8.76668782439e-05, 7.71456834627e-05, 6.6351130954e-05, 4.79703958263e-05, 3.41090199072e-05, 2.64814589173e-05, 1.89944839804e-05, 2.28640383284e-05, 2.17781525862e-05, 2.21859045269e-05, 1.7341968487e-05, 1.59966439242e-05, 1.36321832542e-05, 1.09818347482e-05, 7.55433211452e-06, 5.48017396795e-06, 4.44458100901e-06, 4.07916650147e-06, 3.12454085361e-06, 2.94270989798e-06, 3.1325675991e-06, 2.47488083005e-06, 1.94812014342e-06, 1.89682236851e-06, 1.88053138572e-06, 1.94609719983e-06, 1.98938278118e-06, 1.83042880053e-06, 1.57032536663e-06, 1.43121746987e-06, 1.36967537401e-06, 1.30319563141e-06],
        "min": [1.41218234715e-23, 7.37597331498e-24, 4.62645108908e-24, 8.46542217396e-25, 7.61034704536e-24, 1.37302944493e-23, 4.60293751208e-24, 1.05273369473e-23, 6.35438424322e-24, 3.94079725052e-24, 8.67212305822e-24, 9.44813657473e-24, 7.77533020394e-24, 6.28562121027e-24, 2.30323481839e-24, 5.51112270112e-24, 3.90103826647e-24, 1.01104681351e-23, 7.94885909271e-24, 5.07706027106e-24, 5.01623751754e-24, 6.14458747434e-24, 1.13554791813e-23, 8.19728243581e-24, 9.20963631295e-24, 7.98100833004e-24, 6.635238447e-24, 7.46618587038e-24, 9.41020972013e-24, 8.05467610567e-24, 7.82766165867e-24, 7.46968131305e-24, 8.88409313889e-24, 1.08222967729e-23, 9.53187179324e-24, 9.79451040986e-24, 4.87145945333e-24, 9.19715180027e-24, 9.84682450965e-24, 8.13624826758e-24],
        "var": [4.15557406086e-05, 3.35506774718e-05, 8.58625935507e-06, 1.07517701053e-06, 4.8007427722e-07, 5.2683225249e-07, 8.58091652844e-07, 4.55350885886e-07, 1.20102711776e-07, 1.55775452981e-07, 9.20813150174e-08, 3.21864597197e-08, 3.76442770289e-08, 3.02926324025e-08, 8.24624191154e-09, 6.03251271158e-09, 4.76958161855e-09, 3.38690187007e-09, 2.62654831218e-09, 1.92677007682e-09, 1.03897368486e-09, 8.80920392188e-10, 3.15846598875e-10, 3.28555294082e-10, 2.55758525469e-10, 1.66792774037e-10, 1.06306137504e-10, 1.42287570615e-10, 1.53037388317e-10, 9.88307005678e-11, 8.31221272368e-11, 9.13445777351e-11, 7.8622587607e-11, 7.71194497151e-11, 7.16938938772e-11, 8.4209944573e-11, 5.71544374328e-11, 5.61652044317e-11, 5.28535167021e-11, 4.86925326448e-11]
    },
    "mfcc": {
        "mean": [-615.192993164, 110.22794342, 17.6312789917, 10.0898160934, 10.7774028778, 5.04643726349, -1.53571987152, 3.91165328026, 4.16765928268, 4.54316234589, -0.303655296564, 0.928542077541, 0.180360078812],
        "cov": [[4275.76708984, -889.901184082, 526.260009766, 330.233642578, -17.3058013916, 248.425445557, 118.648406982, -52.75365448, 93.4686126709, 30.0302906036, 14.6909971237, 68.3779983521, 26.0103702545], [-889.901184082, 917.269348145, -55.2261619568, -54.8818283081, 51.0812339783, -56.5827026367, 15.2316074371, 47.9379425049, -26.891254425, 6.32511758804, 16.9322376251, 3.15286445618, 13.8486232758], [526.260009766, -55.2261619568, 775.352844238, 271.696594238, 190.73336792, 49.6138381958, 11.1812038422, -40.5759239197, -37.2715835571, -30.7077407837, -41.2139053345, 20.4105415344, 55.5194778442], [330.233642578, -54.8818283081, 271.696594238, 348.896850586, 176.29460144, 93.7506408691, 24.8046302795, 7.94217538834, 28.877286911, 12.232219696, -2.42194151878, 23.5680198669, 34.6964645386], [-17.3058013916, 51.0812339783, 190.73336792, 176.29460144, 265.495239258, 76.669303894, 5.14102506638, 8.57500839233, 13.6783409119, 5.4965596199, -9.42522335052, 9.76569271088, 27.3465595245], [248.425445557, -56.5827026367, 49.6138381958, 93.7506408691, 76.669303894, 176.799789429, 87.6720123291, 46.3981895447, 49.8558883667, 28.0977420807, 20.1909141541, 15.9639778137, 11.5263319016], [118.648406982, 15.2316074371, 11.1812038422, 24.8046302795, 5.14102506638, 87.6720123291, 150.877044678, 66.4123001099, 34.8621520996, 25.80418396, 23.7166233063, 3.25264120102, 5.0280456543], [-52.75365448, 47.9379425049, -40.5759239197, 7.94217538834, 8.57500839233, 46.3981895447, 66.4123001099, 108.846534729, 51.0736465454, 26.1591053009, 24.0779705048, 6.23908138275, 2.45736503601], [93.4686126709, -26.891254425, -37.2715835571, 28.877286911, 13.6783409119, 49.8558883667, 34.8621520996, 51.0736465454, 105.59286499, 44.1952857971, 30.6817741394, 18.2708721161, 5.53648042679], [30.0302906036, 6.32511758804, -30.7077407837, 12.232219696, 5.4965596199, 28.0977420807, 25.80418396, 26.1591053009, 44.1952857971, 81.3763046265, 44.4040184021, 16.0519294739, 6.70405197144], [14.6909971237, 16.9322376251, -41.2139053345, -2.42194151878, -9.42522335052, 20.1909141541, 23.7166233063, 24.0779705048, 30.6817741394, 44.4040184021, 81.3860092163, 35.1407279968, 8.86764621735], [68.3779983521, 3.15286445618, 20.4105415344, 23.5680198669, 9.76569271088, 15.9639778137, 3.25264120102, 6.23908138275, 18.2708721161, 16.0519294739, 35.1407279968, 67.1589126587, 27.7501163483], [26.0103702545, 13.8486232758, 55.5194778442, 34.6964645386, 27.3465595245, 11.5263319016, 5.0280456543, 2.45736503601, 5.53648042679, 6.70405197144, 8.86764621735, 27.7501163483, 64.4245071411]],
