{
"lowlevel": {
    "average_loudness": 0.919500350952,
    "barkbands_crest": {
        "dmean": 2.68207359314,
        "dmean2": 4.44198703766,
        "dvar": 5.96532917023,
        "dvar2": 16.3052597046,
        "max": 25.2873935699,
        "mean": 9.83610534668,
        "median": 9.10293579102,
        "min": 2.59583425522,
        "var": 15.4945936203
    },
    "barkbands_flatness_db": {
        "dmean": 0.018808176741,
        "dmean2": 0.0298231821507,
        "dvar": 0.000313123833621,
        "dvar2": 0.000798927154392,
        "max": 0.388177961111,
        "mean": 0.143937900662,
        "median": 0.135692849755,
        "min": 0.0327264145017,
        "var": 0.00232504121959
    },
    "barkbands_kurtosis": {
        "dmean": 1.94744110107,
        "dmean2": 3.16170597076,
        "dvar": 16.0001831055,
        "dvar2": 42.1713027954,
        "max": 143.244552612,
        "mean": 2.75562930107,
        "median": 1.21131014824,
        "min": -1.92423534393,
        "var": 30.478477478
    },
    "barkbands_skewness": {
        "dmean": 0.438261717558,
        "dmean2": 0.681866705418,
        "dvar": 0.228640109301,
        "dvar2": 0.530224502087,
        "max": 9.35720729828,
        "mean": 1.09860002995,
        "median": 0.946037173271,
        "min": -2.73243093491,
        "var": 1.00265491009
    },
    "barkbands_spread": {
        "dmean": 4.89888620377,
        "dmean2": 7.47866344452,
        "dvar": 45.3673286438,
        "dvar2": 86.6823577881,
        "max": 118.010574341,
        "mean": 20.9834861755,
        "median": 18.4987125397,
        "min": 0.821880280972,
        "var": 176.62689209
    },
    "dissonance": {
        "dmean": 0.0246980600059,
        "dmean2": 0.0421811491251,
        "dvar": 0.000556160695851,
        "dvar2": 0.00154279125854,
        "max": 0.5,
        "mean": 0.456082969904,
        "median": 0.464761793613,
        "min": 0.234674170613,
        "var": 0.0011909872992
    },
    "dynamic_complexity": 3.11454105377,
    "erbbands_crest": {
        "dmean": 3.17332243919,
        "dmean2": 5.11821889877,
        "dvar": 8.54409790039,
        "dvar2": 20.572145462,
        "max": 31.2516613007,
        "mean": 11.3484449387,
        "median": 10.4989452362,
        "min": 2.44793319702,
        "var": 26.8536949158
    },
    "erbbands_flatness_db": {
        "dmean": 0.0175529755652,
        "dmean2": 0.0264016855508,
        "dvar": 0.00026412573061,
        "dvar2": 0.00056986376876,
        "max": 0.342903077602,
        "mean": 0.173261106014,
        "median": 0.170879930258,
        "min": 0.0593226663768,
        "var": 0.00229376927018
    },
    "erbbands_kurtosis": {
        "dmean": 1.38767051697,
        "dmean2": 2.19692611694,
        "dvar": 3.65425729752,
        "dvar2": 9.25635433197,
        "max": 38.8157730103,
        "mean": 2.09704899788,
        "median": 1.3208220005,
        "min": -1.77170670033,
        "var": 9.60654830933
    },
    "erbbands_skewness": {
        "dmean": 0.383303612471,
        "dmean2": 0.593570113182,
        "dvar": 0.133117571473,
        "dvar2": 0.30270627141,
        "max": 4.59940719604,
        "mean": 0.669537305832,
        "median": 0.657333135605,
        "min": -3.27593851089,
        "var": 0.606936097145
    },
    "erbbands_spread": {
        "dmean": 6.77464056015,
        "dmean2": 10.0986194611,
        "dvar": 75.7829284668,
        "dvar2": 150.403533936,
        "max": 163.216506958,
        "mean": 29.0996227264,
        "median": 23.9211788177,
        "min": 1.88571691513,
        "var": 371.0546875
    },
    "hfc": {
        "dmean": 7.28017950058,
        "dmean2": 11.0114850998,
        "dvar": 117.168434143,
        "dvar2": 249.401016235,
        "max": 291.19543457,
        "mean": 27.3650932312,
        "median": 23.0979919434,
        "min": 1.20457217174e-16,
        "var": 513.242553711
    },
    "melbands_crest": {
        "dmean": 3.30014944077,
        "dmean2": 5.42374753952,
        "dvar": 9.46001434326,
        "dvar2": 24.6703987122,
        "max": 34.6623916626,
        "mean": 12.8916082382,
        "median": 11.8058710098,
        "min": 1.21194159985,
        "var": 27.6034088135
    },
    "melbands_flatness_db": {
        "dmean": 0.0221720058471,
        "dmean2": 0.0342300459743,
        "dvar": 0.000494492123835,
        "dvar2": 0.00118273356929,
        "max": 0.520462095737,
        "mean": 0.190676733851,
        "median": 0.179631054401,
        "min": 0.000232176491409,
        "var": 0.00431301118806
    },
    "melbands_kurtosis": {
        "dmean": 4.07165050507,
        "dmean2": 6.51492071152,
        "dvar": 75.2758712769,
        "dvar2": 185.805847168,
        "max": 250.424102783,
        "mean": 7.29162120819,
        "median": 3.45593070984,
        "min": -1.88219368458,
        "var": 156.328125
    },
    "melbands_skewness": {
        "dmean": 0.577910959721,
        "dmean2": 0.896749317646,
        "dvar": 0.427878171206,
        "dvar2": 0.984467327595,
        "max": 13.0778341293,
        "mean": 1.74461555481,
        "median": 1.48520445824,
        "min": -1.42294025421,
        "var": 1.91522884369
    },
    "melbands_spread": {
        "dmean": 5.83732318878,
        "dmean2": 9.15010070801,
        "dvar": 76.7918243408,
        "dvar2": 157.551269531,
        "max": 252.995071411,
        "mean": 24.5699501038,
        "median": 22.6215305328,
        "min": 0.9560572505,
        "var": 272.766937256
    },
    "pitch_salience": {
        "dmean": 0.0682347267866,
        "dmean2": 0.111360795796,
        "dvar": 0.00371729535982,
        "dvar2": 0.00978475809097,
        "max": 0.994152486324,
        "mean": 0.543944835663,
        "median": 0.547189831734,
        "min": 0.162555024028,
        "var": 0.0120427524671
    },
    "silence_rate_20dB": {
        "dmean": 0,
        "dmean2": 0,
        "dvar": 0,
        "dvar2": 0,
        "max": 1,
        "mean": 1,
        "median": 1,
        "min": 1,
        "var": 0
    },
    "silence_rate_30dB": {
        "dmean": 0.00454708607867,
        "dmean2": 0.00909526087344,
        "dvar": 0.00452597346157,
        "dvar2": 0.012603356503,
        "max": 1,
        "mean": 0.99724817276,
        "median": 1,
        "min": 0,
        "var": 0.0027443128638
    },
    "silence_rate_60dB": {
        "dmean": 0.0145985400304,
        "dmean2": 0.0292005743831,
        "dvar": 0.0143858967349,
        "dvar2": 0.0331366807222,
        "max": 1,
        "mean": 0.0740607827902,
        "median": 0,
        "min": 0,
        "var": 0.0685829296708
    },
    "spectral_centroid": {
        "dmean": 179.405151367,
        "dmean2": 277.021972656,
        "dvar": 54021.3125,
        "dvar2": 109234.03125,
        "max": 11160.7294922,
        "mean": 1224.52392578,
        "median": 1186.01000977,
        "min": 248.618865967,
        "var": 277270.875
    },
    "spectral_complexity": {
        "dmean": 3.10039496422,
        "dmean2": 4.78123521805,
        "dvar": 10.3808898926,
        "dvar2": 21.3571300507,
        "max": 54,
        "mean": 19.5653266907,
        "median": 19,
        "min": 0,
        "var": 91.3659591675
    },
    "spectral_decrease": {
        "dmean": 2.4837063517e-09,
        "dmean2": 3.95932975294e-09,
        "dvar": 1.32273144808e-17,
        "dvar2": 3.33078798936e-17,
        "max": 1.28699931496e-28,
        "mean": -7.65363239452e-09,
        "median": -7.19545445449e-09,
        "min": -5.34842214961e-08,
        "var": 2.73091495478e-17
    },
    "spectral_energy": {
        "dmean": 0.00983579549938,
        "dmean2": 0.0156499054283,
        "dvar": 0.000198328692932,
        "dvar2": 0.000498351058923,
        "max": 0.203808486462,
        "mean": 0.0313686579466,
        "median": 0.0296689234674,
        "min": 1.04400831945e-20,
        "var": 0.000441086885985
    },
    "spectral_energyband_high": {
        "dmean": 0.000367504224414,
        "dmean2": 0.000515311141498,
        "dvar": 8.99584790659e-07,
        "dvar2": 1.61835760082e-06,
        "max": 0.0272397212684,
        "mean": 0.000999245909043,
        "median": 0.000442618271336,
        "min": 7.95706309466e-21,
        "var": 2.68454641628e-06
    },
    "spectral_energyband_low": {
        "dmean": 0.00515116890892,
        "dmean2": 0.00848199427128,
        "dvar": 0.000142797856824,
        "dvar2": 0.000369606743334,
        "max": 0.184738665819,
        "mean": 0.0085582640022,
        "median": 0.00548246083781,
        "min": 3.35699190237e-23,
        "var": 0.000147657861817
    },
    "spectral_energyband_middle_high": {
        "dmean": 0.00339018879458,
        "dmean2": 0.00533567229286,
        "dvar": 2.57783394773e-05,
        "dvar2": 6.52102098684e-05,
        "max": 0.115904144943,
        "mean": 0.01006236393,
        "median": 0.006387793459,
        "min": 1.41279893977e-21,
        "var": 0.000113737281936
    },
    "spectral_energyband_middle_low": {
        "dmean": 0.0047451434657,
        "dmean2": 0.00754025299102,
        "dvar": 4.4542739488e-05,
        "dvar2": 0.000111940535135,
        "max": 0.110167816281,
        "mean": 0.0125592164695,
        "median": 0.00995223876089,
        "min": 1.91306254228e-22,
        "var": 0.000118940537504
    },
    "spectral_entropy": {
        "dmean": 0.14166687429,
        "dmean2": 0.207999289036,
        "dvar": 0.0210134927183,
        "dvar2": 0.0419194623828,
        "max": 9.79350185394,
        "mean": 7.53875875473,
        "median": 7.59074115753,
        "min": 5.65913486481,
        "var": 0.210726171732
    },
    "spectral_flux": {
        "dmean": 0.0244475994259,
        "dmean2": 0.038313165307,
        "dvar": 0.000727202103008,
        "dvar2": 0.00159536034334,
        "max": 0.40375828743,
        "mean": 0.0953080281615,
        "median": 0.0912928879261,
        "min": 7.09598629856e-11,
        "var": 0.00245585758239
    },
    "spectral_kurtosis": {
        "dmean": 1.56817293167,
        "dmean2": 2.57066607475,
        "dvar": 4.48065042496,
        "dvar2": 13.1575527191,
        "max": 58.6371269226,
        "mean": 5.24658441544,
        "median": 4.29123258591,
        "min": -1.45437860489,
        "var": 19.4662036896
    },
    "spectral_rms": {
        "dmean": 0.000791358761489,
        "dmean2": 0.00123391649686,
        "dvar": 7.89077034824e-07,
        "dvar2": 1.91487742995e-06,
        "max": 0.0141009762883,
        "mean": 0.00517794536427,
        "median": 0.00538008287549,
        "min": 3.19146467066e-12,
        "var": 3.79239463655e-06
    },
    "spectral_rolloff": {
        "dmean": 408.655090332,
        "dmean2": 680.58380127,
        "dvar": 965876.3125,
        "dvar2": 1857812.5,
        "max": 18690.8203125,
        "mean": 1451.45703125,
        "median": 1184.32617188,
        "min": 43.06640625,
        "var": 2138303.75
    },
    "spectral_skewness": {
        "dmean": 0.20307521522,
        "dmean2": 0.318397283554,
        "dvar": 0.0420560985804,
        "dvar2": 0.103353813291,
        "max": 5.73831796646,
        "mean": 1.78667998314,
        "median": 1.72202658653,
        "min": -0.39315110445,
        "var": 0.31785094738
    },
    "spectral_spread": {
        "dmean": 525448.1875,
        "dmean2": 730531.875,
        "dvar": 698819674112,
        "dvar2": 1.13374108058e+12,
        "max": 41704488,
        "mean": 4758013,
        "median": 4450675,
        "min": 1208383,
        "var": 3.56219905638e+12
    },
    "spectral_strongpeak": {
        "dmean": 0.901725172997,
        "dmean2": 1.52422237396,
        "dvar": 1.44539213181,
        "dvar2": 3.6472735405,
        "max": 12.009147644,
        "mean": 1.65090751648,
        "median": 0.902705252171,
        "min": 0,
        "var": 3.18724870682
    },
    "zerocrossingrate": {
        "dmean": 0.00945356208831,
        "dmean2": 0.0109657002613,
        "dvar": 0.000209541147342,
        "dvar2": 0.000225926734856,
        "max": 0.64501953125,
        "mean": 0.0626966431737,
        "median": 0.05615234375,
        "min": 0.00439453125,
        "var": 0.001463365159
    },
    "barkbands": {
        "dmean": [0.000394408736611, 0.00393350608647, 0.00144858181011, 0.000788531324361, 0.00135324860457, 0.0014874311164, 0.000973995076492, 0.000671225890983, 0.00180098041892, 0.0013174933847, 0.001428162097, 0.00092901737662, 0.000740254530683, 0.000624879263341, 0.000432292144978, 0.000214487023186, 0.000165304154507, 0.000127386854729, 0.000122897807159, 9.67095256783e-05, 6.79567165207e-05, 6.99468364473e-05, 7.09646337782e-05, 9.32995244511e-05, 0.000108289583295, 2.96585458273e-05, 7.31478237981e-08],
        "dmean2": [0.000656967924442, 0.00664514210075, 0.0024671733845, 0.00136923766695, 0.00222082762048, 0.00236930581741, 0.00156520749442, 0.00108275632374, 0.00288502383046, 0.00209210533649, 0.00226614042185, 0.00146822584793, 0.00117251568008, 0.00101150188129, 0.000697415671311, 0.000348760251654, 0.000264833535766, 0.000204329189728, 0.000200366499485, 0.000152774446178, 0.000110594708531, 0.00011025639833, 0.000107368578028, 0.00013651176414, 0.00015338936646, 4.21454424213e-05, 1.31462059016e-07],
        "dvar": [7.43040118323e-07, 0.00010354128608, 1.04805903902e-05, 2.44947045758e-06, 7.31269756216e-06, 6.81768142385e-06, 5.51870198251e-06, 2.9969771731e-06, 1.51491512952e-05, 8.29020336823e-06, 1.29990448841e-05, 4.66238134322e-06, 2.93271182272e-06, 2.06981189876e-06, 9.03508862393e-07, 2.94749014529e-07, 2.27351478088e-07, 6.15412076854e-08, 4.31895621489e-08, 3.41552279792e-08, 2.09075388113e-08, 2.55851659858e-08, 3.80018079227e-08, 8.92720279921e-08, 2.20596490408e-07, 9.96639126782e-09, 2.90730005174e-12],
        "dvar2": [1.92019433598e-06, 0.000276520760963, 2.93365374091e-05, 6.85344321028e-06, 1.79267208296e-05, 1.77173624252e-05, 1.42001936183e-05, 7.59093882152e-06, 4.00716417062e-05, 1.86966299225e-05, 3.36137491104e-05, 1.10006667455e-05, 6.81484380038e-06, 5.15973897564e-06, 2.14715737457e-06, 7.24987046397e-07, 5.5077646266e-07, 1.46988085703e-07, 1.13913699806e-07, 7.7994307901e-08, 5.36678470553e-08, 5.92392730425e-08, 7.83244189506e-08, 1.68702342762e-07, 4.12565299257e-07, 1.83316846147e-08, 8.13885764339e-12],
        "max": [0.0182060524821, 0.156384855509, 0.0617649033666, 0.0258843973279, 0.0483335852623, 0.0486275032163, 0.0760867148638, 0.03332420066, 0.0924697965384, 0.0787562727928, 0.111963480711, 0.0474983602762, 0.0510353073478, 0.0353427641094, 0.0268845763057, 0.0145098306239, 0.0192535370588, 0.0110237784684, 0.00344837759621, 0.00477363169193, 0.00396968750283, 0.0039459769614, 0.00694456743076, 0.00892408471555, 0.0174165759236, 0.00299070309848, 8.56172991917e-05],
        "mean": [0.000542802968994, 0.00504100834951, 0.00244481232949, 0.00115474581253, 0.0023318498861, 0.00280269281939, 0.00154208799358, 0.000996814807877, 0.00311097153462, 0.00210514455102, 0.00243401830085, 0.00162318861112, 0.001277215546, 0.00103056582157, 0.000711849890649, 0.000336001336109, 0.000291701609967, 0.000243454516749, 0.000244539172854, 0.000202106137294, 0.000142972261528, 0.000154917433974, 0.000158214752446, 0.000198060908588, 0.000197045214009, 4.98784138472e-05, 4.58473827791e-08],
        "median": [8.84221954038e-05, 0.00233406433836, 0.00115491496399, 0.000543669098988, 0.00136715057306, 0.0015159198083, 0.000598118000198, 0.000380993325962, 0.000941776786931, 0.000522996531799, 0.000425000267569, 0.000429155654274, 0.000300249666907, 0.000285820919089, 0.000280074658804, 0.000155981193529, 0.000128009385662, 0.000139317300636, 0.000148834194988, 0.000105423372588, 6.36937475065e-05, 5.70204319956e-05, 6.13817101112e-05, 6.85189443175e-05, 5.49438736925e-05, 9.52907794272e-06, 6.30580032634e-10],
        "min": [6.45068956582e-24, 1.15424218609e-23, 6.29725572533e-24, 3.75765017517e-24, 4.25316628969e-23, 2.06691402152e-23, 3.40184180027e-23, 3.20974975223e-23, 2.22153422993e-23, 6.30677380546e-23, 1.21255633037e-22, 4.02520378966e-23, 1.03531840695e-22, 1.06923292566e-22, 1.60951038057e-22, 1.09948062956e-22, 1.28180506498e-22, 1.14752554035e-22, 2.43223487564e-22, 2.28263352652e-22, 2.26696990439e-22, 4.63451566145e-22, 4.64679109444e-22, 5.88163583771e-22, 1.19944026195e-21, 1.44392575026e-21, 2.4998761263e-21],
        "var": [1.25086489788e-06, 8.90191440703e-05, 1.43772413139e-05, 3.04893683278e-06, 1.08901140266e-05, 1.52778156917e-05, 9.01597832126e-06, 4.51871164842e-06, 3.31914452545e-05, 2.21389636863e-05, 3.22026717186e-05, 1.15933125926e-05, 8.58095154399e-06, 4.36992513642e-06, 1.87754005765e-06, 4.23587295018e-07, 4.58459510355e-07, 1.99541446477e-07, 8.30975324106e-08, 8.41453626776e-08, 4.69078287324e-08, 6.7261737513e-08, 8.5652438031e-08, 2.04628946676e-07, 4.18479061182e-07, 2.05985610791e-08, 1.76913561925e-12]
    },
    "erbbands": {
        "dmean": [0.148535639048, 0.79022371769, 1.61610627174, 2.07483839989, 3.822930336, 4.48699092865, 8.85182285309, 13.5494632721, 14.1874990463, 12.1727581024, 17.2739009857, 35.6975822449, 46.1881065369, 47.5744819641, 44.1007041931, 33.292049408, 31.0355587006, 31.3830242157, 22.8091220856, 18.175699234, 10.5861387253, 8.82488822937, 6.39350700378, 6.9881439209, 5.1342291832, 4.45082712173, 3.05558013916, 2.59798908234, 2.52786612511, 2.23825955391, 2.02015948296, 1.85292482376, 1.67628479004, 1.25523340702, 0.789596796036, 0.225594744086, 0.0345812961459, 0.00170704943594, 5.12813312525e-05, 1.38897294164e-05],
        "dmean2": [0.253256857395, 1.33628535271, 2.77516841888, 3.54862856865, 6.42474508286, 7.456823349, 14.1499557495, 21.5843086243, 23.0609111786, 19.4400997162, 27.3657112122, 57.090839386, 73.3566513062, 75.9174423218, 69.1623916626, 52.3371543884, 48.7718811035, 49.4984931946, 36.3092918396, 29.4333877563, 17.0924797058, 14.0107030869, 10.0546369553, 11.3493318558, 8.27972602844, 7.02343130112, 4.90023565292, 4.23434877396, 4.03576374054, 3.46693253517, 3.0675303936, 2.78992581367, 2.43887162209, 1.82401013374, 1.1305898428, 0.317563414574, 0.0508576594293, 0.0026477437932, 7.49422615627e-05, 2.12269715121e-05],
        "dvar": [0.147525414824, 4.28718471527, 14.3917732239, 15.9989023209, 89.6857299805, 68.2852554321, 332.636535645, 596.435546875, 1376.22387695, 862.867248535, 1690.43518066, 6384.19580078, 10638.8671875, 9649.56054688, 15308.1513672, 5888.61181641, 5654.92138672, 4576.83935547, 2908.57470703, 1743.6842041, 736.393432617, 487.237213135, 148.573410034, 170.521896362, 83.492980957, 86.2712554932, 38.8154792786, 36.9404907227, 31.8476200104, 33.1210594177, 33.9075202942, 30.1704292297, 32.3785476685, 30.0410804749, 11.1937770844, 0.627352654934, 0.0145241720602, 0.000145527694258, 8.4916052856e-08, 4.67446914509e-10],
        "dvar2": [0.402589201927, 11.5407276154, 40.746925354, 44.1040916443, 222.011627197, 179.844924927, 827.63659668, 1499.60998535, 3570.30200195, 2230.43774414, 4150.52001953, 16413.5976562, 26941.8457031, 23459.8164062, 39364.6367188, 14365.8398438, 13129.2431641, 11195.2753906, 6972.17285156, 4299.38818359, 1889.0612793, 1121.7286377, 341.20513916, 432.52230835, 214.500274658, 191.689743042, 97.0810012817, 95.9054870605, 77.2289581299, 73.0452270508, 70.5604400635, 62.0282974243, 58.9765281677, 55.2336273193, 22.1500110626, 1.07923555374, 0.0289977565408, 0.000348733999999, 1.87078413205e-07, 1.01105468442e-09],
        "max": [5.54884529114, 34.3977775574, 64.1238937378, 81.7024154663, 145.698104858, 161.368408203, 351.304840088, 467.75970459, 1191.23352051, 675.226074219, 784.137695312, 1858.29162598, 3135.67651367, 2190.64086914, 4829.65478516, 1695.9440918, 1960.76782227, 1938.72949219, 1148.25012207, 1102.36657715, 1015.26470947, 564.286254883, 425.831176758, 393.290863037, 163.739883423, 327.853546143, 198.251876831, 159.709609985, 104.115898132, 201.024963379, 203.039962769, 139.850372314, 166.088500977, 223.906219482, 102.506225586, 24.1616191864, 3.10492444038, 0.45261195302, 0.0158592797816, 0.000542441150174],
        "mean": [0.171599060297, 1.03244972229, 2.67837572098, 3.57302308083, 5.67594099045, 7.38919973373, 16.107717514, 24.0348320007, 23.738822937, 18.883769989, 29.5015735626, 60.2856445312, 81.0187606812, 85.7715988159, 80.8855361938, 63.0472831726, 58.682384491, 56.998210907, 40.0242805481, 30.6409435272, 18.4602680206, 16.6915683746, 13.11328125, 14.3103084564, 11.1121063232, 9.41018772125, 6.45843648911, 5.70998096466, 5.46863508224, 4.8862323761, 4.44657850266, 4.02092504501, 3.31002879143, 2.31010460854, 1.33835411072, 0.410610347986, 0.0521445088089, 0.00191941007506, 8.71386000654e-05, 4.51355299447e-05],
        "median": [0.05903493613, 0.522152781487, 1.40306782722, 2.05867981911, 2.71652078629, 4.46672153473, 7.4160118103, 12.5508670807, 9.69104576111, 9.05837249756, 12.6777486801, 20.1338062286, 24.0891647339, 25.4909667969, 21.1483955383, 19.4597167969, 17.1864814758, 18.3821868896, 16.5419044495, 14.0844841003, 9.36877727509, 7.88665962219, 7.66512489319, 8.79055976868, 6.70086288452, 5.11080646515, 3.19576525688, 2.24767112732, 1.98635482788, 1.99561786652, 1.65005123615, 1.42950320244, 1.07507038116, 0.687790513039, 0.331745445728, 0.0893619060516, 0.00772004760802, 0.000202155148145, 3.203178494e-05, 4.03027770517e-05],
        "min": [3.75990999345e-22, 2.19017190975e-21, 9.02361555932e-21, 1.19408424729e-20, 5.69574339325e-20, 1.74955084355e-19, 1.55172387922e-19, 1.95557943291e-19, 3.8375185948e-19, 5.24671305062e-19, 7.51738483665e-19, 5.68742609219e-19, 1.4124590792e-18, 4.08711429588e-18, 3.25166663349e-18, 2.52904599306e-18, 4.59840828097e-18, 4.66291430668e-18, 8.31516693324e-18, 6.00962886401e-18, 6.91410619608e-18, 7.08236589961e-18, 5.8607851574e-18, 1.09628819113e-17, 1.2517006217e-17, 1.16676497194e-17, 1.2566345059e-17, 8.86346112073e-18, 1.56948637312e-17, 1.56280043767e-17, 1.53150108134e-17, 1.35025050629e-17, 1.07354320583e-17, 9.58545000196e-18, 1.08443775352e-17, 5.88646622029e-18, 2.41741300631e-18, 1.41685781891e-18, 3.71221494916e-19, 3.7966158706e-20],
        "var": [0.127196758986, 3.60336232185, 16.2524414062, 22.4428863525, 101.208694458, 96.3686065674, 730.753601074, 1249.37719727, 2371.03613281, 1030.9465332, 3363.76928711, 12005.7353516, 26081.7539062, 22885.3789062, 33576.9921875, 15655.4130859, 15803.7470703, 9756.87109375, 5843.85205078, 2960.73486328, 1092.125, 1237.71179199, 470.667144775, 392.812835693, 171.938354492, 205.168167114, 79.8414001465, 95.3113098145, 82.4260482788, 75.0790176392, 72.0498199463, 68.8704833984, 71.2069625854, 56.9941139221, 19.9976730347, 1.44912862778, 0.0242168251425, 0.000135047826916, 9.67427737919e-08, 1.24711041494e-09]
    },
    "gfcc": {
        "mean": [7.46766328812, 97.8261184692, -125.325180054, 24.2284641266, -67.1000137329, 29.2814617157, -42.2086410522, 16.9599456787, -27.5099582672, 2.83448076248, -11.1543836594, -3.1420211792, -3.17837715149],
        "cov": [[6429.02685547, -1129.44287109, 148.457870483, 471.532806396, -277.459106445, 437.721710205, -65.5779037476, 55.0885810852, -267.7449646, 225.259353638, -174.167007446, 194.041107178, -275.605377197], [-1129.44287109, 1335.42773438, 164.003799438, -27.4388370514, 257.878753662, -194.328491211, 165.619232178, -45.2973937988, 163.572814941, -80.8121261597, 217.6822052, -73.4835586548, 151.264465332], [148.457870483, 164.003799438, 772.492614746, 242.455963135, 73.7802429199, 11.7263565063, -78.1860427856, 61.8534545898, 33.4155502319, 50.2050476074, 14.2474193573, 62.3938674927, -8.16894245148], [471.532806396, -27.4388370514, 242.455963135, 392.964080811, 61.6017150879, 33.0841560364, -5.82264518738, 21.5977878571, 44.5927734375, 9.88286113739, 14.3809480667, 26.2097206116, -0.757507681847], [-277.459106445, 257.878753662, 73.7802429199, 61.6017150879, 251.459442139, 49.272731781, 59.9747772217, 6.84524917603, 17.9782276154, 9.26795578003, 47.4995689392, 0.933567345142, 9.55977535248], [437.721710205, -194.328491211, 11.7263565063, 33.0841560364, 49.272731781, 254.566925049, 85.0926589966, 15.4293355942, -47.4401397705, 35.3531265259, -2.33006763458, 4.91144227982, -45.5095214844], [-65.5779037476, 165.619232178, -78.1860427856, -5.82264518738, 59.9747772217, 85.0926589966, 239.799621582, 38.4481468201, 29.9769191742, 1.4148722887, 50.6328582764, -11.1389551163, 19.310760498], [55.0885810852, -45.2973937988, 61.8534545898, 21.5977878571, 6.84524917603, 15.4293355942, 38.4481468201, 146.121139526, 47.2953987122, 6.38484668732, -5.72210645676, -14.5049762726, 16.947851181], [-267.7449646, 163.572814941, 33.4155502319, 44.5927734375, 17.9782276154, -47.4401397705, 29.9769191742, 47.2953987122, 147.784118652, 9.41111850739, 33.2487373352, -11.0214920044, 41.1614303589], [225.259353638, -80.8121261597, 50.2050476074, 9.88286113739, 9.26795578003, 35.3531265259, 1.4148722887, 6.38484668732, 9.41111850739, 108.797431946, 21.8821163177, 26.3149967194, -25.5787181854], [-174.167007446, 217.6822052, 14.2474193573, 14.3809480667, 47.4995689392, -2.33006763458, 50.6328582764, -5.72210645676, 33.2487373352, 21.8821163177, 138.140884399, 12.5462999344, 40.674621582], [194.041107178, -73.4835586548, 62.3938674927, 26.2097206116, 0.933567345142, 4.91144227982, -11.1389551163, -14.5049762726, -11.0214920044, 26.3149967194, 12.5462999344, 109.607154846, 4.80992460251], [-275.605377197, 151.264465332, -8.16894245148, -0.757507681847, 9.55977535248, -45.5095214844, 19.310760498, 16.947851181, 41.1614303589, -25.5787181854, 40.674621582, 4.80992460251, 108.785324097]],
        "icov": [[0.000334652751917, -0.000428088824265, 0.000347289023921, -0.000706603459548, 0.000803925737273, -0.00069776957389, 0.000356951466529, -0.000685744045768, 0.00077283103019, -0.000791406491771, 0.00054906780133, -0.00075507548172, 0.000494750274811], [-0.000428088824265, 0.004193384666, -0.00220085470937, 0.00234836898744, -0.00389271485619, 0.00380668602884, -0.0031389228534, 0.00392088247463, -0.00306092272513, 0.00344593636692, -0.00404812954366, 0.00373313110322, -0.00186643190682], [0.000347289023921, -0.00220085470937, 0.00310635799542, -0.00239915889688, 0.00176627584733, -0.00212009507231, 0.00251619447954, -0.00313590699807, 0.00182401703205, -0.00243553798646, 0.00197013420984, -0.00287797232158, 0.00128420756664], [-0.000706603459548, 0.00234836898744, -0.00239915889688, 0.00547296693549, -0.00324290362187, 0.00197760015726, -0.00164340715855, 0.00288914819248, -0.0036867884919, 0.00330378022045, -0.00251884921454, 0.00221496773884, -0.00122801726684], [0.000803925737273, -0.00389271485619, 0.00176627584733, -0.00324290362187, 0.00896094739437, -0.00465301936492, 0.00210416922346, -0.00365437474102, 0.00327371945605, -0.00361070944928, 0.00272129056975, -0.00360710173845, 0.00207565911114], [-0.00069776957389, 0.00380668602884, -0.00212009507231, 0.00197760015726, -0.00465301936492, 0.00974768865854, -0.00523618189618, 0.00308397645131, -0.000771847320721, 0.00189645611681, -0.00339253572747, 0.00387470750138, -0.000435459660366], [0.000356951466529, -0.0031389228534, 0.00251619447954, -0.00164340715855, 0.00210416922346, -0.00523618189618, 0.00867475941777, -0.00441311532632, 0.00110790308099, -0.00176658900455, 0.00108424585778, -0.00289857527241, 0.00110686593689], [-0.000685744045768, 0.00392088247463, -0.00313590699807, 0.00288914819248, -0.00365437474102, 0.00308397645131, -0.00441311532632, 0.0128440940753, -0.00587978912517, 0.00296219834127, -0.00203869701363, 0.00516808126122, -0.00355592439882], [0.00077283103019, -0.00306092272513, 0.00182401703205, -0.0036867884919, 0.00327371945605, -0.000771847320721, 0.00110790308099, -0.00587978912517, 0.0131138330325, -0.00533072696999, 0.00221834913827, -0.0018681025831, -0.000527981901541], [-0.000791406491771, 0.00344593636692, -0.00243553798646, 0.00330378022045, -0.00361070944928, 0.00189645611681, -0.00176658900455, 0.00296219834127, -0.00533072696999, 0.0158031191677, -0.00638337992132, 0.00077474268619, 0.00209162314422], [0.00054906780133, -0.00404812954366, 0.00197013420984, -0.00251884921454, 0.00272129056975, -0.00339253572747, 0.00108424585778, -0.00203869701363, 0.00221834913827, -0.00638337992132, 0.01429444924, -0.00403364747763, -0.0018895243993], [-0.00075507548172, 0.00373313110322, -0.00287797232158, 0.00221496773884, -0.00360710173845, 0.00387470750138, -0.00289857527241, 0.00516808126122, -0.0018681025831, 0.00077474268619, -0.00403364747763, 0.014577312395, -0.0039045533631], [0.000494750274811, -0.00186643190682, 0.00128420756664, -0.00122801726684, 0.00207565911114, -0.000435459660366, 0.00110686593689, -0.00355592439882, -0.000527981901541, 0.00209162314422, -0.0018895243993, -0.0039045533631, 0.0146926194429]]
    },
    "melbands": {
        "dmean": [0.00118109432515, 0.000867683032993, 0.000396224058932, 0.00029301471659, 0.000272586359642, 0.000298411265248, 0.000209946054383, 0.0001321688178, 0.000151734086103, 0.000254947663052, 0.00023676926503, 0.000194637963432, 0.000177056266693, 0.00010646613373, 8.4217354015e-05, 7.39955212339e-05, 6.07806759945e-05, 4.16537441197e-05, 3.42210478266e-05, 1.80393672053e-05, 1.27077109937e-05, 1.03496049633e-05, 6.92288131177e-06, 6.60179239276e-06, 6.27359804639e-06, 4.67500694867e-06, 3.88161743103e-06, 3.09059419124e-06, 2.26426664085e-06, 1.62963158346e-06, 1.71886324551e-06, 1.66345944308e-06, 1.35399898227e-06, 1.35686059366e-06, 1.26950908452e-06, 1.21309574297e-06, 1.26745317175e-06, 1.28613112338e-06, 1.1224450418e-06, 1.15018849556e-06],
        "dmean2": [0.00199930998497, 0.00146522826981, 0.000671834510285, 0.000493423605803, 0.000438112067059, 0.000476041692309, 0.000339599093422, 0.000210422265809, 0.000239108529058, 0.000409571948694, 0.000375751638785, 0.000309590803226, 0.000277039798675, 0.000163870136021, 0.000132868459332, 0.0001158384257, 9.67293526628e-05, 6.67456406518e-05, 5.52019810129e-05, 2.93246412184e-05, 2.07480716199e-05, 1.66681802511e-05, 1.10139426397e-05, 1.06400266304e-05, 1.02904132291e-05, 7.65110326029e-06, 6.25910661256e-06, 4.92101798955e-06, 3.63690219274e-06, 2.6816276204e-06, 2.82043788502e-06, 2.70316331807e-06, 2.15368936551e-06, 2.11554151974e-06, 1.97348549591e-06, 1.87381829164e-06, 1.94518679564e-06, 1.93372011381e-06, 1.65492065207e-06, 1.72381066932e-06],
        "dvar": [9.39424717217e-06, 4.4333646656e-06, 5.95705159867e-07, 3.8594694729e-07, 2.89685772259e-07, 2.75063229083e-07, 2.6924277563e-07, 1.05172865972e-07, 1.27109743175e-07, 3.31041206891e-07, 2.72703857718e-07, 1.62946392379e-07, 2.50683655167e-07, 6.36212504901e-08, 5.50616299222e-08, 3.16178692117e-08, 1.85506507933e-08, 1.15692389002e-08, 6.22720985888e-09, 2.27983831813e-09, 1.3439941382e-09, 8.44604108874e-10, 2.39615771669e-10, 2.04302547102e-10, 1.41101352824e-10, 6.54906961994e-11, 5.44122628898e-11, 4.51432953519e-11, 2.1623623031e-11, 1.15448510127e-11, 1.84712332235e-11, 1.4547548062e-11, 1.04990746999e-11, 1.17909969982e-11, 1.4447043388e-11, 1.05471777145e-11, 1.57346184693e-11, 1.90822427304e-11, 1.60304998442e-11, 2.94951597868e-11],
        "dvar2": [2.52341087617e-05, 1.22333522086e-05, 1.61058324011e-06, 9.69653797256e-07, 7.21342416909e-07, 6.98486985584e-07, 7.02514228124e-07, 2.72340628271e-07, 3.06032575281e-07, 8.64517346599e-07, 6.84311203258e-07, 3.88260758655e-07, 6.43046746518e-07, 1.45365945059e-07, 1.41834462397e-07, 7.17281309903e-08, 4.53376571841e-08, 2.7836918548e-08, 1.42127136726e-08, 5.61131541232e-09, 3.52128037839e-09, 1.99559035963e-09, 5.42360933942e-10, 4.60115945344e-10, 3.63280350246e-10, 1.75023745497e-10, 1.34875957625e-10, 9.94021462364e-11, 5.41162947787e-11, 3.04817594776e-11, 4.69915356627e-11, 3.62642242624e-11, 2.46666714832e-11, 2.63725222216e-11, 3.17652015802e-11, 2.29693972176e-11, 3.41611391952e-11, 3.67702847337e-11, 3.08880525324e-11, 5.74354452887e-11],
        "max": [0.0447408668697, 0.0329580381513, 0.0113863069564, 0.010961339809, 0.0119513496757, 0.00999105535448, 0.0173470508307, 0.00723772216588, 0.00849892664701, 0.0133623527363, 0.0154820913449, 0.00921908952296, 0.018020639196, 0.00578688643873, 0.00897427275777, 0.00479388562962, 0.00334229879081, 0.00270743505098, 0.0029014328029, 0.00129869463854, 0.00171811378095, 0.000806577096228, 0.000667081272695, 0.000623212952632, 0.000300470797811, 0.00014340292546, 0.000130652362714, 0.000233374972595, 0.000138990406413, 6.62458187435e-05, 0.000139483337989, 7.39248425816e-05, 9.41080506891e-05, 0.000124236394186, 0.000156653608428, 8.23025911814e-05, 0.0001102799215, 0.000118312811537, 0.000138422139571, 0.000214549421798],
        "mean": [0.00147732440382, 0.00141582626384, 0.000692849222105, 0.000464495882625, 0.000510695390403, 0.000544305657968, 0.000353535666363, 0.000201573318918, 0.000254405778833, 0.000427098886576, 0.000405829196097, 0.000337846460752, 0.000312914140522, 0.000184037227882, 0.000148213497596, 0.000125840611872, 0.00010248558101, 6.42799859634e-05, 5.48615207663e-05, 2.74992271443e-05, 1.99003661692e-05, 1.76987650775e-05, 1.24013122331e-05, 1.22519149954e-05, 1.16076826089e-05, 8.9821542133e-06, 7.22120739738e-06, 5.97487496634e-06, 4.30157433584e-06, 3.12548854708e-06, 3.43562396665e-06, 3.26621807289e-06, 2.70931968771e-06, 2.71023895948e-06, 2.54536644206e-06, 2.48772698797e-06, 2.46958757089e-06, 2.35561833506e-06, 2.09376753446e-06, 1.92250831788e-06],
        "median": [0.000617792014964, 0.00085163442418, 0.000406036735512, 0.000266704941168, 0.000257232633885, 0.00028829096118, 0.000149872037582, 9.08194488147e-05, 0.000100266333902, 0.000125338148791, 0.000108886903035, 8.79110739334e-05, 6.23481755611e-05, 4.89947160531e-05, 3.33179341396e-05, 3.10544965032e-05, 2.81572210952e-05, 2.07062912523e-05, 2.12295017263e-05, 1.20971180877e-05, 9.24872074393e-06, 7.58536316425e-06, 6.11333598499e-06, 6.68759457767e-06, 6.69325163472e-06, 5.1182205425e-06, 3.79547691409e-06, 2.92865752272e-06, 2.00652402782e-06, 1.33949436076e-06, 1.14691556519e-06, 1.0599721918e-06, 1.00751526588e-06, 1.07818095785e-06, 8.94260438145e-07, 9.29417694806e-07, 8.11241079646e-07, 7.12281348569e-07, 6.87109718456e-07, 5.1990468819e-07],
        "min": [3.15783820816e-24, 3.68699624262e-24, 3.29680986168e-24, 7.09563975939e-24, 5.76342723988e-24, 4.26070638e-24, 5.78891533572e-24, 6.36273473033e-24, 5.88404919988e-24, 3.089616531e-24, 6.68574605532e-24, 1.53885621136e-23, 1.40191106262e-23, 5.28565087162e-24, 1.06261764855e-23, 8.08278479745e-24, 8.5001529586e-24, 1.26265068601e-23, 8.65193847423e-24, 6.12376075758e-24, 7.53820887102e-24, 6.88391028129e-24, 7.92999427302e-24, 4.24208650162e-24, 9.45002984091e-24, 8.88691804979e-24, 7.86686410136e-24, 7.47046701851e-24, 9.10047295203e-24, 6.26757325605e-24, 4.28992657679e-24, 8.61688701763e-24, 9.71482914754e-24, 8.21911337251e-24, 8.48241463228e-24, 1.06371495407e-23, 6.52602065467e-24, 7.28935165442e-24, 7.52053049814e-24, 8.12271693647e-24],
        "var": [8.16305146145e-06, 4.36510890722e-06, 7.93825449819e-07, 4.66938104182e-07, 6.4855794335e-07, 5.87238957905e-07, 4.49605607855e-07, 1.29106084046e-07, 2.8398957852e-07, 6.4383038989e-07, 6.83094242504e-07, 3.83482813504e-07, 6.0281615788e-07, 1.62606909271e-07, 1.59130266297e-07, 7.62504441809e-08, 3.92077161848e-08, 2.11969517494e-08, 1.2185442877e-08, 3.26719296062e-09, 1.77025105685e-09, 1.80247872184e-09, 6.27070173564e-10, 6.46385445169e-10, 2.77578987573e-10, 1.25626092862e-10, 1.02240882427e-10, 1.07232903113e-10, 4.12727213517e-11, 2.2004771269e-11, 4.80579361029e-11, 3.43149779425e-11, 2.28389789719e-11, 2.46725122971e-11, 2.64098517361e-11, 2.24519916547e-11, 3.13875904434e-11, 3.83653248059e-11, 3.19791727821e-11, 5.00551787519e-11]
    },
    "mfcc": {
        "mean": [-630.789001465, 124.301269531, 0.848836362362, 2.70784902573, 3.00603175163, 1.81792724133, 5.08822154999, 4.24310159683, -1.44682359695, 4.52719688416, -1.54172766209, -4.03797245026, -1.03421974182],
        "cov": [[6034.42138672, -1395.42346191, 243.590942383, 18.325750351, -139.915405273, 291.680419922, 123.793434143, 39.8618354797, -46.8342132568, -31.9676876068, 27.0552959442, 29.7377986908, -11.6720123291], [-1395.42346191, 1278.84484863, -21.406244278, 135.730621338, 80.0509033203, -57.3268318176, 49.2707862854, 9.12499713898, -15.8349552155, 33.7162971497, 17.4698734283, 32.6881027222, 61.6410865784], [243.590942383, -21.406244278, 619.539733887, 192.245513916, 149.365692139, 14.7832918167, -27.0334396362, 12.0696735382, 6.38781118393, 14.940325737, 7.8535451889, 11.5662755966, 49.3062744141], [18.325750351, 135.730621338, 192.245513916, 344.78717041, 119.001373291, 13.8799057007, -24.3221054077, 29.1036624908, 14.5802764893, 11.1295614243, -3.50926589966, 37.8046340942, 42.0790786743], [-139.915405273, 80.0509033203, 149.365692139, 119.001373291, 242.564620972, 21.4405059814, 1.71695208549, 6.53887748718, 0.780921459198, 11.211479187, -0.936824560165, 5.8876247406, 24.3835449219], [291.680419922, -57.3268318176, 14.7832918167, 13.8799057007, 21.4405059814, 221.422546387, 85.5730209351, 33.6959953308, -23.0878219604, 2.8049120903, 25.5591716766, 13.6811218262, 10.4733085632], [123.793434143, 49.2707862854, -27.0334396362, -24.3221054077, 1.71695208549, 85.5730209351, 200.636001587, 51.3999824524, 2.33807420731, 35.3136672974, 24.4607563019, 9.64102745056, 5.83974409103], [39.8618354797, 9.12499713898, 12.0696735382, 29.1036624908, 6.53887748718, 33.6959953308, 51.3999824524, 120.971099854, 39.528591156, 27.4800014496, 10.4340314865, 3.18373990059, 0.10100582242], [-46.8342132568, -15.8349552155, 6.38781118393, 14.5802764893, 0.780921459198, -23.0878219604, 2.33807420731, 39.528591156, 115.441795349, 39.329372406, 15.6237449646, -5.27909946442, -8.72593784332], [-31.9676876068, 33.7162971497, 14.940325737, 11.1295614243, 11.211479187, 2.8049120903, 35.3136672974, 27.4800014496, 39.329372406, 121.830047607, 36.5762062073, -3.39328575134, -0.819407045841], [27.0552959442, 17.4698734283, 7.8535451889, -3.50926589966, -0.936824560165, 25.5591716766, 24.4607563019, 10.4340314865, 15.6237449646, 36.5762062073, 92.1242904663, 22.5964202881, 5.22060775757], [29.7377986908, 32.6881027222, 11.5662755966, 37.8046340942, 5.8876247406, 13.6811218262, 9.64102745056, 3.18373990059, -5.27909946442, -3.39328575134, 22.5964202881, 99.8595809937, 37.9127197266], [-11.6720123291, 61.6410865784, 49.3062744141, 42.0790786743, 24.3835449219, 10.4733085632, 5.83974409103, 0.10100582242, -8.72593784332, -0.819407045841, 5.22060775757, 37.9127197266, 93.8389282227]],
