{
"lowlevel": {
    "average_loudness": 0.817408800125,
    "barkbands_crest": {
        "dmean": 3.02887368202,
        "dmean2": 4.62088871002,
        "dvar": 7.75898838043,
        "dvar2": 16.5634860992,
        "max": 26.4475593567,
        "mean": 11.116941452,
        "median": 9.84704971313,
        "min": 2.19643735886,
        "var": 28.3959712982
    },
    "barkbands_flatness_db": {
        "dmean": 0.0224470570683,
        "dmean2": 0.0339925177395,
        "dvar": 0.000521250534803,
        "dvar2": 0.00116159941535,
        "max": 0.356869131327,
        "mean": 0.146508872509,
        "median": 0.139996320009,
        "min": 0.0454661287367,
        "var": 0.00227504828945
    },
    "barkbands_kurtosis": {
        "dmean": 3.36230611801,
        "dmean2": 4.95046472549,
        "dvar": 76.5920181274,
        "dvar2": 140.614974976,
        "max": 262.90637207,
        "mean": 4.48599767685,
        "median": 0.744094133377,
        "min": -1.90321826935,
        "var": 182.243087769
    },
    "barkbands_skewness": {
        "dmean": 0.57196199894,
        "dmean2": 0.84710496664,
        "dvar": 0.520610630512,
        "dvar2": 0.987304449081,
        "max": 14.9237174988,
        "mean": 1.36937737465,
        "median": 0.995448410511,
        "min": -2.24850845337,
        "var": 2.33110642433
    },
    "barkbands_spread": {
        "dmean": 5.61917734146,
        "dmean2": 8.69342041016,
        "dvar": 50.5596122742,
        "dvar2": 103.17250061,
        "max": 112.978919983,
        "mean": 23.0436439514,
        "median": 21.0031604767,
        "min": 0.790126740932,
        "var": 208.12071228
    },
    "dissonance": {
        "dmean": 0.0185363981873,
        "dmean2": 0.0313459224999,
        "dvar": 0.000313620927045,
        "dvar2": 0.00084558990784,
        "max": 0.5,
        "mean": 0.46564629674,
        "median": 0.472195923328,
        "min": 0.218990832567,
        "var": 0.000710533524398
    },
    "dynamic_complexity": 3.17003321648,
    "erbbands_crest": {
        "dmean": 2.72503376007,
        "dmean2": 4.46048593521,
        "dvar": 6.15670871735,
        "dvar2": 15.7641487122,
        "max": 30.6790142059,
        "mean": 9.68566131592,
        "median": 8.58303546906,
        "min": 2.25954866409,
        "var": 21.6682338715
    },
    "erbbands_flatness_db": {
        "dmean": 0.0157242547721,
        "dmean2": 0.0235912743956,
        "dvar": 0.000212227023439,
        "dvar2": 0.000451262749266,
        "max": 0.350372105837,
        "mean": 0.169196397066,
        "median": 0.162552535534,
        "min": 0.0291727166623,
        "var": 0.00256474339403
    },
    "erbbands_kurtosis": {
        "dmean": 0.862924933434,
        "dmean2": 1.38585495949,
        "dvar": 1.28921425343,
        "dvar2": 3.29648113251,
        "max": 18.0365562439,
        "mean": 0.61810529232,
        "median": 0.136024236679,
        "min": -1.81856191158,
        "var": 3.25293517113
    },
    "erbbands_skewness": {
        "dmean": 0.34660756588,
        "dmean2": 0.545871078968,
        "dvar": 0.100695095956,
        "dvar2": 0.242624506354,
        "max": 3.87534451485,
        "mean": 0.322986334562,
        "median": 0.313982695341,
        "min": -3.8843164444,
        "var": 0.531485915184
    },
    "erbbands_spread": {
        "dmean": 6.53772497177,
        "dmean2": 9.94341659546,
        "dvar": 55.2595558167,
        "dvar2": 113.88356781,
        "max": 153.265853882,
        "mean": 33.0689659119,
        "median": 28.7529602051,
        "min": 4.82654285431,
        "var": 293.888122559
    },
    "hfc": {
        "dmean": 5.96883630753,
        "dmean2": 8.94193458557,
        "dvar": 76.2126922607,
        "dvar2": 158.579696655,
        "max": 205.704452515,
        "mean": 23.52485466,
        "median": 17.0909614563,
        "min": 1.14211553562e-16,
        "var": 468.449768066
    },
    "melbands_crest": {
        "dmean": 3.43687081337,
        "dmean2": 5.26727199554,
        "dvar": 8.86482429504,
        "dvar2": 19.8940372467,
        "max": 33.1412277222,
        "mean": 14.6821813583,
        "median": 13.6597328186,
        "min": 2.19253253937,
        "var": 36.2802886963
    },
    "melbands_flatness_db": {
        "dmean": 0.0278933905065,
        "dmean2": 0.0417317450047,
        "dvar": 0.000902437604964,
        "dvar2": 0.00197954359464,
        "max": 0.449883788824,
        "mean": 0.18656860292,
        "median": 0.175283417106,
        "min": 0.00631204806268,
        "var": 0.00435817986727
    },
    "melbands_kurtosis": {
        "dmean": 7.8582072258,
        "dmean2": 11.7644844055,
        "dvar": 342.141906738,
        "dvar2": 672.888793945,
        "max": 539.420837402,
        "mean": 13.4422025681,
        "median": 4.19451284409,
        "min": -1.76866137981,
        "var": 900.239013672
    },
    "melbands_skewness": {
        "dmean": 0.765953540802,
        "dmean2": 1.13889765739,
        "dvar": 0.88806194067,
        "dvar2": 1.75213813782,
        "max": 19.1163749695,
        "mean": 2.36406540871,
        "median": 1.7742857933,
        "min": -1.14252877235,
        "var": 4.22720527649
    },
    "melbands_spread": {
        "dmean": 7.39161205292,
        "dmean2": 11.4585914612,
        "dvar": 93.4476394653,
        "dvar2": 192.975036621,
        "max": 247.852752686,
        "mean": 26.7807922363,
        "median": 24.1594772339,
        "min": 0.618527233601,
        "var": 347.169952393
    },
    "pitch_salience": {
        "dmean": 0.0772176086903,
        "dmean2": 0.120207466185,
        "dvar": 0.00510161789134,
        "dvar2": 0.0116934040561,
        "max": 0.939297795296,
        "mean": 0.503410816193,
        "median": 0.512448251247,
        "min": 0.0518693961203,
        "var": 0.0166058670729
    },
    "silence_rate_20dB": {
        "dmean": 0,
        "dmean2": 0,
        "dvar": 0,
        "dvar2": 0,
        "max": 1,
        "mean": 1,
        "median": 1,
        "min": 1,
        "var": 0
    },
    "silence_rate_30dB": {
        "dmean": 0.00556631153449,
        "dmean2": 0.0111339706928,
        "dvar": 0.00553498789668,
        "dvar2": 0.0153654692695,
        "max": 1,
        "mean": 0.996491253376,
        "median": 1,
        "min": 0,
        "var": 0.00349625083618
    },
    "silence_rate_60dB": {
        "dmean": 0.0104065826163,
        "dmean2": 0.0208156835288,
        "dvar": 0.0102970739827,
        "dvar2": 0.0240084566176,
        "max": 1,
        "mean": 0.0440411381423,
        "median": 0,
        "min": 0,
        "var": 0.0421134196222
    },
    "spectral_centroid": {
        "dmean": 238.524475098,
        "dmean2": 380.880157471,
        "dvar": 86949.8125,
        "dvar2": 200624,
        "max": 11226.2207031,
        "mean": 1529.87280273,
        "median": 1526.21057129,
        "min": 274.448425293,
        "var": 363395.5625
    },
    "spectral_complexity": {
        "dmean": 3.44820904732,
        "dmean2": 5.51179981232,
        "dvar": 14.0208625793,
        "dvar2": 34.7516098022,
        "max": 52,
        "mean": 19.9553546906,
        "median": 19,
        "min": 0,
        "var": 102.404022217
    },
    "spectral_decrease": {
        "dmean": 2.68205346821e-09,
        "dmean2": 4.0649896782e-09,
        "dvar": 1.58832077936e-17,
        "dvar2": 3.7350933587e-17,
        "max": 1.03909164145e-29,
        "mean": -7.13045311684e-09,
        "median": -5.13019537962e-09,
        "min": -4.15339513893e-08,
        "var": 3.94926034545e-17
    },
    "spectral_energy": {
        "dmean": 0.0104750264436,
        "dmean2": 0.0158500988036,
        "dvar": 0.000231738406001,
        "dvar2": 0.000544964743312,
        "max": 0.158917292953,
        "mean": 0.0290458612144,
        "median": 0.0216178689152,
        "min": 1.03736502516e-20,
        "var": 0.000609104288742
    },
    "spectral_energyband_high": {
        "dmean": 0.000337285047863,
        "dmean2": 0.000485521042719,
        "dvar": 6.54937366562e-07,
        "dvar2": 1.15882335194e-06,
        "max": 0.0234389379621,
        "mean": 0.000891433330253,
        "median": 0.000449735758593,
        "min": 7.36033386985e-21,
        "var": 2.58247223428e-06
    },
    "spectral_energyband_low": {
        "dmean": 0.00784781575203,
        "dmean2": 0.0119660887867,
        "dvar": 0.000209990786971,
        "dvar2": 0.000495018321089,
        "max": 0.138467103243,
        "mean": 0.0128044970334,
        "median": 0.00497138407081,
        "min": 7.74194781924e-23,
        "var": 0.000392943067709
    },
    "spectral_energyband_middle_high": {
        "dmean": 0.00255985115655,
        "dmean2": 0.00407246267423,
        "dvar": 1.99965706997e-05,
        "dvar2": 5.25619470864e-05,
        "max": 0.109953194857,
        "mean": 0.00831734575331,
        "median": 0.00454889144748,
        "min": 1.5035601006e-21,
        "var": 9.56566364039e-05
    },
    "spectral_energyband_middle_low": {
        "dmean": 0.00325576611795,
        "dmean2": 0.00517372554168,
        "dvar": 2.12544327951e-05,
        "dvar2": 5.44409340364e-05,
        "max": 0.104825697839,
        "mean": 0.00814193673432,
        "median": 0.00633900193498,
        "min": 3.36172481537e-22,
        "var": 4.95079439133e-05
    },
    "spectral_entropy": {
        "dmean": 0.13391636312,
        "dmean2": 0.201442673802,
        "dvar": 0.0194143522531,
        "dvar2": 0.0424185022712,
        "max": 9.80106735229,
        "mean": 7.6229352951,
        "median": 7.64306116104,
        "min": 5.96018362045,
        "var": 0.135362848639
    },
    "spectral_flux": {
        "dmean": 0.0251040477306,
        "dmean2": 0.0388619862497,
        "dvar": 0.000933368864935,
        "dvar2": 0.0020847520791,
        "max": 0.352307498455,
        "mean": 0.0861584767699,
        "median": 0.0786122381687,
        "min": 6.57567750251e-11,
        "var": 0.00225585908629
    },
    "spectral_kurtosis": {
        "dmean": 1.40409648418,
        "dmean2": 2.38815140724,
        "dvar": 2.7526910305,
        "dvar2": 8.2733707428,
        "max": 22.4045562744,
        "mean": 4.3767156601,
        "median": 3.97856235504,
        "min": -1.33388602734,
        "var": 6.45199298859
    },
    "spectral_rms": {
        "dmean": 0.000873640936334,
        "dmean2": 0.00128568918444,
        "dvar": 1.05734409317e-06,
        "dvar2": 2.23979509428e-06,
        "max": 0.0124515565112,
        "mean": 0.00486551458016,
        "median": 0.00459245080128,
        "min": 3.1812944206e-12,
        "var": 4.66403798782e-06
    },
    "spectral_rolloff": {
        "dmean": 468.410095215,
        "dmean2": 772.444824219,
        "dvar": 777221.75,
        "dvar2": 1506837.25,
        "max": 19099.9511719,
        "mean": 1632.48730469,
        "median": 1485.79101562,
        "min": 43.06640625,
        "var": 2197352
    },
    "spectral_skewness": {
        "dmean": 0.19463378191,
        "dmean2": 0.319843173027,
        "dvar": 0.0411231778562,
        "dvar2": 0.109142847359,
        "max": 3.62225937843,
        "mean": 1.55755114555,
        "median": 1.55386006832,
        "min": -0.123164385557,
        "var": 0.15988868475
    },
    "spectral_spread": {
        "dmean": 432155.78125,
        "dmean2": 606090.75,
        "dvar": 413017014272,
        "dvar2": 662495887360,
        "max": 40552224,
        "mean": 4381118,
        "median": 4138012.5,
        "min": 1467101.25,
        "var": 2.67631486566e+12
    },
    "spectral_strongpeak": {
        "dmean": 0.703602075577,
        "dmean2": 1.21009159088,
        "dvar": 1.42939686775,
        "dvar2": 3.7331764698,
        "max": 12.9092693329,
        "mean": 1.24938189983,
        "median": 0.543561756611,
        "min": 0,
        "var": 2.5035841465
    },
    "zerocrossingrate": {
        "dmean": 0.00995528884232,
        "dmean2": 0.0111023560166,
        "dvar": 0.000174284155946,
        "dvar2": 0.000157105125254,
        "max": 0.60107421875,
        "mean": 0.0626373589039,
        "median": 0.05908203125,
        "min": 0.0029296875,
        "var": 0.00138897018041
    },
    "barkbands": {
        "dmean": [0.000103629390651, 0.00669992016628, 0.00160177028738, 0.000672510883305, 0.000927430053707, 0.000583599496167, 0.000654889503494, 0.00064484385075, 0.000880789535586, 0.00158326199744, 0.000589908391703, 0.000376471085474, 0.000227901575272, 0.00057867745636, 0.000420625408879, 0.000349333742633, 0.000291945500067, 0.000247425283305, 0.000141721044201, 0.000153616376338, 8.04553710623e-05, 5.76542261115e-05, 6.43071834929e-05, 7.73481006036e-05, 5.96065801801e-05, 1.25763963297e-05, 1.80558643592e-08],
        "dmean2": [0.000172351719812, 0.00976212695241, 0.00287532317452, 0.00115934247151, 0.00150373217184, 0.000939756224398, 0.00106301857159, 0.00102887197863, 0.00141624908429, 0.0025537146721, 0.000941361358855, 0.000603741267696, 0.000366195861716, 0.000941286853049, 0.00068341154838, 0.000561337918043, 0.000444822886493, 0.000400784076191, 0.000232797741774, 0.000252245314186, 0.000132574641611, 9.39833043958e-05, 9.73464484559e-05, 0.000106026425783, 7.68462123233e-05, 1.7854556063e-05, 3.38324674942e-08],
        "dvar": [4.29027799953e-08, 0.000145163212437, 1.61547341122e-05, 2.27597956837e-06, 3.22724326907e-06, 1.18696482332e-06, 3.05211710838e-06, 2.11010819839e-06, 2.88274031846e-06, 1.56902933668e-05, 2.8518165891e-06, 6.44837371055e-07, 5.16947579854e-07, 1.93837558982e-06, 8.85549809482e-07, 7.81033861585e-07, 4.06612400639e-07, 2.34051242387e-07, 5.52454650915e-08, 8.83299904331e-08, 4.28074429237e-08, 3.29947411615e-08, 2.76615228501e-08, 8.15964824596e-08, 6.46301216989e-08, 1.43096312577e-09, 4.9877070925e-14],
        "dvar2": [1.13715529437e-07, 0.00029962696135, 4.63406031486e-05, 6.35631613477e-06, 8.10673191154e-06, 2.91783612738e-06, 7.86632153904e-06, 5.19283958056e-06, 7.25567679183e-06, 4.16425609728e-05, 7.04137028151e-06, 1.5474798829e-06, 1.17804484034e-06, 5.06607466377e-06, 2.36270102505e-06, 1.8948479692e-06, 8.28042232115e-07, 5.67300617149e-07, 1.40752362654e-07, 2.19691941084e-07, 1.079900116e-07, 8.32542852436e-08, 5.22645500212e-08, 1.28154383106e-07, 9.54545242848e-08, 2.42597786304e-09, 1.44380384384e-13],
        "max": [0.00535082165152, 0.122490823269, 0.0471186935902, 0.0360992625356, 0.0383916348219, 0.019081287086, 0.0609613358974, 0.0328126214445, 0.0337089933455, 0.0882699638605, 0.0786141604185, 0.0190921127796, 0.0223154406995, 0.0230891797692, 0.0302774515003, 0.0228110551834, 0.0177422370762, 0.0116567462683, 0.00461069121957, 0.00757071143016, 0.00780628668144, 0.00882405322045, 0.00666633807123, 0.0105728749186, 0.00911198556423, 0.00128390954342, 7.47044168747e-06],
        "mean": [0.000126663391711, 0.0107096480206, 0.00160431338008, 0.000731367443223, 0.00146991282236, 0.000997160910629, 0.000922137405723, 0.00106957356911, 0.00161210051738, 0.00289281224832, 0.0010877402965, 0.00069220457226, 0.000360727135558, 0.000969639164396, 0.000762383220717, 0.000614330463577, 0.000603255291935, 0.000490740290843, 0.000294190744171, 0.000299592502415, 0.000145462021464, 0.000106370694994, 0.00015408899344, 0.000180456845555, 0.000127232633531, 2.16219505091e-05, 1.08557758338e-08],
        "median": [4.52785752714e-05, 0.00316710281186, 0.000680617755279, 0.00030111183878, 0.000737805559766, 0.000466327997856, 0.000306454196107, 0.000360334466677, 0.000586060225032, 0.000632060226053, 0.000226738775382, 0.000266430753982, 0.000143142955494, 0.000284618989099, 0.000267273018835, 0.000215007792576, 0.000266822928097, 0.000217053646338, 0.00014039875532, 0.000132992849103, 6.85861668899e-05, 3.7614689063e-05, 7.0522473834e-05, 6.37434495729e-05, 3.37188503181e-05, 6.08464733887e-06, 5.18948439776e-10],
        "min": [5.54926728133e-24, 1.41063996631e-23, 3.40186231066e-23, 1.71992503266e-23, 2.11438041328e-23, 1.17550632622e-23, 1.33309146834e-23, 7.30456247039e-24, 3.38243045775e-23, 3.12582725815e-23, 2.67597238497e-23, 4.07706981645e-23, 8.25271379836e-23, 7.05189395121e-23, 9.40253662788e-23, 9.85239938967e-23, 9.90092506385e-23, 1.69581466661e-22, 2.28366194871e-22, 2.56001519616e-22, 3.87385811131e-22, 4.90407233577e-22, 5.7428553883e-22, 6.81340299799e-22, 1.13411530886e-21, 1.62936375025e-21, 2.2156691059e-21],
        "var": [6.5561685858e-08, 0.000320787134115, 1.08809817903e-05, 2.01842976821e-06, 4.92969411425e-06, 2.3434108698e-06, 4.09393987866e-06, 4.1466919356e-06, 6.94048685546e-06, 3.7161164073e-05, 9.38463927014e-06, 1.75136983671e-06, 1.04417699731e-06, 3.86055080526e-06, 1.73365867795e-06, 1.63583092672e-06, 1.37009703849e-06, 6.11238306192e-07, 1.47523664396e-07, 2.11969563679e-07, 6.11783690374e-08, 5.23563592481e-08, 9.90239357179e-08, 2.92168863325e-07, 2.33178710118e-07, 3.8254195367e-09, 2.75987932052e-14]
    },
    "erbbands": {
        "dmean": [0.179625555873, 1.60522294044, 2.2720105648, 1.84498751163, 2.75522065163, 2.99933934212, 4.07378053665, 4.80404233932, 9.15925121307, 11.0378437042, 13.7642679214, 16.0936164856, 52.1106948853, 24.4754047394, 23.6451339722, 13.5623455048, 9.72776603699, 25.3309173584, 19.7605838776, 23.2914161682, 16.8339805603, 13.5739059448, 13.4009046555, 9.23304176331, 5.89602708817, 7.1399064064, 4.47560930252, 2.59722471237, 2.09602713585, 1.8781157732, 1.89171969891, 1.78230321407, 1.22254788876, 0.849514186382, 0.34848228097, 0.0968361496925, 0.014315831475, 0.000584790483117, 2.14368283196e-05, 1.28582569232e-05],
        "dmean2": [0.226677700877, 2.41661405563, 3.98941111565, 3.19176149368, 4.61415958405, 4.94734430313, 6.52983617783, 7.80600214005, 14.8734531403, 17.8626441956, 21.8996276855, 25.6676044464, 84.5609283447, 38.3553581238, 37.9256820679, 22.0456352234, 15.5374794006, 41.0111579895, 31.986246109, 37.4519844055, 26.4933872223, 20.4757099152, 21.500377655, 15.2547140121, 9.81461429596, 11.7505044937, 7.30269765854, 4.31420040131, 3.47814226151, 2.94134879112, 2.84966611862, 2.5626244545, 1.66990113258, 1.13473367691, 0.46192252636, 0.131816878915, 0.0215977635235, 0.000967823783867, 3.14305907523e-05, 1.90245991689e-05],
        "dvar": [0.0901792049408, 9.23792266846, 31.6476745605, 17.9579677582, 43.3904571533, 30.8902988434, 73.1479644775, 99.5959701538, 502.445709229, 715.351196289, 963.480163574, 1091.80212402, 12799.5478516, 3785.30004883, 5585.33203125, 759.334777832, 1080.46032715, 3998.39306641, 2427.22900391, 2427.58398438, 1837.27990723, 913.178771973, 744.850585938, 236.896942139, 113.807983398, 243.631881714, 137.861923218, 42.1245498657, 40.4510002136, 32.0384559631, 24.9229850769, 40.2266654968, 22.7898254395, 14.0174531937, 2.23823547363, 0.105778798461, 0.00171596684959, 1.07235355244e-05, 5.49935519345e-09, 3.24244048278e-10],
        "dvar2": [0.143072590232, 20.3993625641, 89.6915283203, 50.2843437195, 112.672325134, 79.9924468994, 172.359771729, 251.155853271, 1264.99157715, 1802.08972168, 2360.96630859, 2732.66186523, 34615.34375, 9586.7578125, 14293.1953125, 1828.96582031, 2464.87719727, 10377.7207031, 6366.18359375, 5920.32470703, 4250.69580078, 1820.80981445, 1743.37792969, 621.498779297, 297.650238037, 586.427856445, 341.05947876, 109.128593445, 103.026443481, 76.0767745972, 46.618309021, 74.3427124023, 35.415145874, 22.2404327393, 3.62164402008, 0.162718400359, 0.00374954123981, 3.01610707538e-05, 1.32853825718e-08, 7.16436909798e-10],
        "max": [3.46739506721, 28.5707950592, 61.6561470032, 111.683547974, 114.144371033, 113.401832581, 180.349258423, 191.230300903, 558.688232422, 828.849121094, 669.707092285, 984.008056641, 1985.06762695, 1263.85168457, 3782.94946289, 861.305908203, 1254.14489746, 1287.37536621, 1574.25402832, 1110.62585449, 1522.8067627, 1026.63598633, 544.38659668, 264.00579834, 201.181030273, 507.479095459, 522.36920166, 179.533096313, 247.982437134, 345.192749023, 198.08303833, 227.158843994, 171.616790771, 118.207054138, 56.1935386658, 10.5343179703, 1.13382077217, 0.120739683509, 0.00228799483739, 0.000325082306517],
        "mean": [0.290308684111, 2.43860244751, 2.50311541557, 2.19034194946, 3.5022521019, 4.80717039108, 7.16795635223, 7.85200214386, 13.2539205551, 17.7364673615, 24.5845851898, 31.1165332794, 99.1585617065, 47.232460022, 48.6442985535, 26.6476764679, 17.9115123749, 43.7411422729, 37.3850898743, 45.6743927002, 34.9725990295, 31.2850399017, 28.4951763153, 20.3674449921, 12.5527353287, 13.7433156967, 8.76147460938, 4.7388253212, 3.76858997345, 3.99441742897, 4.49689865112, 4.10101318359, 2.75296139717, 1.75910103321, 0.704579293728, 0.186981290579, 0.0213420186192, 0.000665276194923, 4.62904718006e-05, 3.88640510209e-05],
        "median": [0.0727236121893, 0.720963835716, 1.07731771469, 1.10144627094, 1.27651441097, 2.30967545509, 3.52982592583, 3.42655229568, 4.41215467453, 5.96786355972, 9.49394893646, 13.9983358383, 28.7627410889, 15.7980222702, 11.8741445541, 12.3316087723, 7.6119093895, 16.4494361877, 14.1093797684, 16.3746604919, 14.7166528702, 14.1393165588, 13.2165460587, 10.7351760864, 6.42972660065, 6.16765785217, 3.99868130684, 2.10264587402, 1.2773399353, 1.69603192806, 2.04375195503, 1.57386529446, 0.892457485199, 0.456502526999, 0.173872724175, 0.0541493408382, 0.00549541087821, 0.000148646533489, 2.57128831436e-05, 2.9489850931e-05],
        "min": [5.20748212387e-22, 3.02506170021e-21, 3.70088942486e-20, 4.59324896162e-20, 6.52858502312e-20, 5.61880267159e-20, 4.28775532865e-20, 1.52061620132e-19, 1.47374504589e-19, 2.8899627821e-19, 6.77302516594e-19, 7.87412508737e-19, 1.22276650562e-18, 1.25345046025e-18, 1.95926992506e-18, 2.11966438174e-18, 3.87659765716e-18, 5.60777459626e-18, 4.54823274579e-18, 5.60726918891e-18, 5.5958991778e-18, 5.82386850026e-18, 9.72177681154e-18, 8.58785942988e-18, 1.21792973242e-17, 1.12970000131e-17, 1.57802833644e-17, 1.44844867368e-17, 1.66667728268e-17, 1.89733758911e-17, 1.58562665211e-17, 1.37285007324e-17, 1.13240066329e-17, 8.89657729655e-18, 9.01576244229e-18, 5.70580335707e-18, 2.66289208797e-18, 1.1090200724e-18, 3.02434008206e-19, 3.26321103753e-20],
        "var": [0.250413656235, 17.4070014954, 23.6502666473, 14.5969877243, 59.5938568115, 50.7485084534, 156.008148193, 179.267745972, 773.995178223, 1192.6907959, 1836.99780273, 2355.69384766, 29828.078125, 9062.91113281, 18899.421875, 2030.49194336, 2219.85327148, 7956.53564453, 4604.6796875, 5658.73828125, 4848.30517578, 3787.59301758, 2116.35058594, 661.505187988, 261.187225342, 541.487548828, 212.415100098, 66.67918396, 63.7586593628, 68.6361541748, 88.834602356, 127.972640991, 79.2009124756, 46.5781860352, 7.11459732056, 0.336324393749, 0.00303269317374, 7.49556375013e-06, 8.76687344942e-09, 1.07825837148e-09]
    },
    "gfcc": {
        "mean": [-3.39581489563, 89.7130279541, -138.319396973, 32.7616119385, -62.7192382812, 27.1812019348, -38.7505836487, 23.5454483032, -18.8812828064, 0.0781790018082, -12.365814209, -3.77059078217, -1.98836278915],
        "cov": [[5825.58447266, -492.359008789, 564.129455566, 671.725524902, 73.361831665, 507.213531494, -5.4613199234, 354.596466064, -68.2811584473, 205.602676392, -15.6384754181, 183.63218689, 7.48456764221], [-492.359008789, 1152.00366211, 368.588134766, 229.253723145, 371.101135254, -73.0060577393, 169.764816284, -107.508110046, 57.8600921631, -69.6661758423, 76.2750701904, -23.4621334076, 22.0753231049], [564.129455566, 368.588134766, 1419.06726074, 627.042175293, 306.604522705, 313.296661377, 76.3994140625, 33.543888092, 11.1863155365, 162.106750488, 2.11989879608, 161.529205322, -43.4804496765], [671.725524902, 229.253723145, 627.042175293, 590.670959473, 254.924606323, 164.734664917, 80.745765686, 6.60078716278, 18.7919769287, 56.807849884, 14.997010231, 71.555480957, 8.77835941315], [73.361831665, 371.101135254, 306.604522705, 254.924606323, 350.636169434, 95.2727661133, 112.170936584, 14.0914716721, 29.7634944916, 16.6245136261, 13.1246175766, 35.4251708984, 3.04007339478], [507.213531494, -73.0060577393, 313.296661377, 164.734664917, 95.2727661133, 308.930480957, 108.094573975, 76.245262146, 11.2405719757, 68.9078369141, 9.49586200714, 34.7166213989, -2.24012422562], [-5.4613199234, 169.764816284, 76.3994140625, 80.745765686, 112.170936584, 108.094573975, 202.332015991, 25.0769844055, 32.2077331543, 16.5992641449, 12.9491472244, -0.250520855188, -2.40668272972], [354.596466064, -107.508110046, 33.543888092, 6.60078716278, 14.0914716721, 76.245262146, 25.0769844055, 147.540618896, 48.7652816772, 25.6107082367, 3.75232577324, 22.1597251892, 23.6826953888], [-68.2811584473, 57.8600921631, 11.1863155365, 18.7919769287, 29.7634944916, 11.2405719757, 32.2077331543, 48.7652816772, 100.628440857, 15.0309295654, 17.9550628662, -2.56477570534, 22.0687942505], [205.602676392, -69.6661758423, 162.106750488, 56.807849884, 16.6245136261, 68.9078369141, 16.5992641449, 25.6107082367, 15.0309295654, 114.823852539, 19.6401519775, 39.8485984802, -23.20570755], [-15.6384754181, 76.2750701904, 2.11989879608, 14.997010231, 13.1246175766, 9.49586200714, 12.9491472244, 3.75232577324, 17.9550628662, 19.6401519775, 101.281242371, 19.5703868866, 20.5866966248], [183.63218689, -23.4621334076, 161.529205322, 71.555480957, 35.4251708984, 34.7166213989, -0.250520855188, 22.1597251892, -2.56477570534, 39.8485984802, 19.5703868866, 113.168479919, 10.0314006805], [7.48456764221, 22.0753231049, -43.4804496765, 8.77835941315, 3.04007339478, -2.24012422562, -2.40668272972, 23.6826953888, 22.0687942505, -23.20570755, 20.5866966248, 10.0314006805, 87.9951629639]],
        "icov": [[0.000336340512149, -0.000267563591478, 0.000364502804587, -0.000696382368915, 0.00042006932199, -0.000532779493369, 0.000461869494757, -0.00104431074578, 0.000733171007596, -0.000507961842231, 0.000314041797537, -0.000320187129546, 0.000198910827748], [-0.000267563591478, 0.0033500790596, -0.00183875672519, 0.00145039532799, -0.00303071062081, 0.00281480280682, -0.00264550186694, 0.00274513708428, -0.00174246367533, 0.00276238890365, -0.00279020518064, 0.00192873796914, -0.00090735842241], [0.000364502804587, -0.00183875672519, 0.00301128905267, -0.00258508371189, 0.00138954387512, -0.00275081861764, 0.00227712397464, -0.00170200807042, 0.00109081389382, -0.00261809979565, 0.00211055832915, -0.00243133376352, 0.00139783148188], [-0.000696382368915, 0.00145039532799, -0.00258508371189, 0.00565596716478, -0.00318136322312, 0.00137200672179, -0.00166768056806, 0.00343518564478, -0.00201401137747, 0.00184845470358, -0.00148023758084, 0.00115875760093, -0.0017647423083], [0.00042006932199, -0.00303071062081, 0.00138954387512, -0.00318136322312, 0.00782295130193, -0.00244589219801, 0.000432746601291, -0.00298789632507, 0.00122192245908, -0.00154481409118, 0.00234758527949, -0.00233626435511, 0.00121527828742], [-0.000532779493369, 0.00281480280682, -0.00275081861764, 0.00137200672179, -0.00244589219801, 0.00901699997485, -0.00529661495239, 7.49794708099e-05, 0.000234846447711, 0.000658477831166, -0.00259331357665, 0.00284470524639, -0.00161076930817], [0.000461869494757, -0.00264550186694, 0.00227712397464, -0.00166768056806, 0.000432746601291, -0.00529661495239, 0.00995206367224, -0.00218364736065, -0.000217475375393, -0.00212351232767, 0.00183850794565, -0.00129272660706, 0.00183782388922], [-0.00104431074578, 0.00274513708428, -0.00170200807042, 0.00343518564478, -0.00298789632507, 7.49794708099e-05, -0.00218364736065, 0.0148466713727, -0.00787054281682, 0.00225186301395, -0.00103755132295, -1.15732127597e-05, -0.00292210141197], [0.000733171007596, -0.00174246367533, 0.00109081389382, -0.00201401137747, 0.00122192245908, 0.000234846447711, -0.000217475375393, -0.00787054281682, 0.0164049640298, -0.00455024512485, 2.93848870569e-06, 0.00142790935934, -0.00228698318824], [-0.000507961842231, 0.00276238890365, -0.00261809979565, 0.00184845470358, -0.00154481409118, 0.000658477831166, -0.00212351232767, 0.00225186301395, -0.00455024512485, 0.0165626499802, -0.00498083839193, -0.00163968454581, 0.00413935352117], [0.000314041797537, -0.00279020518064, 0.00211055832915, -0.00148023758084, 0.00234758527949, -0.00259331357665, 0.00183850794565, -0.00103755132295, 2.93848870569e-06, -0.00498083839193, 0.0139961522073, -0.0033718268387, -0.00215809908696], [-0.000320187129546, 0.00192873796914, -0.00243133376352, 0.00115875760093, -0.00233626435511, 0.00284470524639, -0.00129272660706, -1.15732127597e-05, 0.00142790935934, -0.00163968454581, -0.0033718268387, 0.0138307344168, -0.0032310851384], [0.000198910827748, -0.00090735842241, 0.00139783148188, -0.0017647423083, 0.00121527828742, -0.00161076930817, 0.00183782388922, -0.00292210141197, -0.00228698318824, 0.00413935352117, -0.00215809908696, -0.0032310851384, 0.0157338511199]]
    },
    "melbands": {
        "dmean": [0.00176806200761, 0.00150567514356, 0.000342686631484, 0.000197383618797, 0.000139216135722, 0.000113700545626, 0.000136964939884, 0.000125507125631, 0.000117260009574, 0.000113077556307, 0.000269389594905, 0.000113240334031, 8.3308230387e-05, 4.86566932523e-05, 2.71461085504e-05, 2.51311394095e-05, 5.3815303545e-05, 3.65721170965e-05, 3.2343534258e-05, 2.95981390082e-05, 2.15142972593e-05, 1.66251320479e-05, 1.39582598422e-05, 1.25381720864e-05, 8.04247792985e-06, 4.51165806226e-06, 5.19794048159e-06, 5.02428110849e-06, 3.52251231561e-06, 1.91858771359e-06, 1.53800522185e-06, 1.33506875954e-06, 1.08335802906e-06, 1.16199839795e-06, 1.1961395785e-06, 1.24492032683e-06, 1.17193962978e-06, 9.43562952216e-07, 8.40430686821e-07, 7.4347684631e-07],
        "dmean2": [0.00240915920585, 0.00248821964487, 0.000589108851273, 0.000326504930854, 0.000223362629185, 0.000183940981515, 0.000223500741413, 0.000202432041988, 0.000186585137271, 0.00017999058764, 0.000436750997324, 0.000177472480573, 0.000133118359372, 7.84331787145e-05, 4.36668997281e-05, 4.04406528105e-05, 8.73450189829e-05, 5.94387529418e-05, 5.26628282387e-05, 4.71765706607e-05, 3.3586005884e-05, 2.51002184086e-05, 2.17828564928e-05, 2.05565902434e-05, 1.32811046569e-05, 7.51606012273e-06, 8.66309346748e-06, 8.28065276437e-06, 5.78216986469e-06, 3.20075469062e-06, 2.58537397713e-06, 2.25963640332e-06, 1.76281116637e-06, 1.8319449282e-06, 1.83063093573e-06, 1.87335228929e-06, 1.70966325186e-06, 1.31356569e-06, 1.21141226828e-06, 1.01329658264e-06],
        "dvar": [9.19804733712e-06, 1.07021487565e-05, 5.72804196963e-07, 1.83159343692e-07, 7.27536502154e-08, 5.14200095836e-08, 1.20837754025e-07, 8.35456290815e-08, 6.6669819887e-08, 4.98115824143e-08, 3.55878171376e-07, 1.0048002963e-07, 5.92289630674e-08, 1.37102675879e-08, 3.79713949172e-09, 6.78927136732e-09, 1.80164967389e-08, 9.33032762163e-09, 5.19813969646e-09, 4.89236384738e-09, 3.34466276897e-09, 1.73993275343e-09, 9.50994616389e-10, 6.47463083148e-10, 1.9402492113e-10, 6.33345320633e-11, 1.07999123533e-10, 1.16885529033e-10, 7.60207105599e-11, 2.11939146788e-11, 1.61001333793e-11, 1.60122505533e-11, 1.48451268639e-11, 9.55409449471e-12, 9.00084781014e-12, 1.5520655941e-11, 1.95738217301e-11, 1.30939313212e-11, 1.1820457807e-11, 1.17600599397e-11],
        "dvar2": [1.62073611136e-05, 2.86614667857e-05, 1.59011756296e-06, 4.69243786938e-07, 1.71173695662e-07, 1.28150219325e-07, 3.07323659854e-07, 2.07608366054e-07, 1.62628950306e-07, 1.2641666558e-07, 9.59547378443e-07, 2.5480838417e-07, 1.48812901557e-07, 3.50215536571e-08, 8.8434672918e-09, 1.60399302729e-08, 4.64890881346e-08, 2.39530493218e-08, 1.35929747458e-08, 1.1960461066e-08, 7.41851380326e-09, 3.31605787274e-09, 2.0035018089e-09, 1.6290883087e-09, 5.06959252355e-10, 1.62527047376e-10, 2.75867967359e-10, 2.82818463093e-10, 1.9211544855e-10, 5.40704737928e-11, 4.19625618975e-11, 4.22975127146e-11, 3.78125933342e-11, 2.28086750875e-11, 1.78660454486e-11, 3.22306313583e-11, 3.81035272778e-11, 2.10984892751e-11, 2.15824857985e-11, 1.99505377496e-11],
        "max": [0.0332329571247, 0.0322211757302, 0.017962930724, 0.00993682816625, 0.0060198600404, 0.0043660546653, 0.0103227170184, 0.00748764304444, 0.00504154479131, 0.00546904886141, 0.0110320206732, 0.00716210529208, 0.0106481229886, 0.00384658318944, 0.00157032092102, 0.00240655126981, 0.00285726599395, 0.002215300221, 0.00171080499422, 0.0020428255666, 0.00218886020593, 0.00149865553249, 0.00124416325707, 0.000457075366285, 0.000241630768869, 0.000166018740856, 0.000271282478934, 0.000334102049237, 0.000335270742653, 0.000159832692589, 0.000109503795102, 0.000127266292111, 0.000220440939302, 0.000165749050211, 0.000122337194625, 0.000182238014531, 0.000148629842442, 0.000132066386868, 0.000117296593089, 0.000105422230263],
        "mean": [0.00291191949509, 0.00203892542049, 0.00042431417387, 0.000290362717351, 0.000250495853834, 0.000188914316823, 0.000197768647922, 0.000201777307666, 0.000206051190617, 0.000212965765968, 0.000509225297719, 0.000200337148272, 0.000161924486747, 9.31312824832e-05, 4.60532392026e-05, 4.07904881286e-05, 8.89933216968e-05, 6.17717378191e-05, 5.92831202084e-05, 5.29729259142e-05, 4.01826182497e-05, 3.36945704476e-05, 2.8407523132e-05, 2.34702238231e-05, 1.59619467013e-05, 8.8167762442e-06, 9.36799642659e-06, 9.03850013856e-06, 6.43046587356e-06, 3.29324234372e-06, 2.51250867223e-06, 2.17763613364e-06, 1.93515097635e-06, 2.31997046285e-06, 2.5562353585e-06, 2.65409698841e-06, 2.46067997978e-06, 1.96231439986e-06, 1.72522379671e-06, 1.40637939694e-06],
        "median": [0.000789064099081, 0.000837679253891, 0.000210235797567, 0.000127862178488, 0.000130323984195, 8.36338076624e-05, 6.76719355397e-05, 6.53975439491e-05, 7.10103849997e-05, 8.64126777742e-05, 0.000138953982969, 5.2877865528e-05, 3.54858711944e-05, 3.26559347741e-05, 1.88004305528e-05, 1.54582630785e-05, 2.99712028209e-05, 1.83805259439e-05, 1.92248826352e-05, 1.75280256371e-05, 1.53804376168e-05, 1.31929809868e-05, 1.26444519992e-05, 1.04094824565e-05, 7.85849897511e-06, 4.30865429735e-06, 4.15314889324e-06, 3.64117363461e-06, 2.51568144449e-06, 1.41131238252e-06, 9.98034010991e-07, 6.81245296619e-07, 6.94595541972e-07, 9.82105689218e-07, 1.15811178603e-06, 1.06145614609e-06, 8.5478541223e-07, 5.83356495554e-07, 4.92418791964e-07, 3.12460230134e-07],
        "min": [5.36654303542e-24, 1.36899110819e-23, 9.10092023616e-24, 6.06945517843e-24, 1.7197481306e-24, 3.17279008054e-24, 2.54240482308e-24, 2.71351585317e-24, 8.53443212037e-24, 4.50012369258e-24, 5.95427201994e-24, 3.8651234016e-24, 4.53918374587e-24, 4.81091004012e-24, 6.36313862712e-24, 1.21068478942e-23, 9.63554310454e-24, 5.81617915747e-24, 6.02656126114e-24, 6.33675911845e-24, 7.28620488827e-24, 4.35032413427e-24, 9.67850052514e-24, 7.39436560698e-24, 5.97318417128e-24, 8.43570223378e-24, 9.12766577629e-24, 6.06009731595e-24, 9.37314351278e-24, 8.29239539516e-24, 8.30094506965e-24, 8.04825872221e-24, 1.12435540183e-23, 9.51533726867e-24, 8.47221702736e-24, 7.91303376356e-24, 8.13639657343e-24, 7.66251836133e-24, 7.24414834683e-24, 7.38118058581e-24],
        "var": [2.40778081206e-05, 1.20072372738e-05, 5.30595684722e-07, 2.5843178264e-07, 1.53326055852e-07, 9.55022301241e-08, 1.75899018018e-07, 1.57196183181e-07, 1.3664973153e-07, 1.1478431361e-07, 8.29502425859e-07, 2.29719248068e-07, 1.99559721636e-07, 4.11829255142e-08, 8.14351963641e-09, 1.42028682149e-08, 3.46392425854e-08, 1.73505974033e-08, 1.09603739418e-08, 9.342988605e-09, 8.53543458135e-09, 5.95487215094e-09, 2.86308088349e-09, 1.38336841982e-09, 4.85300688524e-10, 1.4440910967e-10, 2.23912693942e-10, 2.47500353545e-10, 1.23229357274e-10, 3.19825346762e-11, 2.31970779391e-11, 2.27713715939e-11, 2.06176690304e-11, 2.20701703441e-11, 2.84701220932e-11, 4.26556151512e-11, 5.50213000161e-11, 4.15369544315e-11, 3.64550993559e-11, 3.46799637618e-11]
    },
    "mfcc": {
        "mean": [-635.69708252, 112.104942322, -11.3306684494, 9.27825927734, 5.88744497299, -1.15452897549, 1.58133411407, 11.1279630661, 4.79446125031, 10.1337480545, -2.71072268486, 0.734229922295, -2.43120765686],
        "cov": [[4999.10351562, -773.801757812, 373.359619141, 204.457473755, 214.1199646, 122.480979919, 222.024520874, 180.303192139, 102.002220154, 225.787719727, -85.0450592041, 12.5173950195, 94.6777954102], [-773.801757812, 1020.95477295, 59.6269836426, 273.791290283, 133.877426147, 111.569221497, 69.0799713135, 47.8594741821, 6.33269405365, -53.2508125305, 62.4604263306, 25.0730705261, -5.19394779205], [373.359619141, 59.6269836426, 1039.56713867, 372.020874023, 303.14074707, 327.263061523, 141.164627075, 73.8856811523, 66.4773254395, 0.289841234684, 90.8320541382, 79.0223464966, 64.8143920898], [204.457473755, 273.791290283, 372.020874023, 524.44720459, 239.297363281, 219.207397461, 87.2223968506, 61.85546875, 45.8340377808, -36.1831970215, 44.5246047974, 38.7947769165, 34.9040718079], [214.1199646, 133.877426147, 303.14074707, 239.297363281, 302.807037354, 136.49180603, 77.5301742554, 61.7793731689, 48.6051177979, 12.4809751511, 17.4458293915, 32.7951660156, 34.6742744446], [122.480979919, 111.569221497, 327.263061523, 219.207397461, 136.49180603, 323.695831299, 150.92527771, 71.2390136719, 56.1841468811, -1.58724546432, 96.8429336548, 16.8731040955, 9.84490394592], [222.024520874, 69.0799713135, 141.164627075, 87.2223968506, 77.5301742554, 150.92527771, 177.181777954, 69.6963272095, 38.3899650574, 30.4936008453, 47.9593162537, 5.7330904007, 13.3414497375], [180.303192139, 47.8594741821, 73.8856811523, 61.85546875, 61.7793731689, 71.2390136719, 69.6963272095, 133.483261108, 62.7836151123, 26.7567958832, 19.8681373596, 10.4821081161, 13.9462213516], [102.002220154, 6.33269405365, 66.4773254395, 45.8340377808, 48.6051177979, 56.1841468811, 38.3899650574, 62.7836151123, 133.42616272, 32.2224121094, 36.5285301208, -3.71332669258, 6.20465898514], [225.787719727, -53.2508125305, 0.289841234684, -36.1831970215, 12.4809751511, -1.58724546432, 30.4936008453, 26.7567958832, 32.2224121094, 130.359161377, -0.154380246997, -3.67888975143, 2.62127017975], [-85.0450592041, 62.4604263306, 90.8320541382, 44.5246047974, 17.4458293915, 96.8429336548, 47.9593162537, 19.8681373596, 36.5285301208, -0.154380246997, 125.811401367, 25.6260547638, 6.18903589249], [12.5173950195, 25.0730705261, 79.0223464966, 38.7947769165, 32.7951660156, 16.8731040955, 5.7330904007, 10.4821081161, -3.71332669258, -3.67888975143, 25.6260547638, 85.9332351685, 37.1786270142], [94.6777954102, -5.19394779205, 64.8143920898, 34.9040718079, 34.6742744446, 9.84490394592, 13.3414497375, 13.9462213516, 6.20465898514, 2.62127017975, 6.18903589249, 37.1786270142, 78.8111343384]],
