{
"lowlevel": {
    "average_loudness": 0.842111825943,
    "barkbands_crest": {
        "dmean": 3.04593515396,
        "dmean2": 4.99391269684,
        "dvar": 7.73423290253,
        "dvar2": 18.7756595612,
        "max": 26.6205444336,
        "mean": 11.3443479538,
        "median": 10.25340271,
        "min": 2.24489665031,
        "var": 24.5094795227
    },
    "barkbands_flatness_db": {
        "dmean": 0.0214775595814,
        "dmean2": 0.0340292975307,
        "dvar": 0.000383416598197,
        "dvar2": 0.000934215029702,
        "max": 0.363015532494,
        "mean": 0.141806468368,
        "median": 0.134818941355,
        "min": 0.0438781194389,
        "var": 0.00209897407331
    },
    "barkbands_kurtosis": {
        "dmean": 2.18326306343,
        "dmean2": 3.53411102295,
        "dvar": 30.023727417,
        "dvar2": 74.2388916016,
        "max": 286.381958008,
        "mean": 2.38977646828,
        "median": 0.857614398003,
        "min": -1.88309943676,
        "var": 33.9905815125
    },
    "barkbands_skewness": {
        "dmean": 0.530221283436,
        "dmean2": 0.836579740047,
        "dvar": 0.306062936783,
        "dvar2": 0.73879891634,
        "max": 16.6968002319,
        "mean": 1.21025598049,
        "median": 1.06196177006,
        "min": -2.02148675919,
        "var": 1.0751940012
    },
    "barkbands_spread": {
        "dmean": 6.23797512054,
        "dmean2": 9.70013523102,
        "dvar": 53.0740776062,
        "dvar2": 115.267829895,
        "max": 115.239547729,
        "mean": 25.3693656921,
        "median": 23.7542762756,
        "min": 1.75364136696,
        "var": 207.605560303
    },
    "dissonance": {
        "dmean": 0.0181001257151,
        "dmean2": 0.0312912538648,
        "dvar": 0.000326526962453,
        "dvar2": 0.000919982150663,
        "max": 0.500000059605,
        "mean": 0.473443716764,
        "median": 0.479584097862,
        "min": 0.241982132196,
        "var": 0.000561324355658
    },
    "dynamic_complexity": 2.53905320168,
    "erbbands_crest": {
        "dmean": 2.84033560753,
        "dmean2": 4.75741434097,
        "dvar": 6.78518390656,
        "dvar2": 17.6802616119,
        "max": 29.3447990417,
        "mean": 9.31879329681,
        "median": 8.44885826111,
        "min": 2.18452906609,
        "var": 17.3775520325
    },
    "erbbands_flatness_db": {
        "dmean": 0.0166393090039,
        "dmean2": 0.0255423150957,
        "dvar": 0.00021152717818,
        "dvar2": 0.000467403326184,
        "max": 0.384306490421,
        "mean": 0.167876794934,
        "median": 0.157639116049,
        "min": 0.0304331071675,
        "var": 0.00332219526172
    },
    "erbbands_kurtosis": {
        "dmean": 1.04420220852,
        "dmean2": 1.69827711582,
        "dvar": 1.94300460815,
        "dvar2": 5.02047920227,
        "max": 36.8508453369,
        "mean": 1.22827160358,
        "median": 0.693566918373,
        "min": -1.78038239479,
        "var": 4.44701147079
    },
    "erbbands_skewness": {
        "dmean": 0.367295622826,
        "dmean2": 0.585340857506,
        "dvar": 0.0990734398365,
        "dvar2": 0.249093204737,
        "max": 4.47492170334,
        "mean": 0.424358457327,
        "median": 0.414491474628,
        "min": -2.90350937843,
        "var": 0.469998627901
    },
    "erbbands_spread": {
        "dmean": 6.52265357971,
        "dmean2": 9.99925231934,
        "dvar": 56.6305465698,
        "dvar2": 116.175323486,
        "max": 138.188552856,
        "mean": 29.5092639923,
        "median": 25.9428443909,
        "min": 3.95463252068,
        "var": 264.717956543
    },
    "hfc": {
        "dmean": 9.09368610382,
        "dmean2": 14.0636940002,
        "dvar": 161.506637573,
        "dvar2": 392.116821289,
        "max": 173.891220093,
        "mean": 31.8377628326,
        "median": 28.0356063843,
        "min": 1.10889324907e-16,
        "var": 555.767822266
    },
    "melbands_crest": {
        "dmean": 3.71521878242,
        "dmean2": 5.90605163574,
        "dvar": 11.5219707489,
        "dvar2": 27.487361908,
        "max": 39.1923713684,
        "mean": 15.992389679,
        "median": 14.7456769943,
        "min": 2.13446760178,
        "var": 49.2436218262
    },
    "melbands_flatness_db": {
        "dmean": 0.0258996058255,
        "dmean2": 0.0402586758137,
        "dvar": 0.000579887477215,
        "dvar2": 0.00134260044433,
        "max": 0.409482598305,
        "mean": 0.183617442846,
        "median": 0.178388163447,
        "min": 0.00621211668476,
        "var": 0.00297576817684
    },
    "melbands_kurtosis": {
        "dmean": 5.88038158417,
        "dmean2": 9.50249290466,
        "dvar": 156.280960083,
        "dvar2": 395.040283203,
        "max": 464.368347168,
        "mean": 9.17026138306,
        "median": 4.42051839828,
        "min": -1.64853572845,
        "var": 237.511611938
    },
    "melbands_skewness": {
        "dmean": 0.752086997032,
        "dmean2": 1.18557882309,
        "dvar": 0.704116821289,
        "dvar2": 1.73717594147,
        "max": 20.2227802277,
        "mean": 2.17371630669,
        "median": 1.84176874161,
        "min": -1.6093069315,
        "var": 2.59024596214
    },
    "melbands_spread": {
        "dmean": 7.40256309509,
        "dmean2": 11.7038326263,
        "dvar": 59.2711639404,
        "dvar2": 139.087493896,
        "max": 208.334442139,
        "mean": 26.1628646851,
        "median": 24.0127258301,
        "min": 1.17608964443,
        "var": 212.111907959
    },
    "pitch_salience": {
        "dmean": 0.07611618191,
        "dmean2": 0.123751290143,
        "dvar": 0.00478800479323,
        "dvar2": 0.0113727059215,
        "max": 0.843361437321,
        "mean": 0.513992190361,
        "median": 0.522395074368,
        "min": 0.0372135825455,
        "var": 0.0219012536108
    },
    "silence_rate_20dB": {
        "dmean": 0,
        "dmean2": 0,
        "dvar": 0,
        "dvar2": 0,
        "max": 1,
        "mean": 1,
        "median": 1,
        "min": 1,
        "var": 0
    },
    "silence_rate_30dB": {
        "dmean": 0.0437210425735,
        "dmean2": 0.0874524712563,
        "dvar": 0.0418107770383,
        "dvar2": 0.102142468095,
        "max": 1,
        "mean": 0.952482759953,
        "median": 1,
        "min": 0,
        "var": 0.0452597811818
    },
    "silence_rate_60dB": {
        "dmean": 0.0102174170315,
        "dmean2": 0.0204372629523,
        "dvar": 0.0101143997163,
        "dvar2": 0.0226288996637,
        "max": 1,
        "mean": 0.0566642917693,
        "median": 0,
        "min": 0,
        "var": 0.0534477382898
    },
    "spectral_centroid": {
        "dmean": 208.643585205,
        "dmean2": 321.667541504,
        "dvar": 46346.6835938,
        "dvar2": 96395.3828125,
        "max": 11350.8066406,
        "mean": 1569.08544922,
        "median": 1560.37695312,
        "min": 330.079315186,
        "var": 242857.0625
    },
    "spectral_complexity": {
        "dmean": 3.53641438484,
        "dmean2": 5.54800367355,
        "dvar": 10.1047019958,
        "dvar2": 22.4753837585,
        "max": 53,
        "mean": 23.81432724,
        "median": 24,
        "min": 0,
        "var": 92.3635482788
    },
    "spectral_decrease": {
        "dmean": 3.65637453648e-09,
        "dmean2": 5.96522342633e-09,
        "dvar": 2.76340710555e-17,
        "dvar2": 7.50383245425e-17,
        "max": 4.38678279309e-30,
        "mean": -1.01682537945e-08,
        "median": -8.26967028189e-09,
        "min": -6.86653791604e-08,
        "var": 6.97076484204e-17
    },
    "spectral_energy": {
        "dmean": 0.0142439194024,
        "dmean2": 0.0232197996229,
        "dvar": 0.000404179852922,
        "dvar2": 0.00109900743701,
        "max": 0.264102607965,
        "mean": 0.0412652418017,
        "median": 0.0344814509153,
        "min": 1.06209610989e-20,
        "var": 0.00106477085501
    },
    "spectral_energyband_high": {
        "dmean": 0.000537719926797,
        "dmean2": 0.000806302239653,
        "dvar": 1.13747410069e-06,
        "dvar2": 2.65670996669e-06,
        "max": 0.0144398044795,
        "mean": 0.00124722823966,
        "median": 0.000660979538225,
        "min": 7.59358426231e-21,
        "var": 2.74566855296e-06
    },
    "spectral_energyband_low": {
        "dmean": 0.0114771053195,
        "dmean2": 0.0187208782881,
        "dvar": 0.00039974367246,
        "dvar2": 0.00108186027501,
        "max": 0.225654959679,
        "mean": 0.0219197329134,
        "median": 0.0118465386331,
        "min": 5.87524795765e-23,
        "var": 0.000811795005575
    },
    "spectral_energyband_middle_high": {
        "dmean": 0.00346970232204,
        "dmean2": 0.00548155140132,
        "dvar": 1.77705624083e-05,
        "dvar2": 4.51253654319e-05,
        "max": 0.0653096586466,
        "mean": 0.0108126392588,
        "median": 0.0087761785835,
        "min": 1.50952929116e-21,
        "var": 7.64998912928e-05
    },
    "spectral_energyband_middle_low": {
        "dmean": 0.00363788031973,
        "dmean2": 0.00591625785455,
        "dvar": 2.5879140594e-05,
        "dvar2": 6.79728473187e-05,
        "max": 0.0780697986484,
        "mean": 0.00806538388133,
        "median": 0.00606835912913,
        "min": 2.28263655575e-22,
        "var": 5.00443602505e-05
    },
    "spectral_entropy": {
        "dmean": 0.126866921782,
        "dmean2": 0.18628385663,
        "dvar": 0.0142768081278,
        "dvar2": 0.0282282084227,
        "max": 9.81282806396,
        "mean": 7.76211547852,
        "median": 7.76948451996,
        "min": 5.97712659836,
        "var": 0.118003822863
    },
    "spectral_flux": {
        "dmean": 0.0251691583544,
        "dmean2": 0.039856530726,
        "dvar": 0.000792871520389,
        "dvar2": 0.00181024707854,
        "max": 0.417262017727,
        "mean": 0.104847408831,
        "median": 0.0999684780836,
        "min": 6.88281376338e-11,
        "var": 0.0025380179286
    },
    "spectral_kurtosis": {
        "dmean": 1.14004135132,
        "dmean2": 1.83710277081,
        "dvar": 1.26504302025,
        "dvar2": 3.44854211807,
        "max": 20.1692428589,
        "mean": 4.48752880096,
        "median": 4.22163486481,
        "min": -1.45612692833,
        "var": 5.71457672119
    },
    "spectral_rms": {
        "dmean": 0.000977463903837,
        "dmean2": 0.00156729435548,
        "dvar": 1.18343211852e-06,
        "dvar2": 3.06956371787e-06,
        "max": 0.0160518251359,
        "mean": 0.00582658592612,
        "median": 0.00580003811046,
        "min": 3.21899256382e-12,
        "var": 6.30955128145e-06
    },
    "spectral_rolloff": {
        "dmean": 521.728881836,
        "dmean2": 868.992004395,
        "dvar": 1108702.125,
        "dvar2": 2412873.5,
        "max": 19186.0839844,
        "mean": 1660.27880859,
        "median": 1485.79101562,
        "min": 21.533203125,
        "var": 2245922
    },
    "spectral_skewness": {
        "dmean": 0.163321062922,
        "dmean2": 0.256587088108,
        "dvar": 0.0216836128384,
        "dvar2": 0.0494299195707,
        "max": 3.77382183075,
        "mean": 1.73384702206,
        "median": 1.7337577343,
        "min": -0.239593267441,
        "var": 0.134457096457
    },
    "spectral_spread": {
        "dmean": 603116.8125,
        "dmean2": 859525.375,
        "dvar": 725844230144,
        "dvar2": 1.22426176307e+12,
        "max": 41768996,
        "mean": 5017901.5,
        "median": 4654881,
        "min": 2052191.625,
        "var": 4.0264073216e+12
    },
    "spectral_strongpeak": {
        "dmean": 0.595334887505,
        "dmean2": 1.03555345535,
        "dvar": 1.08692359924,
        "dvar2": 2.87986397743,
        "max": 16.4092216492,
        "mean": 0.931490540504,
        "median": 0.481571942568,
        "min": 0,
        "var": 1.48972129822
    },
    "zerocrossingrate": {
        "dmean": 0.0111229736358,
        "dmean2": 0.013123950921,
        "dvar": 0.000185783836059,
        "dvar2": 0.000222826434765,
        "max": 0.6494140625,
        "mean": 0.068245626986,
        "median": 0.0634765625,
        "min": 0.00537109375,
        "var": 0.00125684135128
    },
    "barkbands": {
        "dmean": [0.000741251104046, 0.0107063772157, 0.0012358315289, 0.000624426524155, 0.000619384285528, 0.000621312006842, 0.00117479346227, 0.000806102587376, 0.00126467098016, 0.00155630498193, 0.00109169713687, 0.000562947010621, 0.00066992698703, 0.000708772044163, 0.000577527156565, 0.000670859881211, 0.000384715414839, 0.000245793140493, 0.000166690442711, 0.000113925911137, 7.41812036722e-05, 5.73318902752e-05, 7.83066134318e-05, 0.000116382441774, 0.00018038842245, 9.2283320555e-05, 1.05695754371e-08],
        "dmean2": [0.00112223683391, 0.0175590999424, 0.00212933775038, 0.00105740083382, 0.00105391698889, 0.00101665209513, 0.00191455509048, 0.0013232040219, 0.00212338729762, 0.00260097556747, 0.00176382972859, 0.000919821497519, 0.00108634505887, 0.00115234695841, 0.000941576843616, 0.00108903762884, 0.000601993582677, 0.000402224686695, 0.000267276889645, 0.000183613228728, 0.000117940639029, 9.10003655008e-05, 0.000121009667055, 0.00017643069441, 0.000270234741038, 0.000156591820996, 1.95234246547e-08],
        "dvar": [1.94479116544e-06, 0.000360544509022, 9.10257494979e-06, 3.31838168677e-06, 2.25025769396e-06, 1.73813452875e-06, 6.0192555793e-06, 3.13894861392e-06, 5.88725106354e-06, 7.13150029696e-06, 4.59464627056e-06, 1.06093659724e-06, 2.09646304938e-06, 2.30374644161e-06, 1.35656625844e-06, 1.77690128567e-06, 6.93015238085e-07, 2.8065414881e-07, 8.45618899348e-08, 4.27543156434e-08, 1.57482524799e-08, 1.36404478823e-08, 2.60788759476e-08, 6.20336493284e-08, 1.92873073956e-07, 1.40964331763e-07, 1.01829208246e-14],
        "dvar2": [4.21526510763e-06, 0.000983714824542, 2.5130708309e-05, 8.94113873073e-06, 6.14812279309e-06, 4.26685392085e-06, 1.56046698976e-05, 7.85620886745e-06, 1.61976931849e-05, 2.00613540073e-05, 1.18689540614e-05, 2.57225315181e-06, 5.03923092765e-06, 5.95735764364e-06, 3.32744252773e-06, 4.47694037575e-06, 1.53431028593e-06, 7.40702489566e-07, 2.04842720564e-07, 1.0147802243e-07, 3.89227423625e-08, 3.24650137884e-08, 6.03348340178e-08, 1.35890005026e-07, 4.08818607411e-07, 3.94090307054e-07, 2.90655086804e-14],
        "max": [0.0180431380868, 0.208313047886, 0.0532280467451, 0.0443808063865, 0.0225387625396, 0.0265778768808, 0.0479894019663, 0.0361004248261, 0.0535702481866, 0.0519477427006, 0.0383750833571, 0.0193856023252, 0.0306402537972, 0.0406354963779, 0.0209453068674, 0.0192018672824, 0.0262320805341, 0.023505423218, 0.00826093647629, 0.0057137128897, 0.00216956040822, 0.00343803246506, 0.00506676826626, 0.00875361543149, 0.00805334188044, 0.00544258952141, 4.98701137985e-06],
        "mean": [0.00123441324104, 0.01847291179, 0.00178379577119, 0.000785453652497, 0.000837358238641, 0.000925754080527, 0.00169534387533, 0.00113448000047, 0.00206420058385, 0.00256075616926, 0.00174929841887, 0.000918363395613, 0.00104277546052, 0.00113912392408, 0.000913481926546, 0.00111479382031, 0.000735777372029, 0.000477104302263, 0.000338968529832, 0.000227619588259, 0.000148795705172, 0.00012253067689, 0.000170325525687, 0.000241231478867, 0.000327656773152, 0.000102828242234, 7.01289648575e-09],
        "median": [0.000199834641535, 0.00838363356888, 0.000735794717912, 0.000217943830648, 0.000383985723602, 0.000357626966434, 0.000578949926421, 0.000413302332163, 0.00100967334583, 0.00113561423495, 0.000661911210045, 0.000441779266112, 0.000461756571895, 0.000522524002008, 0.00038717998541, 0.000440598349087, 0.000287587114144, 0.000249871896813, 0.000198089983314, 0.000131313718157, 8.7190157501e-05, 6.17660989519e-05, 7.91216662037e-05, 0.000107677784399, 0.000123036123114, 1.60860618053e-05, 6.96439461656e-10],
        "min": [2.65971159513e-24, 1.46684961902e-23, 1.47395220707e-23, 1.1533051771e-23, 2.38977080866e-23, 1.49382724203e-23, 3.47813884931e-23, 4.3541805597e-23, 3.44723191013e-23, 5.45083763519e-23, 5.04463138253e-23, 7.72891773036e-23, 1.14476780884e-22, 5.9970991996e-23, 5.81331164808e-23, 1.05900878346e-22, 5.55953635705e-23, 1.08193068323e-22, 2.29372781386e-22, 1.83016853349e-22, 4.01231569573e-22, 4.85985169643e-22, 4.77917078958e-22, 8.98564421296e-22, 1.04947833398e-21, 1.53937211377e-21, 2.0399477518e-21],
        "var": [5.5331738622e-06, 0.000663833343424, 9.23721745494e-06, 3.27445968651e-06, 2.15106069845e-06, 3.10458312924e-06, 9.68685617408e-06, 4.96278289575e-06, 1.02229550976e-05, 1.51511067088e-05, 9.48263550526e-06, 2.11008477891e-06, 3.5805405787e-06, 3.62455330105e-06, 2.57730903286e-06, 3.55777069672e-06, 1.99868009076e-06, 5.25902692061e-07, 2.06136149927e-07, 9.57557446668e-08, 3.44882558068e-08, 3.14164019244e-08, 6.46322462217e-08, 1.61288539857e-07, 4.46381790198e-07, 1.05340390633e-07, 5.98794610765e-15]
    },
    "erbbands": {
        "dmean": [0.405054003, 2.12933778763, 1.78650903702, 1.7671071291, 1.83352184296, 2.15716814995, 2.82226586342, 6.39434528351, 15.2823524475, 18.6546916962, 14.9151363373, 29.5257148743, 42.4094619751, 38.3082618713, 40.6536827087, 20.6689033508, 26.9545440674, 31.7464504242, 30.5598373413, 33.4878959656, 25.8739395142, 21.5074062347, 13.9776706696, 10.7888679504, 5.74265813828, 5.05122709274, 3.78877091408, 2.52558255196, 2.1159183979, 2.00121259689, 2.29503774643, 2.46928524971, 2.03765749931, 1.99312031269, 1.37398779392, 0.758264005184, 0.0726743638515, 0.00187994691078, 7.9784404079e-05, 2.20209894906e-05],
        "dmean2": [0.625796675682, 3.60966849327, 3.02745389938, 3.0144970417, 3.08671498299, 3.70388507843, 4.78455209732, 10.4148454666, 24.8364810944, 31.0049648285, 24.5655174255, 49.5413742065, 70.311378479, 63.20154953, 65.5171432495, 33.3649368286, 43.6684532166, 51.3641052246, 49.3469009399, 54.4948577881, 41.3683509827, 33.5736083984, 22.5308647156, 17.1950454712, 9.15566062927, 8.07857608795, 6.02773094177, 4.00229644775, 3.36462521553, 3.11752891541, 3.55337500572, 3.78393101692, 3.08160448074, 3.06064939499, 2.06948852539, 1.26941084862, 0.121555805206, 0.00314951944165, 0.000130247906782, 3.57977187377e-05],
        "dvar": [0.542531609535, 15.8492431641, 16.8476352692, 25.5644760132, 22.2998962402, 29.8096847534, 40.9279670715, 197.719909668, 971.457763672, 2487.36010742, 825.054260254, 3282.32714844, 5365.26367188, 4710.74121094, 7064.47265625, 1397.21337891, 2917.52490234, 4965.64013672, 3843.82275391, 4206.81396484, 2540.93115234, 2239.33813477, 1126.5579834, 404.390655518, 90.7122039795, 81.9098434448, 42.3661117554, 20.4297428131, 22.9962844849, 16.4217319489, 22.3881244659, 24.2700366974, 23.7830696106, 20.9237804413, 13.1231231689, 9.39226818085, 0.0662512108684, 5.22140326211e-05, 7.11371370699e-08, 1.28217925166e-09],
        "dvar2": [1.27055239677, 45.4079208374, 45.7459831238, 70.5512008667, 59.1507911682, 82.1414489746, 113.156661987, 475.314727783, 2404.33398438, 6917.29589844, 2069.54882812, 8891.98730469, 14760.0664062, 12578.3925781, 17835.9941406, 3307.92602539, 7129.12158203, 12476.9140625, 9778.63085938, 10562.0078125, 6170.92919922, 4993.59130859, 2993.29003906, 970.922973633, 221.670700073, 192.162734985, 99.3307418823, 51.3658370972, 53.7552909851, 38.4045639038, 52.1951751709, 57.4680137634, 49.3094367981, 45.674533844, 28.568359375, 26.2516956329, 0.180118590593, 0.00014202966122, 1.92594384885e-07, 3.52121731773e-09],
        "max": [7.56305456161, 51.0572471619, 71.7418899536, 95.3106765747, 97.1601715088, 99.4154891968, 102.081604004, 271.173065186, 485.97442627, 1573.97766113, 647.636901855, 1604.84729004, 1487.38696289, 1467.18798828, 1443.87182617, 908.019287109, 1090.79626465, 2514.953125, 1262.35510254, 1309.42626953, 1024.03894043, 1562.53015137, 1683.50927734, 603.730651855, 234.367538452, 252.15737915, 153.656417847, 88.8875732422, 181.053710938, 134.203033447, 133.977981567, 157.635574341, 177.626235962, 99.8597412109, 64.9891052246, 44.5818443298, 3.77615904808, 0.127208516002, 0.00396319897845, 0.000513476959895],
        "mean": [0.70253098011, 3.37782001495, 3.00512290001, 2.46406412125, 2.32126450539, 2.80192637444, 4.03856611252, 9.98396587372, 22.7495422363, 27.2263240814, 23.5036067963, 47.4255409241, 72.5065765381, 68.2076416016, 68.9097518921, 37.7511749268, 46.2170181274, 54.9935836792, 52.8074455261, 60.9257125854, 47.8803863525, 43.0421180725, 29.1413269043, 22.5487384796, 12.8126096725, 10.4295558929, 7.61184644699, 5.30609035492, 4.41241836548, 4.38052034378, 4.97178840637, 5.12247562408, 3.98738050461, 3.62852287292, 2.30905485153, 0.8982899189, 0.0822316557169, 0.00208946038038, 0.000121642842714, 6.13034135313e-05],
        "median": [0.194545224309, 1.77958440781, 1.63454055786, 0.917380511761, 0.910452306271, 1.24988162518, 1.80699896812, 3.86713433266, 7.78042936325, 8.50695800781, 11.3664684296, 23.1316070557, 35.5590667725, 33.1145057678, 28.2584648132, 20.3100566864, 23.2167930603, 27.8819026947, 27.8316040039, 27.3285999298, 22.8687114716, 18.2642593384, 15.154964447, 12.6784553528, 8.15235233307, 6.15884304047, 4.56038427353, 3.00574827194, 2.22798204422, 2.12856674194, 2.32378840446, 2.22366905212, 1.72807538509, 1.48719596863, 0.734278559685, 0.165830388665, 0.0125608928502, 0.000327120738802, 4.5656466682e-05, 4.92804174428e-05],
        "min": [6.5325220676e-22, 3.26073628116e-21, 1.78736088161e-20, 2.45161987147e-20, 5.30901222307e-20, 1.00368848294e-19, 8.94904021878e-20, 1.23978502294e-19, 3.00734513939e-19, 8.72188750453e-19, 5.75307631548e-19, 1.00568970426e-18, 5.50715551937e-19, 2.26586834821e-18, 3.70016995867e-18, 2.8089105592e-18, 5.77388611174e-18, 3.57891851576e-18, 4.10984439193e-18, 4.9311619483e-18, 4.8779916057e-18, 4.00421301411e-18, 5.54983307589e-18, 1.0857186427e-17, 1.00760599223e-17, 8.52637178622e-18, 1.14491433431e-17, 1.38283009005e-17, 1.90201248306e-17, 9.82173827984e-18, 1.47525164163e-17, 1.60454725057e-17, 1.28736145324e-17, 1.05787003574e-17, 7.88933600826e-18, 5.76836674911e-18, 2.83426343818e-18, 1.15998349712e-18, 2.70491756768e-19, 3.01720009166e-20],
        "var": [1.40253269672, 20.9309997559, 19.561460495, 26.064409256, 21.5395431519, 27.8305168152, 47.1096305847, 388.668640137, 1704.70617676, 3731.61035156, 1357.90698242, 5464.56835938, 11101.2773438, 10104.0947266, 15489.6914062, 3091.73242188, 5374.03613281, 8174.65625, 6510.80859375, 8700.43554688, 5420.58544922, 6445.23730469, 2180.64331055, 1073.44470215, 238.447158813, 190.886764526, 96.4118118286, 45.5753669739, 47.9882926941, 41.5574226379, 55.0214309692, 61.2815742493, 58.1362800598, 47.3281822205, 27.3184051514, 7.25205421448, 0.0578901022673, 4.50764382549e-05, 6.9602720032e-08, 2.71264855023e-09]
    },
    "gfcc": {
        "mean": [20.3424568176, 73.4848327637, -138.952331543, 21.3016986847, -59.9452095032, 38.2135658264, -39.0602836609, 32.6266098022, -18.513343811, 8.61847400665, -11.2125244141, -0.543190181255, -2.40814852715],
        "cov": [[5166.06298828, 100.264808655, 1402.30187988, 997.088745117, 467.730621338, 518.482543945, -3.54153060913, 239.792648315, 16.2038078308, 304.631225586, 20.7760562897, 226.446090698, -59.5130119324], [100.264808655, 1162.9095459, 676.031921387, 419.728302002, 298.549560547, 93.3183059692, 70.0681381226, -51.3528594971, 55.0591468811, 40.2141456604, 180.406143188, -1.78470158577, 87.9567260742], [1402.30187988, 676.031921387, 1729.89929199, 802.299438477, 448.197113037, 335.458099365, -68.744682312, 100.381492615, 7.21356105804, 212.35357666, 112.6848526, 151.523391724, 22.7012500763], [997.088745117, 419.728302002, 802.299438477, 700.263061523, 362.023101807, 214.15145874, 32.0484733582, 58.3132972717, 61.7403182983, 102.255073547, 76.9956207275, 74.2965316772, 30.3325386047], [467.730621338, 298.549560547, 448.197113037, 362.023101807, 330.709075928, 178.272842407, 63.4613571167, 50.5216636658, 39.1880493164, 68.587928772, 58.7059822083, 43.897644043, 23.0807743073], [518.482543945, 93.3183059692, 335.458099365, 214.15145874, 178.272842407, 248.563827515, 100.473922729, 33.5177154541, 14.3511981964, 62.6199493408, 27.2406845093, 28.9991207123, 0.251721411943], [-3.54153060913, 70.0681381226, -68.744682312, 32.0484733582, 63.4613571167, 100.473922729, 195.293930054, 15.4170026779, 20.3326034546, 1.15613985062, 13.4224596024, -7.45280265808, 5.01327943802], [239.792648315, -51.3528594971, 100.381492615, 58.3132972717, 50.5216636658, 33.5177154541, 15.4170026779, 118.380012512, 50.399723053, 23.6724014282, 10.4997014999, 26.3746566772, 4.47990226746], [16.2038078308, 55.0591468811, 7.21356105804, 61.7403182983, 39.1880493164, 14.3511981964, 20.3326034546, 50.399723053, 116.621986389, 26.4710865021, 31.5584945679, 17.7884902954, 18.7325286865], [304.631225586, 40.2141456604, 212.35357666, 102.255073547, 68.587928772, 62.6199493408, 1.15613985062, 23.6724014282, 26.4710865021, 131.926559448, 75.6257858276, 28.0146884918, 6.52711486816], [20.7760562897, 180.406143188, 112.6848526, 76.9956207275, 58.7059822083, 27.2406845093, 13.4224596024, 10.4997014999, 31.5584945679, 75.6257858276, 159.67767334, 21.5583076477, 46.5891532898], [226.446090698, -1.78470158577, 151.523391724, 74.2965316772, 43.897644043, 28.9991207123, -7.45280265808, 26.3746566772, 17.7884902954, 28.0146884918, 21.5583076477, 91.1614074707, 22.3472995758], [-59.5130119324, 87.9567260742, 22.7012500763, 30.3325386047, 23.0807743073, 0.251721411943, 5.01327943802, 4.47990226746, 18.7325286865, 6.52711486816, 46.5891532898, 22.3472995758, 88.2877731323]],
        "icov": [[0.000415941642132, -0.000216400963836, 0.000302610278595, -0.000719478004612, 0.000558030616958, -0.00084339780733, 0.000489351572469, -0.000945756677538, 0.000753181171604, -0.000874802179169, 0.000547723204363, -0.000732673099265, 0.000343357154634], [-0.000216400963836, 0.00305397366174, -0.00210709893145, 0.000839038635604, -0.00228017801419, 0.00286769447848, -0.00240183412097, 0.00378525117412, -0.00267627183348, 0.00323296431452, -0.00308443792164, 0.00285470671952, -0.00116873369552], [0.000302610278595, -0.00210709893145, 0.00346758286469, -0.00244830548763, 0.0015962322941, -0.00359215959907, 0.00336135737598, -0.00364649598487, 0.00347030558623, -0.00356442388147, 0.00219563953578, -0.00320854410529, 0.00102053990122], [-0.000719478004612, 0.000839038635604, -0.00244830548763, 0.00626287749037, -0.0046479604207, 0.00212269485928, -0.001494687167, 0.00318718398921, -0.00361055671237, 0.00250648218207, -0.00134108646307, 0.00175104290247, -0.000865621492267], [0.000558030616958, -0.00228017801419, 0.0015962322941, -0.0046479604207, 0.010918809101, -0.00555162644014, 0.00134064094163, -0.00460155401379, 0.00259473570623, -0.00279196421616, 0.00173708272632, -0.00253685493954, 0.000534293765668], [-0.00084339780733, 0.00286769447848, -0.00359215959907, 0.00212269485928, -0.00555162644014, 0.0136854602024, -0.00767945405096, 0.00476781371981, -0.00291972397827, 0.001935061533, -0.00211892975494, 0.0033989045769, -0.000890375813469], [0.000489351572469, -0.00240183412097, 0.00336135737598, -0.001494687167, 0.00134064094163, -0.00767945405096, 0.0108171915635, -0.00420326553285, 0.00225494499318, -0.00207387353294, 0.00173569319304, -0.00218055886216, 0.000953272159677], [-0.000945756677538, 0.00378525117412, -0.00364649598487, 0.00318718398921, -0.00460155401379, 0.00476781371981, -0.00420326553285, 0.0174607876688, -0.00933207664639, 0.00482044927776, -0.00346819660626, 0.00265489239246, -0.00124208885245], [0.000753181171604, -0.00267627183348, 0.00347030558623, -0.00361055671237, 0.00259473570623, -0.00291972397827, 0.00225494499318, -0.00933207664639, 0.0158346798271, -0.00561144575477, 0.00223569269292, -0.00410691555589, 0.00011245294445], [-0.000874802179169, 0.00323296431452, -0.00356442388147, 0.00250648218207, -0.00279196421616, 0.001935061533, -0.00207387353294, 0.00482044927776, -0.00561144575477, 0.018272716552, -0.00996149796993, 0.00281773158349, 0.00122552341782], [0.000547723204363, -0.00308443792164, 0.00219563953578, -0.00134108646307, 0.00173708272632, -0.00211892975494, 0.00173569319304, -0.00346819660626, 0.00223569269292, -0.00996149796993, 0.014287401922, -0.00286988378502, -0.00358327943832], [-0.000732673099265, 0.00285470671952, -0.00320854410529, 0.00175104290247, -0.00253685493954, 0.0033989045769, -0.00218055886216, 0.00265489239246, -0.00410691555589, 0.00281773158349, -0.00286988378502, 0.0177319478244, -0.00478264642879], [0.000343357154634, -0.00116873369552, 0.00102053990122, -0.000865621492267, 0.000534293765668, -0.000890375813469, 0.000953272159677, -0.00124208885245, 0.00011245294445, 0.00122552341782, -0.00358327943832, -0.00478264642879, 0.0156161412597]]
    },
    "melbands": {
        "dmean": [0.003249110654, 0.00151513912715, 0.000296282843919, 0.000134215850267, 0.000100762648799, 0.000145678335684, 0.000227106284001, 0.000201569680939, 0.000129552252474, 0.000196702749236, 0.000223925671889, 0.000171297288034, 0.000141205076943, 6.92062603775e-05, 6.34216121398e-05, 6.97051655152e-05, 6.3420367951e-05, 5.66968265048e-05, 4.48368518846e-05, 5.91152856941e-05, 2.64510108536e-05, 2.55382437899e-05, 1.6198891899e-05, 1.20395361591e-05, 9.66934658209e-06, 5.69259236727e-06, 3.810233693e-06, 3.91298362956e-06, 2.91031346933e-06, 1.88362355402e-06, 1.47312584886e-06, 1.32092532112e-06, 1.1668115576e-06, 1.21324956126e-06, 1.39052303894e-06, 1.61738364568e-06, 1.57571162163e-06, 1.43628074056e-06, 1.63221568528e-06, 1.85137162134e-06],
        "dmean2": [0.00523123797029, 0.00255275191739, 0.000500393623952, 0.000228171760682, 0.000170936182258, 0.000237112821196, 0.000367462431313, 0.000335276534315, 0.00021454920352, 0.000330359180225, 0.000371827831259, 0.000284367997665, 0.00022732996149, 0.000111798901344, 0.000103759506601, 0.000113442707516, 0.000103182159364, 9.26273496589e-05, 7.22224649508e-05, 9.62297199294e-05, 4.2315612518e-05, 4.01846336899e-05, 2.57998053712e-05, 1.9779210561e-05, 1.55324742082e-05, 9.17408578971e-06, 6.14271175436e-06, 6.34225216345e-06, 4.70967415822e-06, 3.04268019136e-06, 2.36343976212e-06, 2.12812528844e-06, 1.86877991837e-06, 1.91129697669e-06, 2.20494416681e-06, 2.51842675425e-06, 2.46738386522e-06, 2.22043877329e-06, 2.53345638157e-06, 2.88599676423e-06],
        "dvar": [3.3549949876e-05, 8.97313202586e-06, 6.39743063857e-07, 1.05524570415e-07, 5.64192994545e-08, 9.42717548469e-08, 2.09794890793e-07, 2.71289621878e-07, 6.50656915013e-08, 1.52082549221e-07, 1.49344927536e-07, 9.10800466158e-08, 8.19633214633e-08, 1.63840674361e-08, 1.65938480734e-08, 2.71155080611e-08, 2.01690575352e-08, 1.49521373061e-08, 9.02643915168e-09, 1.43260976415e-08, 2.90248092227e-09, 3.46932815809e-09, 1.23750731884e-09, 7.89201703988e-10, 3.57152446506e-10, 9.47716974342e-11, 5.99681554414e-11, 5.63352905991e-11, 2.85579927761e-11, 1.04532623876e-11, 7.27873403911e-12, 1.06320386523e-11, 5.11913081369e-12, 6.75545166681e-12, 9.04772697735e-12, 1.01096006566e-11, 1.02289487644e-11, 1.2362927522e-11, 1.53697193861e-11, 1.83385962665e-11],
        "dvar2": [8.7460692157e-05, 2.48670276051e-05, 1.73424780314e-06, 2.84483661517e-07, 1.56999576006e-07, 2.28649909673e-07, 5.22817174442e-07, 7.41317592201e-07, 1.66070435625e-07, 4.12494586044e-07, 4.12723920817e-07, 2.45375474606e-07, 2.11698619523e-07, 3.97047479339e-08, 3.97245116801e-08, 6.35274446381e-08, 5.11601889741e-08, 3.81199178889e-08, 2.1441440623e-08, 3.65333896468e-08, 6.72993705209e-09, 7.64257990227e-09, 2.87767787377e-09, 2.10629047537e-09, 8.62732663087e-10, 2.35394648218e-10, 1.52161172551e-10, 1.32528654717e-10, 6.70958150151e-11, 2.60359667853e-11, 1.84689243066e-11, 2.48567260525e-11, 1.26862435487e-11, 1.60026818186e-11, 2.17369351685e-11, 2.43942869377e-11, 2.47122634855e-11, 2.67334002158e-11, 3.26644856996e-11, 4.21255148819e-11],
        "max": [0.0603299960494, 0.0420509316027, 0.0171500723809, 0.00453779147938, 0.00355844129808, 0.00629993434995, 0.00837564747781, 0.0155296521261, 0.00589844584465, 0.0105306124315, 0.00796328205615, 0.00608682120219, 0.00588247925043, 0.00244860071689, 0.00239007803611, 0.00382374390028, 0.00438695028424, 0.0028417641297, 0.00198538810946, 0.00183990516234, 0.00153525441419, 0.00228471122682, 0.00100077013485, 0.00109251309186, 0.000611227238551, 0.000175559762283, 0.00033727355185, 0.000227834156249, 0.000118111311167, 6.83505859342e-05, 5.68324285268e-05, 0.000143283352372, 5.63124740438e-05, 9.62125341175e-05, 0.000100661294709, 9.16036224226e-05, 9.07670837478e-05, 0.000127046107082, 0.000108114400064, 8.83413813426e-05],
        "mean": [0.00563861615956, 0.00261885067448, 0.000421099219238, 0.000177953232196, 0.000144381119753, 0.00022804987384, 0.000336918950779, 0.000290007679723, 0.000198059540708, 0.000310275761876, 0.000374044320779, 0.000290405267151, 0.000232044709264, 0.000117271869385, 0.000102070313005, 0.000106119638076, 0.00010253542132, 8.85141198523e-05, 7.25204008631e-05, 9.55519644776e-05, 4.43972530775e-05, 4.61875170004e-05, 3.1729676266e-05, 2.22019170906e-05, 1.83005358849e-05, 1.07558471427e-05, 7.20364096196e-06, 7.15683427188e-06, 5.28533246325e-06, 3.52189886144e-06, 2.85050350612e-06, 2.50050948125e-06, 2.31228341363e-06, 2.4710964226e-06, 2.76886567008e-06, 3.19694481732e-06, 3.04042055177e-06, 2.65765038421e-06, 2.93026664622e-06, 3.13550026476e-06],
        "median": [0.00216939020902, 0.00164793804288, 0.000175249981112, 8.06129100965e-05, 6.53773167869e-05, 8.95862249308e-05, 0.000115673115943, 8.49750431371e-05, 8.8908826001e-05, 0.000146953199874, 0.000177815803909, 0.000130271480884, 9.16951321415e-05, 5.56314043934e-05, 4.43522076239e-05, 4.53385073342e-05, 4.73897889606e-05, 3.99863929488e-05, 2.91445685434e-05, 3.58384313586e-05, 2.05249816645e-05, 1.79076596396e-05, 1.42312892422e-05, 1.12527159217e-05, 9.45641295402e-06, 6.185861821e-06, 4.12449617215e-06, 3.78036088478e-06, 2.89852619062e-06, 1.95315715246e-06, 1.51442407059e-06, 1.22841697703e-06, 1.11998815555e-06, 1.15515626931e-06, 1.27944838368e-06, 1.33301739424e-06, 1.34145307129e-06, 1.15018713132e-06, 1.19198898574e-06, 1.23082895698e-06],
        "min": [5.55849971493e-24, 7.55770162399e-24, 5.90780535161e-24, 5.8860998438e-24, 3.55420097556e-24, 2.80433011222e-24, 5.50375000709e-24, 8.63223351768e-24, 3.77306925042e-24, 5.86717625398e-24, 2.49638543888e-24, 9.02038069318e-24, 1.0583360271e-23, 8.48955697892e-24, 9.79874185976e-24, 1.22730537872e-23, 5.79335701705e-24, 7.76590252726e-24, 5.12011984914e-24, 8.14625496816e-24, 4.72202553205e-24, 2.74567652898e-24, 4.73005179733e-24, 5.75283678222e-24, 8.72318365803e-24, 7.26143386698e-24, 6.59656572442e-24, 5.51606097038e-24, 6.62674241505e-24, 7.92647910883e-24, 7.10503035961e-24, 1.16502962231e-23, 7.68551286786e-24, 4.31484550949e-24, 7.54904387556e-24, 9.45784745248e-24, 9.99348795143e-24, 7.62519814077e-24, 8.19278435093e-24, 9.41119027424e-24],
        "var": [7.11433385732e-05, 1.16225310194e-05, 6.66275695949e-07, 1.01521472118e-07, 6.03205236871e-08, 1.8250473488e-07, 3.63417740346e-07, 4.2039889081e-07, 1.11261655888e-07, 2.48987930718e-07, 3.04693571707e-07, 1.91677557382e-07, 1.7187146284e-07, 3.41736736686e-08, 3.44374591066e-08, 4.57833735368e-08, 3.23916928835e-08, 2.37148771731e-08, 1.86371860167e-08, 2.78568634826e-08, 5.72153568967e-09, 8.84781581334e-09, 3.33669070152e-09, 1.26916377408e-09, 8.64156302072e-10, 2.0859997063e-10, 1.16843659748e-10, 1.16281095863e-10, 5.73111974544e-11, 2.12499809416e-11, 1.47896313252e-11, 1.87927954448e-11, 1.16078743839e-11, 1.501967474e-11, 1.89942835765e-11, 2.38555165205e-11, 2.2845446021e-11, 2.7300306113e-11, 3.50274947936e-11, 3.66616528802e-11]
    },
    "mfcc": {
        "mean": [-614.252868652, 104.039459229, -14.9796924591, -5.9420466423, 8.4149017334, -0.463701963425, 6.67002439499, 11.4419116974, 9.91147708893, 10.2003307343, 3.57693505287, 3.66063284874, 2.17038607597],
        "cov": [[3903.48706055, -255.995956421, 842.216247559, 566.244567871, 527.453125, 396.097167969, 237.473739624, 159.402801514, 137.952438354, 135.042816162, 42.4533729553, 137.922653198, 223.283126831], [-255.995956421, 833.858032227, 412.822723389, 264.668640137, 225.000946045, 133.249557495, 120.831802368, -14.0364265442, -26.437664032, 9.94484806061, 16.8463039398, 38.7585258484, 55.7535476685], [842.216247559, 412.822723389, 1221.76757812, 548.034118652, 584.352050781, 297.538726807, 194.790908813, 21.4554786682, 36.0661430359, 40.4670333862, 33.4639434814, 103.54360199, 154.509521484], [566.244567871, 264.668640137, 548.034118652, 529.105224609, 387.676849365, 211.556533813, 122.477973938, 53.1911048889, 47.3424301147, 37.0751075745, 16.9527435303, 80.5501861572, 107.613571167], [527.453125, 225.000946045, 584.352050781, 387.676849365, 478.654174805, 186.741348267, 118.123733521, 39.461139679, 41.3549575806, 42.831073761, 19.8052806854, 76.5824737549, 113.29839325], [396.097167969, 133.249557495, 297.538726807, 211.556533813, 186.741348267, 297.885742188, 150.367919922, 64.5395355225, 41.2619171143, 49.8600578308, 33.8446235657, 23.6899681091, 48.4563522339], [237.473739624, 120.831802368, 194.790908813, 122.477973938, 118.123733521, 150.367919922, 199.219390869, 36.612487793, 13.6195497513, 50.4466094971, 18.8216991425, 28.4789924622, 47.1847000122], [159.402801514, -14.0364265442, 21.4554786682, 53.1911048889, 39.461139679, 64.5395355225, 36.612487793, 141.894897461, 66.6463851929, 13.9735651016, 21.1430644989, 1.28782629967, -1.23691940308], [137.952438354, -26.437664032, 36.0661430359, 47.3424301147, 41.3549575806, 41.2619171143, 13.6195497513, 66.6463851929, 98.531578064, 29.1422309875, 12.0247020721, 6.39326429367, 1.88137352467], [135.042816162, 9.94484806061, 40.4670333862, 37.0751075745, 42.831073761, 49.8600578308, 50.4466094971, 13.9735651016, 29.1422309875, 86.0055847168, 31.7523727417, 20.8301773071, 28.4066848755], [42.4533729553, 16.8463039398, 33.4639434814, 16.9527435303, 19.8052806854, 33.8446235657, 18.8216991425, 21.1430644989, 12.0247020721, 31.7523727417, 81.9725875854, 29.3355140686, 11.318312645], [137.922653198, 38.7585258484, 103.54360199, 80.5501861572, 76.5824737549, 23.6899681091, 28.4789924622, 1.28782629967, 6.39326429367, 20.8301773071, 29.3355140686, 93.2439422607, 59.7463874817], [223.283126831, 55.7535476685, 154.509521484, 107.613571167, 113.29839325, 48.4563522339, 47.1847000122, -1.23691940308, 1.88137352467, 28.4066848755, 11.318312645, 59.7463874817, 111.312904358]],
