{
"lowlevel": {
    "average_loudness": 0.880824804306,
    "barkbands_crest": {
        "dmean": 2.460085392,
        "dmean2": 3.99051523209,
        "dvar": 5.04426193237,
        "dvar2": 12.6091756821,
        "max": 25.7201633453,
        "mean": 10.8221759796,
        "median": 10.1802005768,
        "min": 2.4967417717,
        "var": 17.1037578583
    },
    "barkbands_flatness_db": {
        "dmean": 0.0195831358433,
        "dmean2": 0.0301082469523,
        "dvar": 0.000335473334417,
        "dvar2": 0.000725146441255,
        "max": 0.355466395617,
        "mean": 0.187888532877,
        "median": 0.185934886336,
        "min": 0.0532860569656,
        "var": 0.00260128243826
    },
    "barkbands_kurtosis": {
        "dmean": 3.19913983345,
        "dmean2": 5.01496505737,
        "dvar": 23.8195838928,
        "dvar2": 56.3469390869,
        "max": 80.584777832,
        "mean": 5.99182510376,
        "median": 3.05968379974,
        "min": -1.86707997322,
        "var": 72.2757949829
    },
    "barkbands_skewness": {
        "dmean": 0.543163597584,
        "dmean2": 0.81600612402,
        "dvar": 0.302472025156,
        "dvar2": 0.636699557304,
        "max": 7.57379055023,
        "mean": 1.74964237213,
        "median": 1.55387985706,
        "min": -3.12288165092,
        "var": 1.67235267162
    },
    "barkbands_spread": {
        "dmean": 3.86644935608,
        "dmean2": 5.71432828903,
        "dvar": 38.8062973022,
        "dvar2": 72.6544189453,
        "max": 115.238716125,
        "mean": 14.1356611252,
        "median": 10.8051548004,
        "min": 0.807524204254,
        "var": 146.407394409
    },
    "dissonance": {
        "dmean": 0.0243309717625,
        "dmean2": 0.0406489931047,
        "dvar": 0.000624565058388,
        "dvar2": 0.00164974154904,
        "max": 0.5,
        "mean": 0.452698975801,
        "median": 0.463889360428,
        "min": 0.205735981464,
        "var": 0.00160695472732
    },
    "dynamic_complexity": 2.76067256927,
    "erbbands_crest": {
        "dmean": 2.83562922478,
        "dmean2": 4.67512369156,
        "dvar": 7.33979701996,
        "dvar2": 18.0559406281,
        "max": 32.2873268127,
        "mean": 10.0728607178,
        "median": 8.79851913452,
        "min": 2.710688591,
        "var": 24.1323871613
    },
    "erbbands_flatness_db": {
        "dmean": 0.0185457393527,
        "dmean2": 0.0267966501415,
        "dvar": 0.000323060987284,
        "dvar2": 0.000597162521444,
        "max": 0.40442019701,
        "mean": 0.19581463933,
        "median": 0.193124815822,
        "min": 0.0622145272791,
        "var": 0.00330020557158
    },
    "erbbands_kurtosis": {
        "dmean": 1.23561227322,
        "dmean2": 1.96022093296,
        "dvar": 2.86805081367,
        "dvar2": 6.59403038025,
        "max": 36.4285812378,
        "mean": 1.52626872063,
        "median": 0.731843948364,
        "min": -1.81860470772,
        "var": 8.24454307556
    },
    "erbbands_skewness": {
        "dmean": 0.383345425129,
        "dmean2": 0.591838777065,
        "dvar": 0.126205638051,
        "dvar2": 0.279574871063,
        "max": 4.5038599968,
        "mean": 0.591038882732,
        "median": 0.562775850296,
        "min": -3.25075984001,
        "var": 0.578327834606
    },
    "erbbands_spread": {
        "dmean": 7.08737754822,
        "dmean2": 10.3973255157,
        "dvar": 98.7470321655,
        "dvar2": 186.020019531,
        "max": 151.75819397,
        "mean": 29.0746612549,
        "median": 23.0739688873,
        "min": 2.1149456501,
        "var": 459.814544678
    },
    "hfc": {
        "dmean": 5.53899860382,
        "dmean2": 8.39533042908,
        "dvar": 73.3927841187,
        "dvar2": 170.412033081,
        "max": 144.744842529,
        "mean": 17.33893013,
        "median": 11.6658306122,
        "min": 1.14831025815e-16,
        "var": 283.400543213
    },
    "melbands_crest": {
        "dmean": 3.24964594841,
        "dmean2": 5.0588684082,
        "dvar": 9.230260849,
        "dvar2": 20.3764266968,
        "max": 38.9624862671,
        "mean": 15.4309625626,
        "median": 14.2373828888,
        "min": 1.05501270294,
        "var": 40.8622589111
    },
    "melbands_flatness_db": {
        "dmean": 0.0224285684526,
        "dmean2": 0.0331617519259,
        "dvar": 0.000496799475513,
        "dvar2": 0.000986762344837,
        "max": 0.461330354214,
        "mean": 0.244246736169,
        "median": 0.242956340313,
        "min": 5.65009140701e-05,
        "var": 0.00515898689628
    },
    "melbands_kurtosis": {
        "dmean": 6.846804142,
        "dmean2": 10.6375179291,
        "dvar": 154.142364502,
        "dvar2": 337.700164795,
        "max": 354.674438477,
        "mean": 14.3785104752,
        "median": 6.62347221375,
        "min": -1.74194097519,
        "var": 487.733276367
    },
    "melbands_skewness": {
        "dmean": 0.709638834,
        "dmean2": 1.0604801178,
        "dvar": 0.627992808819,
        "dvar2": 1.26970303059,
        "max": 15.5975608826,
        "mean": 2.52876973152,
        "median": 2.07859396935,
        "min": -0.922780692577,
        "var": 3.68035697937
    },
    "melbands_spread": {
        "dmean": 4.41036653519,
        "dmean2": 6.53325986862,
        "dvar": 62.515827179,
        "dvar2": 113.143363953,
        "max": 233.553787231,
        "mean": 15.6050395966,
        "median": 12.1645097733,
        "min": 0.843196928501,
        "var": 224.705535889
    },
    "pitch_salience": {
        "dmean": 0.0721129104495,
        "dmean2": 0.115237757564,
        "dvar": 0.00467449147254,
        "dvar2": 0.0115236798301,
        "max": 0.997601270676,
        "mean": 0.548893928528,
        "median": 0.551609754562,
        "min": 0.0483400635421,
        "var": 0.0192524790764
    },
    "silence_rate_20dB": {
        "dmean": 0,
        "dmean2": 0,
        "dvar": 0,
        "dvar2": 0,
        "max": 1,
        "mean": 1,
        "median": 1,
        "min": 1,
        "var": 0
    },
    "silence_rate_30dB": {
        "dmean": 0.0115273771808,
        "dmean2": 0.0230575241148,
        "dvar": 0.0113937081769,
        "dvar2": 0.0314135216177,
        "max": 1,
        "mean": 0.9920758605,
        "median": 1,
        "min": 0,
        "var": 0.0078606242314
    },
    "silence_rate_60dB": {
        "dmean": 0.0163304507732,
        "dmean2": 0.0326648242772,
        "dvar": 0.0160622410476,
        "dvar2": 0.036402400583,
        "max": 1,
        "mean": 0.0360187292099,
        "median": 0,
        "min": 0,
        "var": 0.0347247347236
    },
    "spectral_centroid": {
        "dmean": 161.774719238,
        "dmean2": 242.305450439,
        "dvar": 56333.1484375,
        "dvar2": 102529,
        "max": 10996.5527344,
        "mean": 946.560058594,
        "median": 810.04473877,
        "min": 194.687759399,
        "var": 306206.125
    },
    "spectral_complexity": {
        "dmean": 2.79370808601,
        "dmean2": 4.43208837509,
        "dvar": 7.04763936996,
        "dvar2": 16.0398731232,
        "max": 44,
        "mean": 16.1957015991,
        "median": 15,
        "min": 0,
        "var": 57.8181190491
    },
    "spectral_decrease": {
        "dmean": 2.73773603787e-09,
        "dmean2": 4.32673141759e-09,
        "dvar": 1.59859618237e-17,
        "dvar2": 4.01352301463e-17,
        "max": 7.59930909673e-29,
        "mean": -8.34559887863e-09,
        "median": -7.06207625711e-09,
        "min": -5.92470534855e-08,
        "var": 4.15484946926e-17
    },
    "spectral_energy": {
        "dmean": 0.0107137532905,
        "dmean2": 0.0169297773391,
        "dvar": 0.00024308214779,
        "dvar2": 0.000609824550338,
        "max": 0.236246064305,
        "mean": 0.0330709517002,
        "median": 0.0280489791185,
        "min": 1.05072318426e-20,
        "var": 0.000635003438219
    },
    "spectral_energyband_high": {
        "dmean": 0.000217806344153,
        "dmean2": 0.00030534263351,
        "dvar": 4.25896132583e-07,
        "dvar2": 8.44798933031e-07,
        "max": 0.015174003318,
        "mean": 0.0004389063688,
        "median": 8.92461248441e-05,
        "min": 7.75961653647e-21,
        "var": 1.47284936247e-06
    },
    "spectral_energyband_low": {
        "dmean": 0.00524551002309,
        "dmean2": 0.00828791968524,
        "dvar": 8.39520798763e-05,
        "dvar2": 0.000212759405258,
        "max": 0.108416125178,
        "mean": 0.0144735639915,
        "median": 0.0124789411202,
        "min": 3.53125695613e-23,
        "var": 0.000258277024841
    },
    "spectral_energyband_middle_high": {
        "dmean": 0.00190513499547,
        "dmean2": 0.00297518656589,
        "dvar": 1.25464357552e-05,
        "dvar2": 3.07768968923e-05,
        "max": 0.103918284178,
        "mean": 0.00561158638448,
        "median": 0.00288061145693,
        "min": 1.32640622558e-21,
        "var": 6.6006614361e-05
    },
    "spectral_energyband_middle_low": {
        "dmean": 0.00708940299228,
        "dmean2": 0.0114365313202,
        "dvar": 0.000153361950652,
        "dvar2": 0.000390814238926,
        "max": 0.183171868324,
        "mean": 0.0138779655099,
        "median": 0.00913552287966,
        "min": 2.76982670096e-22,
        "var": 0.000225568903261
    },
    "spectral_entropy": {
        "dmean": 0.167661070824,
        "dmean2": 0.243534907699,
        "dvar": 0.0323841460049,
        "dvar2": 0.0574404448271,
        "max": 9.79909706116,
        "mean": 7.3337597847,
        "median": 7.37063312531,
        "min": 5.60323095322,
        "var": 0.256103008986
    },
    "spectral_flux": {
        "dmean": 0.026509149,
        "dmean2": 0.0410474874079,
        "dvar": 0.00110853812657,
        "dvar2": 0.00218444946222,
        "max": 0.397325307131,
        "mean": 0.0869241282344,
        "median": 0.0731334611773,
        "min": 6.82673431673e-11,
        "var": 0.00276955333538
    },
    "spectral_kurtosis": {
        "dmean": 2.60337877274,
        "dmean2": 4.25692272186,
        "dvar": 9.34275341034,
        "dvar2": 25.5311813354,
        "max": 55.0777282715,
        "mean": 8.03056812286,
        "median": 7.02864170074,
        "min": -1.34468698502,
        "var": 32.1998252869
    },
    "spectral_rms": {
        "dmean": 0.000849518575706,
        "dmean2": 0.00130154169165,
        "dvar": 1.01257444385e-06,
        "dvar2": 2.31986473409e-06,
        "max": 0.0151816979051,
        "mean": 0.00525972852483,
        "median": 0.00523114297539,
        "min": 3.20171168224e-12,
        "var": 4.59945295006e-06
    },
    "spectral_rolloff": {
        "dmean": 332.913604736,
        "dmean2": 540.166748047,
        "dvar": 849940,
        "dvar2": 1719723,
        "max": 18992.2851562,
        "mean": 1103.98535156,
        "median": 732.12890625,
        "min": 21.533203125,
        "var": 2154700
    },
    "spectral_skewness": {
        "dmean": 0.285963356495,
        "dmean2": 0.444679230452,
        "dvar": 0.0815239027143,
        "dvar2": 0.187818646431,
        "max": 5.59774255753,
        "mean": 2.14316439629,
        "median": 2.08157372475,
        "min": -0.108783826232,
        "var": 0.464882314205
    },
    "spectral_spread": {
        "dmean": 578077.6875,
        "dmean2": 798247.4375,
        "dvar": 810117038080,
        "dvar2": 1.23960963891e+12,
        "max": 42783068,
        "mean": 4013024,
        "median": 3345789.5,
        "min": 1167287.25,
        "var": 4.56637441638e+12
    },
    "spectral_strongpeak": {
        "dmean": 0.457348614931,
        "dmean2": 0.778692305088,
        "dvar": 0.560114979744,
        "dvar2": 1.44489145279,
        "max": 7.72213363647,
        "mean": 0.879120886326,
        "median": 0.533229589462,
        "min": 0,
        "var": 0.931338250637
    },
    "zerocrossingrate": {
        "dmean": 0.00830037053674,
        "dmean2": 0.00948445405811,
        "dvar": 0.000209631500184,
        "dvar2": 0.000214686719119,
        "max": 0.603515625,
        "mean": 0.0450928807259,
        "median": 0.03564453125,
        "min": 0.0009765625,
        "var": 0.00147537281737
    },
    "barkbands": {
        "dmean": [0.000671132234856, 0.00350332004018, 0.00184132228605, 0.001821857295, 0.00234824372455, 0.00104710273445, 0.00194717000704, 0.000897093268577, 0.00150619633496, 0.00109819159843, 0.000663021521177, 0.000463759381091, 0.000415470800363, 0.000280209351331, 0.000185241617146, 0.000152169901412, 0.000133427762194, 7.17093207641e-05, 4.00443532271e-05, 2.90195730486e-05, 2.59312218986e-05, 2.85848964268e-05, 4.74731641589e-05, 6.38932251604e-05, 6.15634926362e-05, 1.19583319247e-05, 1.6239997791e-08],
        "dmean2": [0.000880496634636, 0.0054187849164, 0.00320082693361, 0.00318518048152, 0.00396051490679, 0.00169863598421, 0.00304050999694, 0.00143460580148, 0.0023699705489, 0.0017757951282, 0.00107284868136, 0.000761905685067, 0.000668800028507, 0.000456511828816, 0.000303060427541, 0.000249594362685, 0.000223495357204, 0.000118450167065, 6.57842610963e-05, 4.65324155812e-05, 4.12316549045e-05, 4.37104135926e-05, 7.18155570212e-05, 9.07091380213e-05, 8.81624000613e-05, 1.84637192433e-05, 3.06146716866e-08],
        "dvar": [2.28230510402e-06, 4.46778540208e-05, 2.13118273678e-05, 2.16905718844e-05, 2.57035080722e-05, 7.47083777242e-06, 2.31735230045e-05, 7.02913803252e-06, 1.25529886645e-05, 7.69263078837e-06, 2.41464908868e-06, 1.21264815789e-06, 9.50891092089e-07, 5.86588328133e-07, 1.6059792074e-07, 1.0520626148e-07, 8.08380207218e-08, 2.24427836315e-08, 5.98279781272e-09, 4.06582501e-09, 4.62850202609e-09, 5.88900972431e-09, 2.64453721144e-08, 6.11985200294e-08, 4.24956212441e-08, 1.71159719731e-09, 1.34923024359e-13],
        "dvar2": [3.73879061044e-06, 0.000110108710942, 5.87130562053e-05, 5.98047263338e-05, 7.02545003151e-05, 1.7392956579e-05, 5.24223396496e-05, 1.67615071405e-05, 3.04025888909e-05, 2.02357205126e-05, 6.31880129731e-06, 3.09387314701e-06, 2.37036510953e-06, 1.51618553446e-06, 3.88146020214e-07, 2.68375345058e-07, 2.18288050746e-07, 5.81888137674e-08, 1.58105635251e-08, 1.0234020742e-08, 1.15526974653e-08, 1.28689352508e-08, 6.03020637868e-08, 1.21511646967e-07, 8.48490557814e-08, 3.96624377785e-09, 3.9565299279e-13],
        "max": [0.0178804136813, 0.0952421352267, 0.0556608475745, 0.0966246202588, 0.0785187706351, 0.0686578601599, 0.0907812193036, 0.0644223988056, 0.0753781944513, 0.0660933405161, 0.0411478467286, 0.0224852226675, 0.0289629977196, 0.0270520336926, 0.0121498703957, 0.00935989245772, 0.00663819676265, 0.00396613636985, 0.00180440384429, 0.00137327646371, 0.00162560224999, 0.0019722438883, 0.00424669217318, 0.00779228517786, 0.00516838161275, 0.00175156258047, 1.97475637833e-05],
        "mean": [0.00124493043404, 0.00823349505663, 0.00393772264943, 0.00219235778786, 0.00307730468921, 0.00153295649216, 0.00290629989468, 0.00133862055372, 0.00227617146447, 0.00176217046101, 0.00109629554208, 0.000791528611444, 0.000706965685822, 0.000467521516839, 0.000330262002535, 0.00027206831146, 0.000227225755225, 0.000135143112857, 7.89014884504e-05, 5.09335841343e-05, 4.66976925964e-05, 5.47236049897e-05, 8.133877418e-05, 0.000109704313218, 0.000103977385152, 1.55548023031e-05, 9.77734160301e-09],
        "median": [0.000103076687083, 0.00327970692888, 0.000619359198026, 0.000608674134128, 0.00139324215706, 0.000542203022633, 0.000738793751225, 0.000318459293339, 0.000633929856122, 0.000515429186635, 0.000323890388245, 0.000246832001721, 0.000254905258771, 0.000171926949406, 0.000167532329215, 0.000134937901748, 0.000111224217108, 6.34489479125e-05, 3.9577636926e-05, 2.28239587159e-05, 1.62756641657e-05, 1.42646767927e-05, 1.16082046588e-05, 1.03724332803e-05, 1.19689939311e-05, 1.50261530507e-06, 5.07339170674e-10],
        "min": [1.53756358388e-23, 8.07814550646e-24, 4.29374308585e-24, 1.17076124899e-23, 1.94761853113e-23, 9.82246369604e-24, 2.01046550173e-23, 2.48207053224e-23, 6.46821766071e-23, 2.67414506757e-23, 1.02002069006e-22, 8.53643361826e-23, 8.55143333506e-23, 9.17605592417e-23, 9.54193844725e-23, 1.03489538818e-22, 1.7102951236e-22, 1.68383104904e-22, 1.44751508e-22, 2.49346158905e-22, 3.26482114177e-22, 3.28118931135e-22, 7.03676902641e-22, 5.63310956403e-22, 1.06325525327e-21, 1.44132839102e-21, 2.50180655098e-21],
        "var": [7.33836850486e-06, 0.000124252997921, 3.67468492186e-05, 1.83040210686e-05, 2.45018400165e-05, 1.10172941277e-05, 3.48029134329e-05, 1.16489854918e-05, 2.33368846239e-05, 1.54889457917e-05, 5.18533397553e-06, 2.80282233689e-06, 1.88321985206e-06, 1.23198458368e-06, 3.5969665646e-07, 2.01056067795e-07, 1.3356303441e-07, 5.16087013125e-08, 1.44336640417e-08, 7.70169439335e-09, 8.75655814525e-09, 1.71337593002e-08, 6.97532840377e-08, 1.77675005375e-07, 1.24887066022e-07, 3.45503492483e-09, 7.25358765023e-14]
    },
    "erbbands": {
        "dmean": [0.15858656168, 0.687392711639, 1.87199938297, 4.27447557449, 7.57409715652, 8.00537490845, 5.73452281952, 10.6108016968, 26.7120113373, 22.2938346863, 20.2644195557, 37.2676506042, 29.5131664276, 29.4679107666, 27.219121933, 16.2545127869, 18.3169231415, 14.7048625946, 10.431599617, 7.42187833786, 7.62617111206, 7.14007472992, 4.29909658432, 2.56511592865, 1.62834298611, 1.37752151489, 1.04557240009, 1.05427908897, 1.04848659039, 1.08557415009, 1.42156982422, 1.27213859558, 1.17411375046, 0.763840019703, 0.430197566748, 0.102763384581, 0.013023965992, 0.000437591515947, 1.99729292945e-05, 1.32524155561e-05],
        "dmean2": [0.223756343126, 1.12577283382, 3.21417164803, 7.43245601654, 12.8614606857, 13.6433944702, 9.80284976959, 16.9433231354, 41.2667579651, 35.8567962646, 32.1018295288, 58.8758392334, 47.6774482727, 47.5658760071, 43.6658706665, 26.6135044098, 29.1867237091, 23.7434864044, 17.0256252289, 12.2381105423, 12.4672613144, 11.928229332, 7.12646150589, 4.25297498703, 2.62769794464, 2.22202563286, 1.67292392254, 1.67924296856, 1.61789870262, 1.64937698841, 2.15552020073, 1.8739862442, 1.69712769985, 1.08403563499, 0.635329723358, 0.154161408544, 0.0215387586504, 0.000741156749427, 3.12170741381e-05, 2.08370402106e-05],
        "dvar": [0.105846114457, 2.0164000988, 20.6774406433, 120.755844116, 266.504547119, 349.408508301, 228.284469604, 899.0859375, 4566.98925781, 4335.11328125, 3601.83056641, 8610.87207031, 5944.42041016, 6396.55371094, 4114.37451172, 1371.75585938, 1746.71862793, 1406.36254883, 571.858215332, 199.865646362, 283.399627686, 264.874908447, 84.9457244873, 25.1604938507, 11.5246362686, 10.1750907898, 7.72712039948, 7.58393239975, 7.6587471962, 10.7982292175, 24.8092060089, 21.1812648773, 24.70794487, 7.25478887558, 2.18744015694, 0.115717872977, 0.00397991901264, 9.28058034333e-06, 5.75941205838e-09, 3.84772713691e-10],
        "dvar2": [0.219912022352, 5.26537895203, 56.1184082031, 334.482421875, 729.008239746, 964.097961426, 601.823608398, 2071.53198242, 9977.77636719, 11099.4726562, 8623.16699219, 20825.9492188, 15130.5341797, 16893.921875, 10204.7880859, 3469.92724609, 4229.61083984, 3389.05151367, 1331.29248047, 519.185852051, 711.11730957, 719.580993652, 224.310012817, 66.3904190063, 28.2242832184, 26.230846405, 19.6227645874, 18.7607097626, 16.7904949188, 24.5688037872, 57.0341453552, 43.0454406738, 53.0353431702, 14.4121017456, 4.79785776138, 0.251446247101, 0.0105637740344, 2.57560859609e-05, 1.49107641789e-08, 9.66233093536e-10],
        "max": [4.10897541046, 19.0157623291, 52.5583000183, 180.910385132, 248.071884155, 325.058654785, 339.284515381, 839.23651123, 1360.45117188, 1484.43969727, 1797.87072754, 1819.35339355, 2060.86328125, 2927.27783203, 1652.90588379, 899.73059082, 1223.8380127, 1569.61999512, 989.782531738, 343.829345703, 587.690673828, 371.552154541, 224.465240479, 129.511734009, 84.7125167847, 70.2999572754, 77.1961898804, 58.5436172485, 67.9639816284, 80.7397613525, 132.587173462, 150.210586548, 185.386505127, 67.8269958496, 30.2661590576, 10.5528850555, 2.87011027336, 0.0979363173246, 0.00270604947582, 0.000312149524689],
        "mean": [0.304341852665, 1.56527817249, 4.27243185043, 6.53823184967, 9.8193025589, 9.83545303345, 7.13211297989, 16.2509250641, 40.8317260742, 32.4532814026, 33.1289405823, 56.1957817078, 50.5498313904, 50.8547325134, 49.2644958496, 30.6929130554, 33.0908927917, 27.0221805573, 19.7423038483, 15.063782692, 14.6166439056, 12.6451435089, 8.24694919586, 5.19967365265, 3.27531504631, 2.44959592819, 1.90178823471, 1.89251565933, 1.97652685642, 1.99695038795, 2.38582491875, 2.18464875221, 1.88442337513, 1.28665471077, 0.67513436079, 0.150458723307, 0.0145148588344, 0.000452069245512, 3.86431456718e-05, 4.09113526985e-05],
        "median": [0.07602327317, 0.779415249825, 1.2741881609, 2.17621731758, 4.23285150528, 3.67583489418, 2.29521107674, 5.90790510178, 12.3243198395, 11.1864957809, 9.1017665863, 16.6490192413, 15.4133071899, 16.4197711945, 15.2280950546, 11.4410142899, 12.1447305679, 10.1705217361, 9.32854366302, 8.31500720978, 7.64525747299, 6.26729249954, 4.02267074585, 2.61898231506, 1.62667286396, 1.08937048912, 0.768237233162, 0.587588489056, 0.520367801189, 0.403261065483, 0.319170802832, 0.228766456246, 0.166595697403, 0.140650600195, 0.0748509019613, 0.0162210371345, 0.00112408492714, 3.43534848071e-05, 1.83495885722e-05, 3.36119701387e-05],
        "min": [5.22409288396e-22, 1.23521006791e-21, 4.63494298424e-21, 2.61915189517e-20, 4.90692231225e-20, 6.46867969843e-20, 6.07980205919e-20, 1.25785387869e-19, 2.27268390287e-19, 2.81017966105e-19, 8.71204819114e-19, 1.20567922891e-18, 1.20813554174e-18, 1.19973355806e-18, 4.70675777428e-18, 3.25292808392e-18, 4.07094787798e-18, 5.66258937391e-18, 4.5382569476e-18, 4.84740949769e-18, 6.49683038659e-18, 1.01877044895e-17, 8.43906866283e-18, 9.3347654727e-18, 7.52997483576e-18, 1.09765386632e-17, 1.07156219098e-17, 1.54314927329e-17, 1.03878383572e-17, 1.60993815205e-17, 1.71270078478e-17, 1.01770785274e-17, 1.10631717703e-17, 7.94213908266e-18, 7.85261249778e-18, 5.47903882317e-18, 2.69533204365e-18, 1.15779860293e-18, 2.99642144392e-19, 3.72195797355e-20],
        "var": [0.30087274313, 4.48832368851, 36.9567527771, 116.908836365, 257.676696777, 317.469848633, 244.687026978, 1371.62524414, 7084.90087891, 4710.40380859, 6911.61132812, 15466.3222656, 13255.9570312, 13091.3798828, 10235.8164062, 3419.53759766, 3959.65356445, 3515.02880859, 1690.66149902, 451.840911865, 570.061401367, 427.323120117, 180.410186768, 64.8896255493, 26.271062851, 18.671661377, 12.6046876907, 15.8138847351, 22.0658359528, 30.436372757, 64.2660064697, 66.2944412231, 57.5214500427, 21.4794158936, 5.27654600143, 0.269737631083, 0.00559199461713, 8.63799505169e-06, 8.78953265726e-09, 1.00786279322e-09]
    },
    "gfcc": {
        "mean": [-28.2693214417, 112.836219788, -130.985565186, 14.3411588669, -65.3037796021, 22.4468078613, -45.1519775391, 12.983288765, -22.3545131683, -3.34590578079, -13.274892807, -7.32285833359, -4.53691387177],
        "cov": [[4163.17236328, -223.882019043, 632.397521973, 540.505432129, 127.737510681, 590.822875977, 84.3840408325, 270.267700195, -7.38423299789, 222.372299194, -56.5836639404, 157.413040161, -83.8600845337], [-223.882019043, 1984.34387207, 773.515319824, 271.744903564, 565.170471191, -124.547683716, 215.566955566, -76.4280471802, 181.623336792, -75.5515136719, 207.225067139, -129.154800415, 62.2106246948], [632.397521973, 773.515319824, 1872.00683594, 894.940612793, 463.827789307, 322.966003418, 22.6100082397, 101.54662323, 152.622344971, 228.520568848, 134.743301392, 47.532913208, -15.502576828], [540.505432129, 271.744903564, 894.940612793, 804.144226074, 413.051879883, 314.368743896, 107.119789124, 89.0527191162, 128.641586304, 142.073135376, 94.2933578491, 48.7548522949, 26.3974914551], [127.737510681, 565.170471191, 463.827789307, 413.051879883, 596.58203125, 259.266937256, 236.370773315, 111.462081909, 119.417289734, 60.5923919678, 81.4746017456, 26.9123783112, 29.9304256439], [590.822875977, -124.547683716, 322.966003418, 314.368743896, 259.266937256, 472.437286377, 236.55569458, 149.516860962, 78.8650436401, 95.4342651367, 24.842924118, 78.4896240234, 15.0280218124], [84.3840408325, 215.566955566, 22.6100082397, 107.119789124, 236.370773315, 236.55569458, 357.548126221, 123.676261902, 102.090034485, 2.44327235222, 54.1576385498, 17.1013565063, 35.1172943115], [270.267700195, -76.4280471802, 101.54662323, 89.0527191162, 111.462081909, 149.516860962, 123.676261902, 172.147781372, 65.3853988647, 59.4044151306, 13.873837471, 36.3473129272, 5.70211410522], [-7.38423299789, 181.623336792, 152.622344971, 128.641586304, 119.417289734, 78.8650436401, 102.090034485, 65.3853988647, 157.257614136, 64.3622207642, 68.0722503662, 13.1513051987, 27.4434566498], [222.372299194, -75.5515136719, 228.520568848, 142.073135376, 60.5923919678, 95.4342651367, 2.44327235222, 59.4044151306, 64.3622207642, 152.17326355, 47.8273735046, 51.6674461365, -3.51549339294], [-56.5836639404, 207.225067139, 134.743301392, 94.2933578491, 81.4746017456, 24.842924118, 54.1576385498, 13.873837471, 68.0722503662, 47.8273735046, 122.870552063, 22.2197914124, 33.1394233704], [157.413040161, -129.154800415, 47.532913208, 48.7548522949, 26.9123783112, 78.4896240234, 17.1013565063, 36.3473129272, 13.1513051987, 51.6674461365, 22.2197914124, 107.619277954, 22.4076423645], [-83.8600845337, 62.2106246948, -15.502576828, 26.3974914551, 29.9304256439, 15.0280218124, 35.1172943115, 5.70211410522, 27.4434566498, -3.51549339294, 33.1394233704, 22.4076423645, 69.5809249878]],
        "icov": [[0.000481477938592, -0.000659607292619, 0.000422181939939, -0.000653466850054, 0.00088148546638, -0.00099191989284, 0.000548874086235, -0.00105237250682, 0.000733868218958, -0.00063972803764, 0.000628011417575, -0.000684670347255, 0.000755902030505], [-0.000659607292619, 0.00345747941174, -0.00215738592669, 0.00230622268282, -0.00368019309826, 0.00337364920415, -0.00230588624254, 0.00346776726656, -0.00246653310023, 0.00280948495492, -0.00284865754656, 0.00260869367048, -0.00187640148215], [0.000422181939939, -0.00215738592669, 0.00265230541117, -0.00267199729569, 0.00207811989821, -0.00226559862494, 0.00205446314067, -0.00233779125847, 0.00148259662092, -0.00218732585199, 0.00115318235476, -0.00135403184686, 0.001983985072], [-0.000653466850054, 0.00230622268282, -0.00267199729569, 0.00555831613019, -0.00388014153577, 0.000989398453385, -0.000744803634007, 0.00312906387262, -0.00244549755007, 0.00150183064397, -0.00209727534093, 0.00226219533943, -0.00266792043112], [0.00088148546638, -0.00368019309826, 0.00207811989821, -0.00388014153577, 0.0075526162982, -0.00379036669619, 0.000809612043668, -0.00421467842534, 0.00256031705067, -0.00250758975744, 0.00263387942687, -0.00283025670797, 0.00231493683532], [-0.00099191989284, 0.00337364920415, -0.00226559862494, 0.000989398453385, -0.00379036669619, 0.00943928491324, -0.00596020836383, 0.00269696069881, -0.00144677096978, 0.000820280693006, -0.000560578948352, 0.000463490869151, -0.00198327959515], [0.000548874086235, -0.00230588624254, 0.00205446314067, -0.000744803634007, 0.000809612043668, -0.00596020836383, 0.0096417888999, -0.00508960522711, -0.000953251030296, 0.0018253531307, -0.000902196799871, -0.000599874241743, 0.00104444322642], [-0.00105237250682, 0.00346776726656, -0.00233779125847, 0.00312906387262, -0.00421467842534, 0.00269696069881, -0.00508960522711, 0.014451016672, -0.00479104928672, -0.000111831133836, -0.000368440320017, 0.00143446214497, -0.00186429661699], [0.000733868218958, -0.00246653310023, 0.00148259662092, -0.00244549755007, 0.00256031705067, -0.00144677096978, -0.000953251030296, -0.00479104928672, 0.0144103411585, -0.00643924903125, -0.000898973143194, 0.000384988001315, -0.00127205299214], [-0.00063972803764, 0.00280948495492, -0.00218732585199, 0.00150183064397, -0.00250758975744, 0.000820280693006, 0.0018253531307, -0.000111831133836, -0.00643924903125, 0.0168307684362, -0.00642733369023, -0.00218036165461, 0.00280277431011], [0.000628011417575, -0.00284865754656, 0.00115318235476, -0.00209727534093, 0.00263387942687, -0.000560578948352, -0.000902196799871, -0.000368440320017, -0.000898973143194, -0.00642733369023, 0.0168365072459, -0.00352983409539, -0.00302215549164], [-0.000684670347255, 0.00260869367048, -0.00135403184686, 0.00226219533943, -0.00283025670797, 0.000463490869151, -0.000599874241743, 0.00143446214497, 0.000384988001315, -0.00218036165461, -0.00352983409539, 0.0161195974797, -0.00678686378524], [0.000755902030505, -0.00187640148215, 0.001983985072, -0.00266792043112, 0.00231493683532, -0.00198327959515, 0.00104444322642, -0.00186429661699, -0.00127205299214, 0.00280277431011, -0.00302215549164, -0.00678686378524, 0.0217411350459]]
    },
    "melbands": {
        "dmean": [0.00113377952948, 0.000901942723431, 0.000820515677333, 0.000583630229812, 0.000224766132305, 0.00023521707044, 0.000407696876209, 0.00022928888211, 0.00018360291142, 0.000232559701544, 0.000150427877088, 0.000127191815409, 9.04413100216e-05, 6.10952847637e-05, 4.18058807554e-05, 3.85889325116e-05, 2.88734627247e-05, 1.84698565135e-05, 1.28034234876e-05, 1.10931505333e-05, 9.22754952626e-06, 8.33991089166e-06, 5.76702359467e-06, 3.1304341519e-06, 2.21648724619e-06, 1.40158499562e-06, 1.07980508801e-06, 9.72649559117e-07, 7.03671844349e-07, 6.80632751937e-07, 6.31577165677e-07, 6.19441152594e-07, 6.26278506388e-07, 6.636672083e-07, 8.27598910291e-07, 9.30428598167e-07, 7.78791331868e-07, 8.60384773205e-07, 7.76712909101e-07, 6.57112877889e-07],
        "dmean2": [0.00164593895897, 0.00151151954196, 0.00141713186167, 0.000985018908978, 0.000384419021429, 0.000375502801035, 0.000629499787465, 0.000370211753761, 0.000289791583782, 0.000369585352018, 0.000244133960223, 0.000205384174478, 0.000145930491271, 9.917976422e-05, 6.72028400004e-05, 6.24837557552e-05, 4.67050886073e-05, 3.03184642689e-05, 2.09737609111e-05, 1.83116189874e-05, 1.5273117242e-05, 1.39808289532e-05, 9.71986719378e-06, 5.17490525453e-06, 3.71251985598e-06, 2.29245551964e-06, 1.76371975158e-06, 1.58964019192e-06, 1.14685451535e-06, 1.10142320864e-06, 1.01562056898e-06, 9.73007331595e-07, 9.79249989541e-07, 1.03123602457e-06, 1.27465989408e-06, 1.44683463077e-06, 1.1608707382e-06, 1.26818395074e-06, 1.14484203095e-06, 9.52529717324e-07],
        "dvar": [4.79256550534e-06, 4.06330354963e-06, 3.99423379349e-06, 1.56784574301e-06, 3.35488493874e-07, 3.92134353433e-07, 9.98132463792e-07, 4.39106798922e-07, 2.76788313158e-07, 3.32251715918e-07, 1.54088482418e-07, 1.20535759152e-07, 4.63014018237e-08, 1.95335552178e-08, 1.12403579777e-08, 8.15973422164e-09, 5.69969094144e-09, 2.17281459491e-09, 7.24020565723e-10, 5.29791377435e-10, 4.1086972713e-10, 3.72287062289e-10, 1.83076775961e-10, 4.34283616013e-11, 1.98628318654e-11, 7.78087143327e-12, 5.9111721594e-12, 5.67646884359e-12, 3.5836975748e-12, 3.51307958418e-12, 2.95935108016e-12, 2.69847338918e-12, 2.99284880732e-12, 4.74093724348e-12, 8.84821989983e-12, 1.14763042819e-11, 8.79778108004e-12, 1.30694760569e-11, 1.06983796822e-11, 5.4259396455e-12],
        "dvar2": [1.08043468572e-05, 1.06937322926e-05, 1.09918682938e-05, 4.29695910498e-06, 8.89892532996e-07, 8.9467403086e-07, 2.19065873353e-06, 1.11787358037e-06, 6.6747713845e-07, 8.03039938546e-07, 3.94198082176e-07, 3.17511677395e-07, 1.21278304732e-07, 4.83930051587e-08, 2.68130531111e-08, 1.99783247723e-08, 1.37246116694e-08, 5.02871611019e-09, 1.8704475746e-09, 1.34034461308e-09, 1.0681719953e-09, 9.97056215368e-10, 5.0595266865e-10, 1.13262413337e-10, 5.30679250543e-11, 1.99145110125e-11, 1.4539323738e-11, 1.47671822687e-11, 9.43967994049e-12, 8.76606513073e-12, 7.58245289473e-12, 6.10228751211e-12, 6.94187892933e-12, 1.13152733711e-11, 2.08994297562e-11, 2.72658978728e-11, 1.82414847116e-11, 2.85160766528e-11, 2.35527014558e-11, 1.11600980193e-11],
        "max": [0.0318697579205, 0.0240088496357, 0.0367713011801, 0.0202850457281, 0.0122608374804, 0.0165334530175, 0.0209145154804, 0.0134517159313, 0.0161731671542, 0.0132866781205, 0.0105418134481, 0.0122601035982, 0.00634004548192, 0.00288216979243, 0.0038418835029, 0.00242211297154, 0.00290639302693, 0.00209795078263, 0.000778131478, 0.000593438569922, 0.000621627725195, 0.000548497831915, 0.000323716987623, 0.000248003110755, 0.000113380323455, 5.81659514864e-05, 8.65260954015e-05, 5.91082316532e-05, 4.60082737845e-05, 5.4431213357e-05, 3.56339660357e-05, 4.0467173676e-05, 4.06894396292e-05, 6.00295024924e-05, 8.15447419882e-05, 0.00010776558338, 8.71266674949e-05, 0.000112301873742, 0.00012094808335, 7.13707631803e-05],
        "mean": [0.00248501938768, 0.00224651535973, 0.00124192459043, 0.000761077913921, 0.000278648221865, 0.000351747032255, 0.00062797596911, 0.000328448804794, 0.000288965908112, 0.000347197637893, 0.000248098396696, 0.000208563869819, 0.000156068286742, 0.00010834915156, 7.1217858931e-05, 6.60413934384e-05, 4.83013609482e-05, 3.17619669659e-05, 2.28553417401e-05, 1.96147339011e-05, 1.63041349879e-05, 1.37088845804e-05, 9.62519879977e-06, 5.83621886108e-06, 4.07489869758e-06, 2.62898038272e-06, 1.87629370885e-06, 1.58169348197e-06, 1.18261129955e-06, 1.12953307507e-06, 1.07113180547e-06, 1.08964786705e-06, 1.09514235191e-06, 1.13466853691e-06, 1.34072581659e-06, 1.45109152072e-06, 1.28790691178e-06, 1.32120135277e-06, 1.21812570342e-06, 1.0584865322e-06],
        "median": [0.000920196063817, 0.00104823173024, 0.000578449107707, 0.000352135597495, 9.37488512136e-05, 0.000122560100863, 0.000181097304448, 0.000108774009277, 7.04609483364e-05, 9.7006210126e-05, 7.18382580089e-05, 6.17752739345e-05, 4.78312831547e-05, 3.48480352841e-05, 2.51991350524e-05, 2.42466794589e-05, 1.69379472936e-05, 1.39654721352e-05, 1.20692648125e-05, 9.79205196927e-06, 8.10162509879e-06, 6.43061139272e-06, 4.5091960601e-06, 2.61391755885e-06, 1.97304007088e-06, 1.23523057027e-06, 8.67641062996e-07, 6.37758375888e-07, 4.69301539852e-07, 3.71600151539e-07, 3.18443312608e-07, 2.9389542533e-07, 2.49467262847e-07, 2.04762287126e-07, 1.79252012344e-07, 1.56978572363e-07, 1.25806721485e-07, 1.12831131105e-07, 1.08582717928e-07, 1.17656711041e-07],
        "min": [5.6378216511e-24, 1.97114843755e-24, 5.33037928494e-24, 4.9573675892e-24, 1.91344129018e-24, 2.68966089661e-24, 3.58896173692e-24, 3.29112316063e-24, 7.62982559884e-24, 7.84821542956e-24, 5.87210032375e-24, 4.14713604763e-24, 1.47251979344e-23, 1.10513969681e-23, 5.19340897154e-24, 1.06658246346e-23, 9.85639891446e-24, 7.46574726371e-24, 6.89948870645e-24, 6.61423384211e-24, 7.08655365949e-24, 1.05601377837e-23, 7.31173873805e-24, 8.7370305335e-24, 6.90739309272e-24, 4.66460395233e-24, 6.68270105223e-24, 7.51674554352e-24, 5.65463148813e-24, 7.44872916741e-24, 9.15628328335e-24, 6.00123409292e-24, 5.15133270857e-24, 1.04709333925e-23, 9.46112753612e-24, 7.48375932476e-24, 5.35704869999e-24, 7.12317100499e-24, 6.88116898965e-24, 6.37018433829e-24],
        "var": [1.40461352203e-05, 8.12969847175e-06, 3.79835682907e-06, 1.48546791934e-06, 3.52387445446e-07, 6.00095177106e-07, 1.58158218255e-06, 4.91755258736e-07, 5.21556046351e-07, 5.86629482768e-07, 3.36837445047e-07, 2.37916012225e-07, 1.04060433159e-07, 4.89907847623e-08, 2.16044284684e-08, 1.63254600949e-08, 1.32206272596e-08, 5.55932810897e-09, 1.37714306625e-09, 1.00454411456e-09, 7.66344765424e-10, 5.68044056237e-10, 2.63324195782e-10, 1.04620062613e-10, 4.3397705568e-11, 1.74684485627e-11, 1.04112551913e-11, 9.94033848289e-12, 5.03327674678e-12, 5.88372623192e-12, 5.73104150942e-12, 6.70987484325e-12, 7.98615774206e-12, 1.19571678947e-11, 2.07544346292e-11, 2.82486655595e-11, 2.50547169817e-11, 2.92287999359e-11, 2.3904551949e-11, 1.46302605447e-11]
    },
    "mfcc": {
        "mean": [-665.144714355, 141.741531372, -7.9432592392, -2.39485645294, 3.56410193443, -0.943728029728, -3.17860674858, 3.77113509178, 0.887192666531, -1.71861934662, -0.826070845127, -1.31196522713, -1.3209939003],
        "cov": [[3232.87719727, -639.928100586, 285.857757568, 0.251479029655, 128.479797363, 293.652587891, 222.280731201, 233.268280029, 149.533935547, 153.327407837, 103.521766663, 74.3790435791, 33.617351532], [-639.928100586, 1780.78210449, 266.97442627, 409.756347656, 270.266906738, 62.7001647949, 111.645446777, 39.5792808533, 16.4806652069, 2.2854719162, 100.52633667, 31.3720092773, 82.8389434814], [285.857757568, 266.97442627, 1447.57287598, 600.283508301, 541.679321289, 319.801422119, 128.913711548, 4.90293121338, 73.5837631226, 104.351325989, 106.464958191, 170.916595459, 129.718215942], [0.251479029655, 409.756347656, 600.283508301, 617.947875977, 441.199768066, 238.612716675, 137.589508057, 51.1241874695, 74.8963165283, 89.2219467163, 73.9488677979, 108.495025635, 83.5410232544], [128.479797363, 270.266906738, 541.679321289, 441.199768066, 523.991271973, 278.04397583, 167.062942505, 80.4059371948, 99.802230835, 94.3979949951, 89.6944122314, 104.064109802, 81.138168335], [293.652587891, 62.7001647949, 319.801422119, 238.612716675, 278.04397583, 390.873168945, 221.327041626, 173.435791016, 132.100189209, 108.617256165, 96.6385574341, 88.6493606567, 70.8710708618], [222.280731201, 111.645446777, 128.913711548, 137.589508057, 167.062942505, 221.327041626, 279.138916016, 186.692123413, 123.841033936, 94.5898284912, 74.7381896973, 61.6107521057, 45.5147476196], [233.268280029, 39.5792808533, 4.90293121338, 51.1241874695, 80.4059371948, 173.435791016, 186.692123413, 241.775772095, 138.907455444, 81.1744003296, 67.4135742188, 44.6409187317, 31.3495616913], [149.533935547, 16.4806652069, 73.5837631226, 74.8963165283, 99.802230835, 132.100189209, 123.841033936, 138.907455444, 155.69303894, 91.2303466797, 63.7285575867, 47.3506164551, 34.4285163879], [153.327407837, 2.2854719162, 104.351325989, 89.2219467163, 94.3979949951, 108.617256165, 94.5898284912, 81.1744003296, 91.2303466797, 130.278030396, 72.9530334473, 53.3897323608, 37.436126709], [103.521766663, 100.52633667, 106.464958191, 73.9488677979, 89.6944122314, 96.6385574341, 74.7381896973, 67.4135742188, 63.7285575867, 72.9530334473, 115.312095642, 59.9371643066, 43.2240371704], [74.3790435791, 31.3720092773, 170.916595459, 108.495025635, 104.064109802, 88.6493606567, 61.6107521057, 44.6409187317, 47.3506164551, 53.3897323608, 59.9371643066, 105.70009613, 57.7637863159], [33.617351532, 82.8389434814, 129.718215942, 83.5410232544, 81.138168335, 70.8710708618, 45.5147476196, 31.3495616913, 34.4285163879, 37.436126709, 43.2240371704, 57.7637863159, 105.212478638]],
