{
"lowlevel": {
    "average_loudness": 0.902245461941,
    "barkbands_crest": {
        "dmean": 2.63799214363,
        "dmean2": 4.13953351974,
        "dvar": 6.26755714417,
        "dvar2": 15.5921278,
        "max": 26.4329738617,
        "mean": 11.4902267456,
        "median": 10.4139099121,
        "min": 2.21930551529,
        "var": 27.1009788513
    },
    "barkbands_flatness_db": {
        "dmean": 0.0202663615346,
        "dmean2": 0.0303447302431,
        "dvar": 0.000395946495701,
        "dvar2": 0.000904292159248,
        "max": 0.412896126509,
        "mean": 0.153897494078,
        "median": 0.137796580791,
        "min": 0.052399341017,
        "var": 0.00343928020447
    },
    "barkbands_kurtosis": {
        "dmean": 3.09531950951,
        "dmean2": 4.68060827255,
        "dvar": 83.8548202515,
        "dvar2": 168.631072998,
        "max": 447.089111328,
        "mean": 5.27047109604,
        "median": 1.22153353691,
        "min": -1.90750861168,
        "var": 256.101837158
    },
    "barkbands_skewness": {
        "dmean": 0.512230336666,
        "dmean2": 0.766273438931,
        "dvar": 0.404781699181,
        "dvar2": 0.842625081539,
        "max": 18.0155849457,
        "mean": 1.44460999966,
        "median": 1.10169267654,
        "min": -3.43945670128,
        "var": 2.34586119652
    },
    "barkbands_spread": {
        "dmean": 4.80165672302,
        "dmean2": 7.20662689209,
        "dvar": 40.4320411682,
        "dvar2": 83.1913528442,
        "max": 110.773872375,
        "mean": 21.1299324036,
        "median": 20.2150611877,
        "min": 0.375229716301,
        "var": 152.276229858
    },
    "dissonance": {
        "dmean": 0.0223547145724,
        "dmean2": 0.0376115702093,
        "dvar": 0.000429453881225,
        "dvar2": 0.00117068050895,
        "max": 0.5,
        "mean": 0.456254988909,
        "median": 0.464982420206,
        "min": 0.208582758904,
        "var": 0.00119943590835
    },
    "dynamic_complexity": 3.18738985062,
    "erbbands_crest": {
        "dmean": 2.82261562347,
        "dmean2": 4.52413320541,
        "dvar": 6.75433444977,
        "dvar2": 15.9010019302,
        "max": 31.0395832062,
        "mean": 10.4977178574,
        "median": 9.26552391052,
        "min": 2.13263440132,
        "var": 26.1708755493
    },
    "erbbands_flatness_db": {
        "dmean": 0.0169926900417,
        "dmean2": 0.0252900291234,
        "dvar": 0.000251251098234,
        "dvar2": 0.000523406954017,
        "max": 0.36065775156,
        "mean": 0.167442753911,
        "median": 0.162999689579,
        "min": 0.0541718043387,
        "var": 0.00189870980103
    },
    "erbbands_kurtosis": {
        "dmean": 1.15363669395,
        "dmean2": 1.81657445431,
        "dvar": 2.55647397041,
        "dvar2": 6.03868341446,
        "max": 41.4121208191,
        "mean": 1.6059139967,
        "median": 0.814704418182,
        "min": -1.78594017029,
        "var": 8.12496852875
    },
    "erbbands_skewness": {
        "dmean": 0.364271581173,
        "dmean2": 0.557797253132,
        "dvar": 0.116913191974,
        "dvar2": 0.254191160202,
        "max": 6.20372962952,
        "mean": 0.666475951672,
        "median": 0.606755137444,
        "min": -3.11967873573,
        "var": 0.592805147171
    },
    "erbbands_spread": {
        "dmean": 6.51176357269,
        "dmean2": 9.83110713959,
        "dvar": 64.407875061,
        "dvar2": 139.475662231,
        "max": 151.136611938,
        "mean": 30.2068500519,
        "median": 26.4421844482,
        "min": 3.99941968918,
        "var": 290.608856201
    },
    "hfc": {
        "dmean": 5.89898681641,
        "dmean2": 8.92329025269,
        "dvar": 55.8952407837,
        "dvar2": 125.011894226,
        "max": 123.803543091,
        "mean": 23.5514469147,
        "median": 20.3446159363,
        "min": 1.07800175896e-16,
        "var": 307.960388184
    },
    "melbands_crest": {
        "dmean": 3.5053858757,
        "dmean2": 5.48797082901,
        "dvar": 12.5152273178,
        "dvar2": 29.0558567047,
        "max": 37.9425506592,
        "mean": 16.2145290375,
        "median": 14.8829116821,
        "min": 1.00036787987,
        "var": 47.5693321228
    },
    "melbands_flatness_db": {
        "dmean": 0.0240654759109,
        "dmean2": 0.0347717367113,
        "dvar": 0.000607333087828,
        "dvar2": 0.00134198728483,
        "max": 0.536277770996,
        "mean": 0.202578023076,
        "median": 0.185372143984,
        "min": -4.65945930728e-07,
        "var": 0.00542999431491
    },
    "melbands_kurtosis": {
        "dmean": 6.49542999268,
        "dmean2": 10.0317411423,
        "dvar": 326.622833252,
        "dvar2": 702.921264648,
        "max": 617.76361084,
        "mean": 12.9280967712,
        "median": 4.32601737976,
        "min": -1.89520692825,
        "var": 1084.74060059
    },
    "melbands_skewness": {
        "dmean": 0.675290346146,
        "dmean2": 1.02363622189,
        "dvar": 0.689691722393,
        "dvar2": 1.53178071976,
        "max": 20.074382782,
        "mean": 2.22543072701,
        "median": 1.74365377426,
        "min": -1.03333806992,
        "var": 3.89987540245
    },
    "melbands_spread": {
        "dmean": 5.92784118652,
        "dmean2": 8.99040222168,
        "dvar": 96.394241333,
        "dvar2": 195.410903931,
        "max": 238.196868896,
        "mean": 24.0736789703,
        "median": 22.2915611267,
        "min": 0.381660968065,
        "var": 318.094421387
    },
    "pitch_salience": {
        "dmean": 0.0669324919581,
        "dmean2": 0.105828016996,
        "dvar": 0.00417705159634,
        "dvar2": 0.0103829279542,
        "max": 0.997746229172,
        "mean": 0.504327535629,
        "median": 0.513059258461,
        "min": 0.0587949603796,
        "var": 0.0184681750834
    },
    "silence_rate_20dB": {
        "dmean": 0,
        "dmean2": 0,
        "dvar": 0,
        "dvar2": 0,
        "max": 1,
        "mean": 1,
        "median": 1,
        "min": 1,
        "var": 0
    },
    "silence_rate_30dB": {
        "dmean": 0.0221983529627,
        "dmean2": 0.0444020070136,
        "dvar": 0.0217049028724,
        "dvar2": 0.0581889748573,
        "max": 1,
        "mean": 0.984009563923,
        "median": 1,
        "min": 0,
        "var": 0.0157361123711
    },
    "silence_rate_60dB": {
        "dmean": 0.0121732903644,
        "dmean2": 0.0243494864553,
        "dvar": 0.0120235383511,
        "dvar2": 0.0271006133407,
        "max": 1,
        "mean": 0.0474940352142,
        "median": 0,
        "min": 0,
        "var": 0.0452406704426
    },
    "spectral_centroid": {
        "dmean": 191.840698242,
        "dmean2": 288.174865723,
        "dvar": 63931.1367188,
        "dvar2": 118926.679688,
        "max": 11283.3955078,
        "mean": 1286.94909668,
        "median": 1252.74536133,
        "min": 203.192184448,
        "var": 323470.8125
    },
    "spectral_complexity": {
        "dmean": 2.98532032967,
        "dmean2": 4.77822875977,
        "dvar": 9.06556415558,
        "dvar2": 20.2791805267,
        "max": 54,
        "mean": 19.9032211304,
        "median": 21,
        "min": 0,
        "var": 101.864883423
    },
    "spectral_decrease": {
        "dmean": 2.88645973789e-09,
        "dmean2": 4.51461312778e-09,
        "dvar": 1.79772618364e-17,
        "dvar2": 4.74409190948e-17,
        "max": 9.16062920629e-29,
        "mean": -9.00504382173e-09,
        "median": -7.80100251063e-09,
        "min": -5.05358102032e-08,
        "var": 4.46843926431e-17
    },
    "spectral_energy": {
        "dmean": 0.0112528717145,
        "dmean2": 0.0175967309624,
        "dvar": 0.000262548244791,
        "dvar2": 0.00069342617644,
        "max": 0.196303099394,
        "mean": 0.0361232757568,
        "median": 0.0313913114369,
        "min": 1.0099657175e-20,
        "var": 0.000689406413585
    },
    "spectral_energyband_high": {
        "dmean": 0.00028789343196,
        "dmean2": 0.000396455579903,
        "dvar": 2.99298989148e-07,
        "dvar2": 5.60745718303e-07,
        "max": 0.0122949443758,
        "mean": 0.000743021839298,
        "median": 0.000485341850435,
        "min": 7.15635953185e-21,
        "var": 8.84604844487e-07
    },
    "spectral_energyband_low": {
        "dmean": 0.0080656465143,
        "dmean2": 0.0125206196681,
        "dvar": 0.000236282634432,
        "dvar2": 0.000616415054537,
        "max": 0.16745698452,
        "mean": 0.0157208926976,
        "median": 0.0109894424677,
        "min": 2.17378463711e-23,
        "var": 0.00034704481368
    },
    "spectral_energyband_middle_high": {
        "dmean": 0.00292448559776,
        "dmean2": 0.00455762306228,
        "dvar": 1.99386868189e-05,
        "dvar2": 4.94616397191e-05,
        "max": 0.0793168693781,
        "mean": 0.00928836781532,
        "median": 0.00582344550639,
        "min": 1.53805773267e-21,
        "var": 0.000105852835986
    },
    "spectral_energyband_middle_low": {
        "dmean": 0.00415790500119,
        "dmean2": 0.00654784170911,
        "dvar": 3.60048907169e-05,
        "dvar2": 8.77884958754e-05,
        "max": 0.099843762815,
        "mean": 0.0109793925658,
        "median": 0.00843186862767,
        "min": 2.11867844303e-22,
        "var": 9.98735704343e-05
    },
    "spectral_entropy": {
        "dmean": 0.143049150705,
        "dmean2": 0.202922180295,
        "dvar": 0.0244304928929,
        "dvar2": 0.045119382441,
        "max": 9.81695270538,
        "mean": 7.57670402527,
        "median": 7.64593219757,
        "min": 5.57378673553,
        "var": 0.193769812584
    },
    "spectral_flux": {
        "dmean": 0.0225424151868,
        "dmean2": 0.0362405851483,
        "dvar": 0.000650744885206,
        "dvar2": 0.00166605017148,
        "max": 0.305502414703,
        "mean": 0.0873492956161,
        "median": 0.0811022371054,
        "min": 6.51156836784e-11,
        "var": 0.00226987409405
    },
    "spectral_kurtosis": {
        "dmean": 1.32109558582,
        "dmean2": 2.1250166893,
        "dvar": 1.99939465523,
        "dvar2": 5.32998609543,
        "max": 26.9136066437,
        "mean": 4.537150383,
        "median": 4.18754577637,
        "min": -1.44965910912,
        "var": 6.5607008934
    },
    "spectral_rms": {
        "dmean": 0.000836177554447,
        "dmean2": 0.00127747969236,
        "dvar": 9.29430541419e-07,
        "dvar2": 2.37941139858e-06,
        "max": 0.0138389021158,
        "mean": 0.00552083645016,
        "median": 0.00553404632956,
        "min": 3.13900056122e-12,
        "var": 4.762669505e-06
    },
    "spectral_rolloff": {
        "dmean": 378.216552734,
        "dmean2": 625.59967041,
        "dvar": 886062.5,
        "dvar2": 1840880.875,
        "max": 18970.7519531,
        "mean": 1336.68469238,
        "median": 1033.59375,
        "min": 43.06640625,
        "var": 2193159.25
    },
    "spectral_skewness": {
        "dmean": 0.190558820963,
        "dmean2": 0.289075046778,
        "dvar": 0.0346157737076,
        "dvar2": 0.076211668551,
        "max": 4.24980258942,
        "mean": 1.722661376,
        "median": 1.70084428787,
        "min": -0.260752558708,
        "var": 0.186906024814
    },
    "spectral_spread": {
        "dmean": 556517.875,
        "dmean2": 798844.875,
        "dvar": 862235197440,
        "dvar2": 1.46432720896e+12,
        "max": 44113716,
        "mean": 4779988.5,
        "median": 4363635,
        "min": 1717494.5,
        "var": 3.38159101542e+12
    },
    "spectral_strongpeak": {
        "dmean": 0.672027468681,
        "dmean2": 1.16068649292,
        "dvar": 1.27148592472,
        "dvar2": 3.20871806145,
        "max": 10.8309240341,
        "mean": 1.16484844685,
        "median": 0.422200024128,
        "min": 0,
        "var": 2.32404994965
    },
    "zerocrossingrate": {
        "dmean": 0.00924768205732,
        "dmean2": 0.0108085703105,
        "dvar": 0.000199925081688,
        "dvar2": 0.000212730126805,
        "max": 0.52099609375,
        "mean": 0.0564165860415,
        "median": 0.05078125,
        "min": 0.00244140625,
        "var": 0.00153201748617
    },
    "barkbands": {
        "dmean": [0.000796506123152, 0.00688525149599, 0.00107361818664, 0.000736589368898, 0.000984660116956, 0.00107196602039, 0.00114278949331, 0.00102272711229, 0.00122396578081, 0.00165171886329, 0.000851670862176, 0.000498196517583, 0.000559091102332, 0.00050271069631, 0.000344630941981, 0.000284047448076, 0.000163587377756, 0.000156749418238, 9.70945766312e-05, 0.00011394021567, 5.69701733184e-05, 3.73298171326e-05, 4.98835506733e-05, 7.16349386494e-05, 7.05816710251e-05, 1.74898104888e-05, 2.07774686345e-08],
        "dmean2": [0.00126872293185, 0.0105972513556, 0.00181181239896, 0.00124660355505, 0.00164949218743, 0.00168306962587, 0.00177379604429, 0.00158049468882, 0.00194369256496, 0.00258851516992, 0.0013463901123, 0.000818720145617, 0.00092261104146, 0.000818909902591, 0.00056491442956, 0.000452709093224, 0.000261828041403, 0.000248390017077, 0.000156418274855, 0.000172315150849, 8.66409900482e-05, 5.3285901231e-05, 7.27476217435e-05, 0.000102864098153, 0.00010611374455, 2.71272438113e-05, 3.96422379367e-08],
        "dvar": [3.04470540868e-06, 0.000194331907551, 7.01908720657e-06, 2.96796110888e-06, 3.8613675315e-06, 4.39620134784e-06, 7.20451544112e-06, 6.10070355833e-06, 7.07675508238e-06, 1.25612677948e-05, 4.88610294269e-06, 9.75820285021e-07, 1.35656318889e-06, 9.85414317256e-07, 5.87805402574e-07, 3.40363328633e-07, 1.097913227e-07, 1.10537392572e-07, 2.84642709403e-08, 4.78482924393e-08, 1.23967742738e-08, 4.73041561477e-09, 1.08045146163e-08, 4.10403195872e-08, 3.66555887865e-08, 2.77223088929e-09, 2.56342825656e-13],
        "dvar2": [7.31663521947e-06, 0.000505886680912, 1.87535861187e-05, 7.78076537244e-06, 1.06097513708e-05, 1.05000717667e-05, 1.67302259797e-05, 1.40497641041e-05, 1.74133456312e-05, 3.083703632e-05, 1.22808569358e-05, 2.47512321039e-06, 3.53491964233e-06, 2.54392466559e-06, 1.46963702718e-06, 7.93637980223e-07, 2.33864156485e-07, 2.39698692894e-07, 6.90347832233e-08, 1.06666512067e-07, 2.81682890346e-08, 9.48270084677e-09, 2.14698196999e-08, 8.20638916821e-08, 7.86872718095e-08, 6.26261753567e-09, 7.51331288851e-13],
        "max": [0.0273118428886, 0.148903027177, 0.0389159098268, 0.0245174299926, 0.0366881787777, 0.0482946410775, 0.0613269880414, 0.0542962066829, 0.0558529607952, 0.0738879218698, 0.0606617927551, 0.0270402543247, 0.0373267456889, 0.0234287399799, 0.0160608738661, 0.013240528293, 0.0103376070037, 0.00885991752148, 0.00280029466376, 0.00705446116626, 0.0026827219408, 0.00156680506188, 0.00284015829675, 0.0051661641337, 0.00513772293925, 0.00163666321896, 2.00631529879e-05],
        "mean": [0.00126097945031, 0.0126123568043, 0.00141317257658, 0.000881921558175, 0.00174132536631, 0.00197189929895, 0.00205097976141, 0.00175596505869, 0.00221927603707, 0.0032046912238, 0.00153277453501, 0.000878088001627, 0.00101554719731, 0.000877578568179, 0.000557472929358, 0.000509041419718, 0.00031077399035, 0.000302376865875, 0.000188821009942, 0.00024103706528, 0.000119240830827, 7.56244262448e-05, 0.0001091690865, 0.000154408844537, 0.000115686932986, 2.30607529375e-05, 1.2052390197e-08],
        "median": [0.000368662294932, 0.00770336668938, 0.000518026063219, 0.000292781071039, 0.00095532409614, 0.000873063516337, 0.000546409282833, 0.000448487640824, 0.000812593614683, 0.000722768134438, 0.000375447154511, 0.000384848302929, 0.000399704906158, 0.000357300974429, 0.00023896197672, 0.000258645421127, 0.000176457921043, 0.00014533783542, 0.000107090927486, 0.000110575434519, 6.21057697572e-05, 4.0840190195e-05, 5.99290615355e-05, 8.49023635965e-05, 5.33096535946e-05, 6.83678990754e-06, 6.60657750728e-10],
        "min": [2.0116883939e-24, 1.18325010041e-23, 3.81132624331e-24, 8.71608627646e-24, 3.3382744419e-23, 2.2488960282e-23, 8.59114569743e-24, 2.60609918806e-23, 4.10956425932e-23, 4.41378499643e-23, 5.58677730183e-23, 2.88981080381e-23, 6.92626185671e-23, 7.20388283519e-23, 1.03592027627e-22, 1.62502910473e-22, 1.48345217496e-22, 1.73406697366e-22, 2.40380836758e-22, 3.62060624526e-22, 3.51201531337e-22, 3.98223396817e-22, 5.0497730517e-22, 5.62103961353e-22, 9.72329706449e-22, 1.50282622014e-21, 2.03584517022e-21],
        "var": [5.15569809068e-06, 0.000273999554338, 7.01836688677e-06, 2.91595347335e-06, 5.66576909478e-06, 1.03726724774e-05, 1.86298275366e-05, 1.55894413183e-05, 1.76431149157e-05, 4.19017815148e-05, 1.43995230246e-05, 2.529026915e-06, 4.44663237431e-06, 2.38881239056e-06, 1.07838752683e-06, 7.31557975087e-07, 2.83056778017e-07, 2.81800168977e-07, 6.05137913112e-08, 1.35964185688e-07, 3.08314973552e-08, 1.08309734514e-08, 2.69199933456e-08, 9.4536233064e-08, 6.88064076826e-08, 4.31327729089e-09, 1.37071167676e-13]
    },
    "erbbands": {
        "dmean": [0.327407598495, 1.09004557133, 1.14026641846, 2.06046938896, 2.06840991974, 3.77870965004, 7.44049358368, 8.88650035858, 13.391371727, 21.2085361481, 21.4457092285, 27.582233429, 36.8661270142, 49.6864967346, 23.3988265991, 17.7594623566, 25.5879325867, 19.62150383, 22.6028842926, 15.9819288254, 13.4204874039, 8.72332954407, 7.63029241562, 6.98379802704, 3.72053098679, 5.19971847534, 3.68833732605, 1.43112528324, 1.32262051105, 1.3817769289, 1.48229157925, 1.60692095757, 1.17159366608, 0.870779037476, 0.477892905474, 0.136931315064, 0.0198936834931, 0.000780968868639, 2.81106695184e-05, 1.40239753819e-05],
        "dmean2": [0.495653837919, 1.7327657938, 1.90745317936, 3.49439835548, 3.49386811256, 6.38160610199, 11.9747552872, 14.0133686066, 21.2150783539, 32.5772590637, 33.136302948, 43.5061912537, 58.7342300415, 76.4908905029, 37.1725463867, 28.8554172516, 41.9542655945, 31.6487789154, 36.9221000671, 26.0468711853, 21.3142566681, 13.9443426132, 12.1758489609, 10.9163990021, 5.90242958069, 7.80997562408, 5.54355573654, 2.1191804409, 1.90027832985, 2.01878786087, 2.1607336998, 2.33754587173, 1.70496106148, 1.31259691715, 0.730195641518, 0.207393616438, 0.0322554297745, 0.00133951881435, 4.5128606871e-05, 2.18410514208e-05],
        "dvar": [0.50370401144, 4.30168867111, 6.71065092087, 25.5768909454, 18.1203098297, 63.5380172729, 227.608444214, 367.899688721, 1168.47753906, 3156.88330078, 2185.47216797, 4620.59472656, 6168.13916016, 11908.1513672, 2418.40649414, 1117.31384277, 3191.35302734, 1856.40454102, 2182.05786133, 1219.13708496, 840.898132324, 305.008117676, 292.266052246, 159.127441406, 38.6402854919, 93.2504577637, 59.0561141968, 5.11933279037, 5.68475103378, 8.56011962891, 10.1057081223, 23.8070812225, 8.66335010529, 6.1422290802, 1.66059696674, 0.169800043106, 0.00468699540943, 3.23869862768e-05, 1.59706452507e-08, 3.66285363151e-10],
        "dvar2": [1.2434142828, 11.961930275, 17.7720394135, 67.8310775757, 49.6509132385, 176.220626831, 559.311523438, 875.316955566, 2797.76733398, 6960.85791016, 5055.84277344, 11110.03125, 15310.9570312, 28905.6855469, 5863.05419922, 2891.54370117, 8181.25195312, 4575.52148438, 5502.59716797, 3196.93994141, 1951.89904785, 654.512023926, 656.465637207, 357.953582764, 96.8109741211, 207.119155884, 126.119537354, 11.0588827133, 11.639790535, 18.5904483795, 19.5918598175, 49.5063438416, 17.5554981232, 13.5596494675, 3.65137720108, 0.364207059145, 0.011358496733, 9.21909158933e-05, 4.35657447895e-08, 9.5714935977e-10],
        "max": [7.88642263412, 24.7067127228, 39.577999115, 61.6154937744, 87.215713501, 145.800292969, 327.040557861, 396.261199951, 1099.28210449, 1509.32897949, 1097.96813965, 1750.98571777, 1369.99780273, 2000.17773438, 1259.89001465, 893.60949707, 1953.17321777, 1278.97937012, 894.92956543, 1276.33654785, 713.713623047, 588.584838867, 506.657226562, 216.936721802, 96.5371856689, 285.981292725, 182.347457886, 38.088432312, 54.3438224792, 67.462562561, 103.567710876, 123.730300903, 87.7805404663, 88.4030303955, 34.6526985168, 12.1807374954, 2.06152582169, 0.218595176935, 0.00367471855134, 0.000274909834843],
        "mean": [0.571276724339, 2.00079250336, 1.79064917564, 2.57629823685, 3.31534481049, 6.19398832321, 13.2516498566, 16.2073383331, 23.8089313507, 38.7506790161, 40.3359489441, 51.608505249, 71.9048690796, 99.0962600708, 47.5964889526, 35.2773742676, 49.898601532, 37.3751373291, 40.6701316833, 30.0114059448, 25.6065006256, 17.9145889282, 15.5502347946, 14.096362114, 8.47347736359, 11.1799612045, 7.90383529663, 3.18028640747, 2.66899633408, 2.84701561928, 3.20289635658, 3.26964187622, 2.48101878166, 1.53476476669, 0.693503677845, 0.196266308427, 0.0233796723187, 0.000740480667446, 5.03784503962e-05, 4.60877781734e-05],
        "median": [0.328925967216, 1.16244626045, 0.983670711517, 1.03710579872, 1.68747210503, 3.15657997131, 5.94082450867, 7.42637729645, 7.65751934052, 9.68222522736, 14.4914512634, 19.2773017883, 24.0143203735, 28.0030479431, 20.0465888977, 18.4205703735, 20.7988300323, 18.3784828186, 17.8291740417, 15.6154117584, 13.7114629745, 10.7921123505, 8.47150707245, 7.76830816269, 5.17143201828, 5.24454784393, 3.56877112389, 1.86995077133, 1.43557953835, 1.54709601402, 1.73552823067, 1.62866425514, 1.39980959892, 0.792682528496, 0.262372076511, 0.0642075315118, 0.00667675072327, 0.000171577936271, 3.16701953125e-05, 4.08398955187e-05],
        "min": [3.82584210438e-22, 1.98026331826e-21, 5.47455594369e-21, 2.24423583682e-20, 6.1538308466e-20, 9.70807342732e-20, 1.63910310323e-19, 1.41317177285e-19, 1.24647303668e-19, 2.497505648e-19, 7.63681575843e-19, 9.0558254877e-19, 1.29762521368e-18, 1.45285258326e-18, 1.60561733276e-18, 1.54830736479e-18, 3.43676049646e-18, 2.93157772172e-18, 4.19825883247e-18, 7.47566463828e-18, 9.98277297431e-18, 8.54990011157e-18, 8.45683732957e-18, 1.26351648316e-17, 1.23162230125e-17, 1.64347784435e-17, 1.51055223602e-17, 1.55490466785e-17, 1.49780323211e-17, 1.66195838272e-17, 1.31155723062e-17, 1.0837520208e-17, 9.78380294977e-18, 8.73943365968e-18, 7.96370450841e-18, 4.21921049021e-18, 3.06668506028e-18, 1.03232533357e-18, 2.64543707778e-19, 2.71023530504e-20],
        "var": [0.709824740887, 6.38818407059, 7.0696310997, 23.5151386261, 25.0471687317, 84.1420516968, 548.663879395, 749.777770996, 2998.69067383, 8138.20996094, 5837.49658203, 12316.0996094, 18427.5039062, 35595.859375, 7280.72900391, 2950.33422852, 11259.5380859, 4732.609375, 4871.46337891, 2313.48657227, 1803.35961914, 865.073303223, 719.196411133, 380.072784424, 100.05355835, 279.46862793, 157.072021484, 14.4052772522, 13.0064725876, 17.9135494232, 24.869726181, 49.0476951599, 20.8452968597, 11.5709943771, 2.82073879242, 0.300831437111, 0.00538910552859, 1.99866008188e-05, 1.28572787972e-08, 1.01159380872e-09]
    },
    "gfcc": {
        "mean": [5.27633523941, 96.7726593018, -126.741569519, 27.4074859619, -64.5765991211, 32.9660415649, -39.7536811829, 23.7277488708, -20.0153865814, 5.29607009888, -5.51667404175, -2.48862624168, 2.3550055027],
        "cov": [[5612.07421875, -79.5396118164, -14.8181591034, 317.135559082, 59.9281387329, 357.433258057, 146.697509766, 254.063400269, -19.9584388733, 301.892211914, -44.078289032, 148.218185425, -121.648223877], [-79.5396118164, 963.363647461, 245.107894897, 96.0202865601, 257.086303711, -14.0823974609, 187.606414795, 0.453223258257, 109.752792358, -44.045791626, 112.032775879, -73.5971679688, 98.2972106934], [-14.8181591034, 245.107894897, 892.84777832, 214.685134888, 114.410835266, 70.7058792114, -48.3760681152, 32.6589126587, 31.0062484741, 44.4796714783, 13.4870815277, 61.5759048462, 31.8041191101], [317.135559082, 96.0202865601, 214.685134888, 322.255767822, 143.899398804, 65.5612792969, 48.3039207458, 20.3954524994, 49.9549293518, 25.5692253113, 8.59819126129, 30.5855445862, 24.8981132507], [59.9281387329, 257.086303711, 114.410835266, 143.899398804, 321.655792236, 125.340507507, 141.704162598, 50.9959182739, 63.3980407715, 25.73097229, 18.8439750671, 30.0355358124, 35.9991874695], [357.433258057, -14.0823974609, 70.7058792114, 65.5612792969, 125.340507507, 214.855499268, 111.906845093, 42.706867218, 28.4088783264, 30.3347606659, -5.76894521713, 33.4935722351, -0.783617436886], [146.697509766, 187.606414795, -48.3760681152, 48.3039207458, 141.704162598, 111.906845093, 253.000656128, 49.468296051, 50.7051048279, 28.5343933105, 20.713766098, -2.46986603737, 13.1500101089], [254.063400269, 0.453223258257, 32.6589126587, 20.3954524994, 50.9959182739, 42.706867218, 49.468296051, 124.64150238, 56.0368461609, 36.205532074, 10.5454835892, 10.0632371902, 4.78038406372], [-19.9584388733, 109.752792358, 31.0062484741, 49.9549293518, 63.3980407715, 28.4088783264, 50.7051048279, 56.0368461609, 138.64932251, 22.8710803986, 40.4286422729, 6.42989492416, 25.0892963409], [301.892211914, -44.045791626, 44.4796714783, 25.5692253113, 25.73097229, 30.3347606659, 28.5343933105, 36.205532074, 22.8710803986, 113.157600403, 25.2455234528, 37.5575065613, -14.6810321808], [-44.078289032, 112.032775879, 13.4870815277, 8.59819126129, 18.8439750671, -5.76894521713, 20.713766098, 10.5454835892, 40.4286422729, 25.2455234528, 147.040847778, 6.90159082413, 54.3506469727], [148.218185425, -73.5971679688, 61.5759048462, 30.5855445862, 30.0355358124, 33.4935722351, -2.46986603737, 10.0632371902, 6.42989492416, 37.5575065613, 6.90159082413, 112.013679504, 12.6116056442], [-121.648223877, 98.2972106934, 31.8041191101, 24.8981132507, 35.9991874695, -0.783617436886, 13.1500101089, 4.78038406372, 25.0892963409, -14.6810321808, 54.3506469727, 12.6116056442, 126.037597656]],
        "icov": [[0.000362170278095, -0.000525615469087, 0.000383108563256, -0.000622091291007, 0.00073310022708, -0.000951549620368, 0.000489983242005, -0.000952210626565, 0.000726311351173, -0.000941474223509, 0.000277618149994, -0.000449635088444, 0.000226422896958], [-0.000525615469087, 0.00357985589653, -0.00165709352586, 0.00154636078514, -0.00318822730333, 0.0035004701931, -0.00289025972597, 0.00273425178602, -0.00231525255367, 0.00266487058252, -0.00170959555544, 0.00246935710311, -0.000794922525529], [0.000383108563256, -0.00165709352586, 0.00231812824495, -0.00175470323302, 0.00133221433498, -0.00223489990458, 0.00222718971781, -0.00179342972115, 0.00134867499582, -0.00182356091682, 0.000759089307394, -0.00140461034607, 0.00019739374693], [-0.000622091291007, 0.00154636078514, -0.00175470323302, 0.0057648899965, -0.00327952532098, 0.00201262207702, -0.00137952901423, 0.00265594292432, -0.00253061903641, 0.00151931087021, -0.000364050589269, 0.000983262900263, -0.000770747952629], [0.00073310022708, -0.00318822730333, 0.00133221433498, -0.00327952532098, 0.00878083519638, -0.00499838357791, 0.000539573782589, -0.00336435670033, 0.00174928386696, -0.00248881499283, 0.00165223237127, -0.00281168008223, -3.12663141813e-05], [-0.000951549620368, 0.0035004701931, -0.00223489990458, 0.00201262207702, -0.00499838357791, 0.0114983553067, -0.00541621772572, 0.00264118611813, -0.0025307207834, 0.00329308025539, -0.00100565236062, 0.000919081619941, -0.000288962794002], [0.000489983242005, -0.00289025972597, 0.00222718971781, -0.00137952901423, 0.000539573782589, -0.00541621772572, 0.00919293425977, -0.00305467727594, 0.00130489387084, -0.00324932206422, 0.000937714590691, -0.000533214013558, 0.000417239323724], [-0.000952210626565, 0.00273425178602, -0.00179342972115, 0.00265594292432, -0.00336435670033, 0.00264118611813, -0.00305467727594, 0.0143088558689, -0.0063740639016, 0.000380633893656, -0.000436897418695, 0.00246746442281, -0.00111559336074], [0.000726311351173, -0.00231525255367, 0.00134867499582, -0.00253061903641, 0.00174928386696, -0.0025307207834, 0.00130489387084, -0.0063740639016, 0.0123402522877, -0.00261368579231, -0.000937084609177, -0.00142260466237, 4.20462238253e-05], [-0.000941474223509, 0.00266487058252, -0.00182356091682, 0.00151931087021, -0.00248881499283, 0.00329308025539, -0.00324932206422, 0.000380633893656, -0.00261368579231, 0.015573062934, -0.00416316837072, -0.0019412941765, 0.00255267927423], [0.000277618149994, -0.00170959555544, 0.000759089307394, -0.000364050589269, 0.00165223237127, -0.00100565236062, 0.000937714590691, -0.000436897418695, -0.000937084609177, -0.00416316837072, 0.010152971372, -0.000651416368783, -0.00368922646157], [-0.000449635088444, 0.00246935710311, -0.00140461034607, 0.000983262900263, -0.00281168008223, 0.000919081619941, -0.000533214013558, 0.00246746442281, -0.00142260466237, -0.0019412941765, -0.000651416368783, 0.0129354903474, -0.00238518440165], [0.000226422896958, -0.000794922525529, 0.00019739374693, -0.000770747952629, -3.12663141813e-05, -0.000288962794002, 0.000417239323724, -0.00111559336074, 4.20462238253e-05, 0.00255267927423, -0.00368922646157, -0.00238518440165, 0.0109995286912]]
    },
    "melbands": {
        "dmean": [0.0023245846387, 0.000795453670435, 0.000337782112183, 0.000192290433915, 0.000239747678279, 0.000202187278774, 0.000206970289582, 0.000233782600844, 0.000182899049832, 0.000170934901689, 0.000198745154194, 0.000221472480916, 0.000101052202808, 4.99979614688e-05, 6.57197015244e-05, 5.1489641919e-05, 3.74653318431e-05, 4.26047663495e-05, 2.50428565778e-05, 2.09982754313e-05, 1.61985117302e-05, 1.01267696664e-05, 7.78766934673e-06, 8.45976956043e-06, 5.98363476456e-06, 3.43528745361e-06, 3.20542540067e-06, 4.01474517275e-06, 3.0862231597e-06, 1.27632279145e-06, 8.40080247144e-07, 8.04158105439e-07, 7.8881760146e-07, 8.47961644013e-07, 9.05351612346e-07, 9.92671743916e-07, 1.05746687495e-06, 9.18119155813e-07, 7.49865989746e-07, 7.87953865711e-07],
        "dmean2": [0.00354806659743, 0.00129949720576, 0.000566850882024, 0.000324550026562, 0.000387938227504, 0.000317740545142, 0.000326052773744, 0.000359588011634, 0.000283009139821, 0.000270616845228, 0.000316325196764, 0.000341445178492, 0.000160000563483, 8.10915153124e-05, 0.00010779092554, 8.51049553603e-05, 6.04621382081e-05, 7.02435718267e-05, 4.11883811466e-05, 3.33630450768e-05, 2.57908650383e-05, 1.62938777066e-05, 1.26393169921e-05, 1.33048160933e-05, 9.45458668866e-06, 5.61905244467e-06, 5.07154118168e-06, 6.04623392064e-06, 4.70669237984e-06, 1.96338123715e-06, 1.28768579089e-06, 1.1932987718e-06, 1.17180843517e-06, 1.27570820041e-06, 1.3598720443e-06, 1.45944648011e-06, 1.56794953909e-06, 1.36001051487e-06, 1.13263320145e-06, 1.20341360343e-06],
        "dvar": [2.36607666011e-05, 2.04171578844e-06, 6.04904130341e-07, 1.55064341811e-07, 2.15518696223e-07, 1.72793164666e-07, 2.44586090048e-07, 3.49039652292e-07, 1.37251063848e-07, 1.67249524452e-07, 1.82600089715e-07, 2.25044729518e-07, 5.3159439517e-08, 1.21036816125e-08, 1.89014546237e-08, 1.2293073226e-08, 6.42761088798e-09, 8.19500645122e-09, 3.32420380111e-09, 2.22190177368e-09, 1.32906596839e-09, 4.59808524589e-10, 2.73004868712e-10, 4.03292343965e-10, 1.22982790618e-10, 3.67992893102e-11, 3.50066815813e-11, 6.40483291403e-11, 4.62223280484e-11, 7.25677417462e-12, 1.72204676734e-12, 2.12499766047e-12, 2.61340558569e-12, 3.1899767116e-12, 3.56216900595e-12, 6.10260540018e-12, 1.10440441514e-11, 5.33876979084e-12, 4.43348092613e-12, 4.80075050893e-12],
        "dvar2": [6.00830026087e-05, 5.59371756026e-06, 1.58356294833e-06, 4.30414360153e-07, 5.42137399862e-07, 4.11132930367e-07, 5.86236239997e-07, 7.81161702434e-07, 3.20405177945e-07, 4.01312149734e-07, 4.54415356899e-07, 5.45434318155e-07, 1.30868912152e-07, 3.00113818241e-08, 5.00940906534e-08, 3.10816616889e-08, 1.57620831942e-08, 2.13084980771e-08, 8.70805116904e-09, 5.21674703435e-09, 3.0161448894e-09, 9.86730364083e-10, 6.51075193758e-10, 8.60060855867e-10, 2.81057899176e-10, 9.49081022106e-11, 8.60743767928e-11, 1.42389433577e-10, 9.99090810083e-11, 1.71205185445e-11, 3.81486032e-12, 4.70069816405e-12, 5.71829866444e-12, 7.15356766878e-12, 7.54351182214e-12, 1.25802953124e-11, 2.31380522381e-11, 1.12259914906e-11, 9.9215661728e-12, 1.08737697666e-11],
        "max": [0.0535105466843, 0.0166456270963, 0.0111580174416, 0.00745775923133, 0.00892665423453, 0.00794453546405, 0.0142988208681, 0.0154544739053, 0.00754248164594, 0.0110556073487, 0.00808759406209, 0.00808833166957, 0.00571583723649, 0.00362643529661, 0.00371687067673, 0.00329943979159, 0.00224853376858, 0.00144637818448, 0.00140382349491, 0.00120326480828, 0.000926100939978, 0.000849896343425, 0.000389117398299, 0.000694000977091, 0.000185701457667, 0.000112741188786, 0.000137375114718, 0.000271821772913, 0.000164853772731, 6.88716027071e-05, 2.16866083065e-05, 3.64086918125e-05, 3.48338908225e-05, 4.03878111683e-05, 5.31515688635e-05, 7.89155819803e-05, 8.92369425856e-05, 6.62826059852e-05, 8.65332549438e-05, 7.00327509549e-05],
        "mean": [0.00421475060284, 0.00147787446622, 0.000461861141957, 0.000324108201312, 0.000436387868831, 0.000376502808649, 0.000369030225556, 0.000426063284976, 0.00033874149085, 0.000309570721583, 0.000379476667149, 0.000436813919805, 0.000188798250747, 9.07537032617e-05, 0.000115961993288, 9.45679712459e-05, 6.53419920127e-05, 7.22960176063e-05, 4.09623717132e-05, 3.7559933844e-05, 2.77610233752e-05, 1.86882352864e-05, 1.3674973161e-05, 1.55976831593e-05, 1.10713281174e-05, 6.56310066915e-06, 6.19070942776e-06, 7.90423382568e-06, 5.91654861637e-06, 2.58508407569e-06, 1.59747582984e-06, 1.48856872784e-06, 1.46685988511e-06, 1.6416362314e-06, 1.81434393198e-06, 1.9526125925e-06, 1.9973142571e-06, 1.81631708074e-06, 1.45140325003e-06, 1.24416021663e-06],
        "median": [0.00254458980635, 0.000977313611656, 0.000227189069847, 0.000174291955773, 0.000214023995795, 0.000173133710632, 0.000114748552733, 0.00010116527119, 0.000122080702567, 0.000108606531285, 0.000106541425339, 0.000107531654066, 6.02806030656e-05, 4.02296573156e-05, 4.51194864581e-05, 3.73946968466e-05, 2.91182623187e-05, 2.68080802925e-05, 1.76513367478e-05, 1.77655892912e-05, 1.36371672852e-05, 1.03445054265e-05, 7.47130707168e-06, 6.87544707034e-06, 5.8660916693e-06, 3.62241962648e-06, 3.26861390931e-06, 3.28264786731e-06, 2.40039707933e-06, 1.26541453938e-06, 8.78506057234e-07, 7.63154275774e-07, 7.43722125662e-07, 8.59893475536e-07, 9.700196415e-07, 9.84307916951e-07, 9.27940959627e-07, 9.76049477686e-07, 8.42903432385e-07, 5.53138647774e-07],
        "min": [3.17625732144e-24, 2.98087481623e-24, 4.75693972686e-24, 5.70155017376e-24, 6.93140522981e-24, 3.39717387364e-24, 1.69308246264e-24, 3.26036586837e-24, 6.34676779118e-24, 5.22174879956e-24, 6.60416166607e-24, 4.83806066032e-24, 6.78172360621e-24, 2.8877229651e-24, 5.97102190354e-24, 7.43980399512e-24, 4.49819216665e-24, 5.81221039825e-24, 8.45191805855e-24, 8.87143744339e-24, 1.0400821013e-23, 9.07410369855e-24, 5.95673957685e-24, 8.21906051882e-24, 1.00625306356e-23, 8.14499594616e-24, 8.65707474759e-24, 1.11037820654e-23, 1.00377801247e-23, 7.70234479299e-24, 8.97977407809e-24, 8.1409412011e-24, 7.7274140037e-24, 8.2502765337e-24, 7.36435733815e-24, 7.78663221413e-24, 5.84538476033e-24, 6.54710020135e-24, 6.93520122849e-24, 6.7812092689e-24],
        "var": [3.33373718604e-05, 2.84880457002e-06, 6.03088608386e-07, 2.09227636105e-07, 4.86438068492e-07, 3.78758898023e-07, 6.07134154507e-07, 9.13616304388e-07, 3.68449889265e-07, 4.42743015583e-07, 5.69908138459e-07, 6.92822595738e-07, 1.5609083448e-07, 3.73460977698e-08, 4.49728432272e-08, 3.88297607401e-08, 1.57621773411e-08, 1.83729831349e-08, 5.80762860025e-09, 4.764949324e-09, 2.79415446336e-09, 1.19105791896e-09, 5.12518805174e-10, 1.05530262307e-09, 2.61324684114e-10, 7.35556615616e-11, 7.70892724655e-11, 1.78387346561e-10, 1.07699772711e-10, 1.67413721774e-11, 3.94703237108e-12, 4.28563781685e-12, 5.01969429564e-12, 6.34776172598e-12, 7.93743803323e-12, 1.28634472865e-11, 2.22233082631e-11, 1.18986981726e-11, 8.67370932023e-12, 8.39448822954e-12]
    },
    "mfcc": {
        "mean": [-631.072753906, 120.77960968, 0.519093930721, 1.94383013248, 7.57854413986, 0.247703880072, 7.15833568573, 6.38163518906, 3.56999135017, 9.07783031464, -1.29249119759, 4.09691476822, 1.20993828773],
        "cov": [[5095.45166016, -288.42300415, -112.258979797, 93.8063812256, -57.7567672729, 209.378433228, 168.305587769, 113.123954773, 102.09437561, 159.718948364, 138.193206787, 63.7512588501, 163.979614258], [-288.42300415, 885.452514648, 115.774078369, 146.40864563, 106.909790039, 58.5039787292, 124.854721069, 51.4465103149, 68.1139297485, 45.7826271057, 51.1943588257, 44.1689910889, -16.9342060089], [-112.258979797, 115.774078369, 676.867431641, 132.10144043, 168.706130981, 22.1375579834, -8.1879529953, -17.0891609192, 0.79436904192, -10.8013830185, -19.4953975677, 47.4848518372, 8.80067157745], [93.8063812256, 146.40864563, 132.10144043, 279.187957764, 105.37159729, 78.2955551147, 38.7541770935, 29.7714862823, 53.1041679382, 11.075504303, 16.8399505615, 34.3411865234, 18.9221858978], [-57.7567672729, 106.909790039, 168.706130981, 105.37159729, 243.668106079, 54.2462387085, 28.4580974579, 36.5712547302, 39.1258888245, 20.1726512909, -0.132022678852, 21.3735713959, 34.9869842529], [209.378433228, 58.5039787292, 22.1375579834, 78.2955551147, 54.2462387085, 237.60987854, 83.6910476685, 87.5421447754, 63.6007194519, 18.642074585, 47.7364845276, -1.26479315758, 26.9613609314], [168.305587769, 124.854721069, -8.1879529953, 38.7541770935, 28.4580974579, 83.6910476685, 177.00453186, 47.9577598572, 38.4239387512, 45.1438484192, 25.6593742371, 9.37885284424, 15.5886955261], [113.123954773, 51.4465103149, -17.0891609192, 29.7714862823, 36.5712547302, 87.5421447754, 47.9577598572, 138.25302124, 71.9410247803, 28.2493610382, 35.767288208, 12.2518758774, 19.8601398468], [102.09437561, 68.1139297485, 0.79436904192, 53.1041679382, 39.1258888245, 63.6007194519, 38.4239387512, 71.9410247803, 135.706893921, 38.8504714966, 34.697063446, 9.79108810425, 2.19498276711], [159.718948364, 45.7826271057, -10.8013830185, 11.075504303, 20.1726512909, 18.642074585, 45.1438484192, 28.2493610382, 38.8504714966, 114.709121704, 30.1744651794, 15.4825181961, 9.12633609772], [138.193206787, 51.1943588257, -19.4953975677, 16.8399505615, -0.132022678852, 47.7364845276, 25.6593742371, 35.767288208, 34.697063446, 30.1744651794, 117.041427612, 35.8806648254, 14.5282249451], [63.7512588501, 44.1689910889, 47.4848518372, 34.3411865234, 21.3735713959, -1.26479315758, 9.37885284424, 12.2518758774, 9.79108810425, 15.4825181961, 35.8806648254, 104.630271912, 33.1914634705], [163.979614258, -16.9342060089, 8.80067157745, 18.9221858978, 34.9869842529, 26.9613609314, 15.5886955261, 19.8601398468, 2.19498276711, 9.12633609772, 14.5282249451, 33.1914634705, 103.263969421]],
