{
"lowlevel": {
    "average_loudness": 0.889739990234,
    "barkbands_crest": {
        "dmean": 2.69580340385,
        "dmean2": 4.52754497528,
        "dvar": 6.69784832001,
        "dvar2": 18.3543395996,
        "max": 24.7492866516,
        "mean": 8.75939464569,
        "median": 7.95618534088,
        "min": 2.71540212631,
        "var": 12.9428157806
    },
    "barkbands_flatness_db": {
        "dmean": 0.0183736868203,
        "dmean2": 0.0296274982393,
        "dvar": 0.000302616710542,
        "dvar2": 0.000782332732342,
        "max": 0.313772886992,
        "mean": 0.143154621124,
        "median": 0.135881856084,
        "min": 0.0291775930673,
        "var": 0.00194125098642
    },
    "barkbands_kurtosis": {
        "dmean": 1.88219773769,
        "dmean2": 3.12591433525,
        "dvar": 17.2018051147,
        "dvar2": 48.4145584106,
        "max": 99.3855285645,
        "mean": 2.21165013313,
        "median": 0.742517709732,
        "min": -1.93428790569,
        "var": 24.5506782532
    },
    "barkbands_skewness": {
        "dmean": 0.454409867525,
        "dmean2": 0.724664568901,
        "dvar": 0.257445693016,
        "dvar2": 0.675249934196,
        "max": 8.958152771,
        "mean": 1.11272227764,
        "median": 0.969646811485,
        "min": -4.95295667648,
        "var": 0.817667543888
    },
    "barkbands_spread": {
        "dmean": 4.65810489655,
        "dmean2": 7.18449068069,
        "dvar": 38.9634933472,
        "dvar2": 75.1164016724,
        "max": 110.667114258,
        "mean": 21.5403518677,
        "median": 19.6080875397,
        "min": 1.86152589321,
        "var": 174.829055786
    },
    "dissonance": {
        "dmean": 0.0205146092921,
        "dmean2": 0.034672819078,
        "dvar": 0.000402320642024,
        "dvar2": 0.00112062285189,
        "max": 0.5,
        "mean": 0.462469279766,
        "median": 0.471351236105,
        "min": 0.267324566841,
        "var": 0.00100250705145
    },
    "dynamic_complexity": 2.86193132401,
    "erbbands_crest": {
        "dmean": 2.49550795555,
        "dmean2": 4.12326955795,
        "dvar": 5.29785394669,
        "dvar2": 13.5142393112,
        "max": 28.6229038239,
        "mean": 8.96256446838,
        "median": 8.02725219727,
        "min": 2.4961271286,
        "var": 15.7173252106
    },
    "erbbands_flatness_db": {
        "dmean": 0.0156304556876,
        "dmean2": 0.023137671873,
        "dvar": 0.000207972203498,
        "dvar2": 0.000424952537287,
        "max": 0.345568567514,
        "mean": 0.173161014915,
        "median": 0.166980400681,
        "min": 0.0633486062288,
        "var": 0.00247487612069
    },
    "erbbands_kurtosis": {
        "dmean": 0.877577185631,
        "dmean2": 1.39750230312,
        "dvar": 1.35694253445,
        "dvar2": 3.27822256088,
        "max": 30.3110923767,
        "mean": 0.909761190414,
        "median": 0.174929380417,
        "min": -1.7265816927,
        "var": 6.0090918541
    },
    "erbbands_skewness": {
        "dmean": 0.337756127119,
        "dmean2": 0.528759658337,
        "dvar": 0.0882391855121,
        "dvar2": 0.214326441288,
        "max": 4.21101474762,
        "mean": 0.334703356028,
        "median": 0.294863790274,
        "min": -2.72964906693,
        "var": 0.504710793495
    },
    "erbbands_spread": {
        "dmean": 5.99845838547,
        "dmean2": 9.22054958344,
        "dvar": 55.2502365112,
        "dvar2": 119.03629303,
        "max": 145.912353516,
        "mean": 29.8984584808,
        "median": 27.3871841431,
        "min": 4.13838338852,
        "var": 270.258087158
    },
    "hfc": {
        "dmean": 6.99911928177,
        "dmean2": 10.9068021774,
        "dvar": 113.207740784,
        "dvar2": 273.194702148,
        "max": 178.931121826,
        "mean": 23.5482349396,
        "median": 20.4141960144,
        "min": 1.15370453453e-16,
        "var": 361.930358887
    },
    "melbands_crest": {
        "dmean": 3.32742094994,
        "dmean2": 5.4395813942,
        "dvar": 8.69534111023,
        "dvar2": 22.8355770111,
        "max": 32.9073448181,
        "mean": 12.3347301483,
        "median": 11.3550510406,
        "min": 1.84376001358,
        "var": 21.0241527557
    },
    "melbands_flatness_db": {
        "dmean": 0.022830311209,
        "dmean2": 0.0362711288035,
        "dvar": 0.000492280581966,
        "dvar2": 0.00122185004875,
        "max": 0.409276217222,
        "mean": 0.196110203862,
        "median": 0.188849017024,
        "min": 0.00702215963975,
        "var": 0.00326789286919
    },
    "melbands_kurtosis": {
        "dmean": 4.5437836647,
        "dmean2": 7.56729602814,
        "dvar": 113.717277527,
        "dvar2": 314.799346924,
        "max": 220.286010742,
        "mean": 7.0816822052,
        "median": 3.62523841858,
        "min": -1.4771488905,
        "var": 153.7734375
    },
    "melbands_skewness": {
        "dmean": 0.617508471012,
        "dmean2": 0.997417807579,
        "dvar": 0.544611096382,
        "dvar2": 1.40772211552,
        "max": 12.6145505905,
        "mean": 1.90979397297,
        "median": 1.67892038822,
        "min": -1.13133120537,
        "var": 1.73136365414
    },
    "melbands_spread": {
        "dmean": 5.84049034119,
        "dmean2": 9.25050067902,
        "dvar": 48.1971054077,
        "dvar2": 108.608657837,
        "max": 230.272842407,
        "mean": 23.5455551147,
        "median": 22.0042514801,
        "min": 1.18514931202,
        "var": 185.704330444
    },
    "pitch_salience": {
        "dmean": 0.0687782242894,
        "dmean2": 0.11395676434,
        "dvar": 0.00381540041417,
        "dvar2": 0.0104073807597,
        "max": 0.99922555685,
        "mean": 0.564016401768,
        "median": 0.566899657249,
        "min": 0.119715601206,
        "var": 0.00940816104412
    },
    "silence_rate_20dB": {
        "dmean": 0,
        "dmean2": 0,
        "dvar": 0,
        "dvar2": 0,
        "max": 1,
        "mean": 1,
        "median": 1,
        "min": 1,
        "var": 0
    },
    "silence_rate_30dB": {
        "dmean": 0.0256668347865,
        "dmean2": 0.0513401292264,
        "dvar": 0.0250072032213,
        "dvar2": 0.063549272716,
        "max": 1,
        "mean": 0.981758713722,
        "median": 1,
        "min": 0,
        "var": 0.0179093591869
    },
    "silence_rate_60dB": {
        "dmean": 0.00880724750459,
        "dmean2": 0.0174908768386,
        "dvar": 0.0087285740301,
        "dvar2": 0.0207075513899,
        "max": 1,
        "mean": 0.0532142408192,
        "median": 0,
        "min": 0,
        "var": 0.0503881461918
    },
    "spectral_centroid": {
        "dmean": 187.551727295,
        "dmean2": 293.957855225,
        "dvar": 49847.0195312,
        "dvar2": 106540.695312,
        "max": 10867.0400391,
        "mean": 1272.98413086,
        "median": 1256.54052734,
        "min": 285.089569092,
        "var": 283551.125
    },
    "spectral_complexity": {
        "dmean": 3.61977863312,
        "dmean2": 5.69070100784,
        "dvar": 17.11536026,
        "dvar2": 38.8278770447,
        "max": 60,
        "mean": 21.9699325562,
        "median": 22,
        "min": 0,
        "var": 113.752449036
    },
    "spectral_decrease": {
        "dmean": 3.2871527722e-09,
        "dmean2": 5.58521540128e-09,
        "dvar": 4.14891362118e-17,
        "dvar2": 1.14359440221e-16,
        "max": 3.52883420652e-23,
        "mean": -7.91135335021e-09,
        "median": -6.71271749297e-09,
        "min": -6.48913882628e-08,
        "var": 4.64660304947e-17
    },
    "spectral_energy": {
        "dmean": 0.0128554487601,
        "dmean2": 0.0217980146408,
        "dvar": 0.000620333070401,
        "dvar2": 0.00170856295153,
        "max": 0.252641379833,
        "mean": 0.0319951660931,
        "median": 0.0274268630892,
        "min": 1.09338736695e-20,
        "var": 0.000721020682249
    },
    "spectral_energyband_high": {
        "dmean": 0.00033743242966,
        "dmean2": 0.000498162175063,
        "dvar": 7.35128764973e-07,
        "dvar2": 1.56053238243e-06,
        "max": 0.0164153855294,
        "mean": 0.000683993042912,
        "median": 0.000232055608649,
        "min": 8.04664013109e-21,
        "var": 1.63641141171e-06
    },
    "spectral_energyband_low": {
        "dmean": 0.00921128690243,
        "dmean2": 0.0161240361631,
        "dvar": 0.000492728839163,
        "dvar2": 0.00137062149588,
        "max": 0.231075167656,
        "mean": 0.0121303405613,
        "median": 0.00733318645507,
        "min": 3.80602162704e-23,
        "var": 0.000403782876674
    },
    "spectral_energyband_middle_high": {
        "dmean": 0.00233152741566,
        "dmean2": 0.00373021606356,
        "dvar": 9.81116045295e-06,
        "dvar2": 2.46157796937e-05,
        "max": 0.0501177161932,
        "mean": 0.00732703413814,
        "median": 0.00571036059409,
        "min": 1.37244571311e-21,
        "var": 4.42033160652e-05
    },
    "spectral_energyband_middle_low": {
        "dmean": 0.00461195223033,
        "dmean2": 0.0074699986726,
        "dvar": 3.54443836841e-05,
        "dvar2": 9.23876286834e-05,
        "max": 0.106974683702,
        "mean": 0.0125555004925,
        "median": 0.0107201468199,
        "min": 3.50798972461e-22,
        "var": 8.45577669679e-05
    },
    "spectral_entropy": {
        "dmean": 0.132711291313,
        "dmean2": 0.190600559115,
        "dvar": 0.0202459655702,
        "dvar2": 0.0363477058709,
        "max": 9.80129909515,
        "mean": 7.51111364365,
        "median": 7.56163454056,
        "min": 5.86147975922,
        "var": 0.194922551513
    },
    "spectral_flux": {
        "dmean": 0.0254281908274,
        "dmean2": 0.040630467236,
        "dvar": 0.00143345526885,
        "dvar2": 0.00267925695516,
        "max": 0.416663497686,
        "mean": 0.0926799550653,
        "median": 0.0841767936945,
        "min": 6.79230560685e-11,
        "var": 0.00319496006705
    },
    "spectral_kurtosis": {
        "dmean": 1.80922353268,
        "dmean2": 2.99694609642,
        "dvar": 4.01180505753,
        "dvar2": 10.6173477173,
        "max": 37.0248298645,
        "mean": 6.38116168976,
        "median": 5.44014549255,
        "min": -1.31489801407,
        "var": 18.5646057129
    },
    "spectral_rms": {
        "dmean": 0.000927788671106,
        "dmean2": 0.00152057304513,
        "dvar": 1.81138511834e-06,
        "dvar2": 4.79663503938e-06,
        "max": 0.0156996622682,
        "mean": 0.00517224008217,
        "median": 0.00517280539498,
        "min": 3.26606710427e-12,
        "var": 4.46269996246e-06
    },
    "spectral_rolloff": {
        "dmean": 403.680511475,
        "dmean2": 669.754760742,
        "dvar": 675764.125,
        "dvar2": 1300726.625,
        "max": 18583.1542969,
        "mean": 1441.44262695,
        "median": 1248.92578125,
        "min": 64.599609375,
        "var": 1671956.875
    },
    "spectral_skewness": {
        "dmean": 0.222630679607,
        "dmean2": 0.356250017881,
        "dvar": 0.0537104792893,
        "dvar2": 0.127896651626,
        "max": 4.90685796738,
        "mean": 1.89081728458,
        "median": 1.79536652565,
        "min": -0.0245913267136,
        "var": 0.385428249836
    },
    "spectral_spread": {
        "dmean": 435055.5625,
        "dmean2": 600914,
        "dvar": 484099620864,
        "dvar2": 708530667520,
        "max": 41340760,
        "mean": 4050852,
        "median": 3735178.25,
        "min": 1557410.375,
        "var": 2.62106539622e+12
    },
    "spectral_strongpeak": {
        "dmean": 0.585588574409,
        "dmean2": 1.01327598095,
        "dvar": 0.765371799469,
        "dvar2": 1.98398840427,
        "max": 11.5638818741,
        "mean": 0.920720219612,
        "median": 0.425954818726,
        "min": 0,
        "var": 1.22820150852
    },
    "zerocrossingrate": {
        "dmean": 0.00811758358032,
        "dmean2": 0.00961834844202,
        "dvar": 0.000147036742419,
        "dvar2": 0.000164766883245,
        "max": 0.525390625,
        "mean": 0.0556385107338,
        "median": 0.05078125,
        "min": 0.005859375,
        "var": 0.00101182318758
    },
    "barkbands": {
        "dmean": [0.000515582389198, 0.00711379339918, 0.00247660418972, 0.00131797802169, 0.00144041154999, 0.000659634999465, 0.0011828962015, 0.000889578310307, 0.00174029427581, 0.000589599658269, 0.000732305750716, 0.00041173241334, 0.000439761672169, 0.000504233234096, 0.000499659334309, 0.000414092151914, 0.000319275044603, 0.000198742709472, 0.000164686760399, 0.00011714923312, 8.18893677206e-05, 7.18629526091e-05, 5.09442033945e-05, 5.81409985898e-05, 6.15398894297e-05, 1.73393800651e-05, 3.46342012847e-08],
        "dmean2": [0.000847634975798, 0.0125189572573, 0.00450109643862, 0.00228665187024, 0.00238561723381, 0.00110393913928, 0.00183293118607, 0.0014187960187, 0.00280874827877, 0.000974539027084, 0.00118793849833, 0.000679842894897, 0.000717378337868, 0.00082866550656, 0.00082152732648, 0.000678054755554, 0.000520820787642, 0.000329674599925, 0.000275119033176, 0.000198112349608, 0.000140756135806, 0.000120691373013, 7.49724349589e-05, 7.97665343271e-05, 7.89466794231e-05, 2.44293569267e-05, 6.34778984931e-08],
        "dvar": [1.24314635741e-06, 0.000290924392175, 4.77886678709e-05, 6.13221027379e-06, 6.61374269839e-06, 1.26022428049e-06, 4.82637187815e-06, 2.43159911406e-06, 9.02117426449e-06, 2.05189235203e-06, 2.01732473215e-06, 7.07015374246e-07, 7.39693234664e-07, 7.67283495406e-07, 9.64490936894e-07, 6.77216860367e-07, 2.95382875493e-07, 1.06698344382e-07, 9.29419812223e-08, 6.47924736086e-08, 6.00753793378e-08, 4.01605042555e-08, 2.11572839248e-08, 4.12501854896e-08, 5.33029584915e-08, 6.6784697772e-09, 1.56344240939e-12],
        "dvar2": [3.01815566672e-06, 0.000811688601971, 0.000139377691085, 1.6456027879e-05, 1.7523936549e-05, 3.28478313349e-06, 1.18051348181e-05, 5.85686757404e-06, 2.39592209255e-05, 5.40590053788e-06, 5.08441917191e-06, 1.89500087799e-06, 1.9395279196e-06, 2.02000205718e-06, 2.54901419794e-06, 1.68308770299e-06, 7.50891274492e-07, 2.78966297174e-07, 2.49345333714e-07, 1.75628585453e-07, 1.6950536974e-07, 1.09390811076e-07, 4.00449771121e-08, 6.715561085e-08, 7.62848486602e-08, 1.22851533391e-08, 4.50604917962e-12],
        "max": [0.0156518574804, 0.18318271637, 0.0973993167281, 0.0328399203718, 0.0678954720497, 0.0177890788764, 0.0375169217587, 0.0331232436001, 0.0507966689765, 0.0436557531357, 0.0224876143038, 0.0132611328736, 0.018830684945, 0.0158006455749, 0.0189682245255, 0.0184547882527, 0.00943284668028, 0.00525614386424, 0.00407133577392, 0.00376304541714, 0.00417421199381, 0.00310584995896, 0.00516628054902, 0.00707210181281, 0.00745050469413, 0.00308678345755, 7.78242756496e-05],
        "mean": [0.000586709007621, 0.00800382811576, 0.00295388442464, 0.00161620846484, 0.00264454376884, 0.00115027558059, 0.0021607929375, 0.00161636597477, 0.00311891571619, 0.000955215888098, 0.00123518204782, 0.000658682489302, 0.000741264084354, 0.000918570789509, 0.000831918499898, 0.000725771824364, 0.000605164910667, 0.000363276107237, 0.000315935205435, 0.000190786697203, 0.000124451413285, 0.000112314046419, 0.00010382002074, 0.000116097362479, 0.000117126597615, 2.80528638541e-05, 2.20152465147e-08],
        "median": [0.000123203863041, 0.00388340186328, 0.00156836421229, 0.000880153733306, 0.00173412496224, 0.000681667239405, 0.000954459363129, 0.000669399334583, 0.00160758639686, 0.000298884813674, 0.000466479832539, 0.000282113294816, 0.000330790586304, 0.000395893293899, 0.000386716041248, 0.000277871178696, 0.000311089097522, 0.000225911848247, 0.000144757461385, 8.09674893389e-05, 4.65725242975e-05, 3.38306017511e-05, 2.96733942378e-05, 2.97877322737e-05, 3.03658162011e-05, 5.24237839272e-06, 5.85212600601e-10],
        "min": [3.3664096394e-23, 1.93438649385e-23, 3.10386592275e-24, 3.73238966569e-24, 4.24321370497e-23, 9.41623503973e-23, 7.46614563847e-23, 3.54550189081e-23, 5.91602575556e-23, 5.11031351922e-23, 3.59805895976e-23, 8.45847585925e-23, 3.41840567047e-23, 3.98884739935e-23, 4.60617712716e-23, 1.6941537673e-22, 2.36827781998e-22, 1.20659153218e-22, 2.26536189032e-22, 2.08880484853e-22, 4.6651264938e-22, 4.12612043023e-22, 6.76644545307e-22, 9.47785302814e-22, 1.24874384134e-21, 1.52784722198e-21, 2.14315711247e-21],
        "var": [1.53964424499e-06, 0.000229907949688, 3.25241417158e-05, 6.20976152277e-06, 9.91780143522e-06, 2.21945515477e-06, 1.10661076178e-05, 6.77275284033e-06, 1.75421610038e-05, 4.19157413489e-06, 4.38022971139e-06, 1.31613660415e-06, 1.49064601374e-06, 1.84697103123e-06, 1.69955126239e-06, 1.53969006078e-06, 7.11037444034e-07, 1.95654692448e-07, 1.80201041644e-07, 8.28368911243e-08, 5.32489536909e-08, 4.43211121137e-08, 5.37542703682e-08, 1.01696585375e-07, 1.45187144085e-07, 1.29355335332e-08, 9.39934219867e-13]
    },
    "erbbands": {
        "dmean": [0.213292777538, 1.6127808094, 2.9662694931, 3.36476945877, 5.01052522659, 5.40669727325, 4.93514823914, 5.69075393677, 8.90790176392, 27.2212638855, 22.1139678955, 36.8817481995, 24.3553981781, 23.1323738098, 19.3270301819, 15.9292421341, 18.7319450378, 25.6332263947, 18.3287734985, 30.5850524902, 20.9896221161, 17.3108005524, 10.8943004608, 8.63862705231, 7.31431007385, 5.81567621231, 4.05652856827, 2.82047510147, 2.70267105103, 1.77045023441, 1.47941660881, 1.24084234238, 1.01951348782, 0.739197850227, 0.431117296219, 0.141289323568, 0.0179135426879, 0.000610601098742, 2.69870743068e-05, 1.61014668265e-05],
        "dmean2": [0.365755319595, 2.87795162201, 5.37037277222, 5.92355918884, 8.49193477631, 8.82791614532, 8.31211471558, 9.45154857635, 14.2087688446, 41.8221549988, 34.9349479675, 60.0462722778, 39.8440132141, 37.55909729, 31.3654785156, 26.1947631836, 30.4349956512, 41.9753875732, 29.8311500549, 51.0679321289, 34.3438873291, 28.2329158783, 17.9773597717, 14.285941124, 12.0827493668, 9.79550266266, 7.07644605637, 4.80309820175, 4.57771348953, 2.78588485718, 2.16311478615, 1.75701701641, 1.41800391674, 0.98273152113, 0.574859797955, 0.193982735276, 0.0263440031558, 0.000937706441619, 3.96144605475e-05, 2.65487706201e-05],
        "dvar": [0.209590151906, 16.8003501892, 71.5539245605, 48.0027923584, 73.2674713135, 111.741844177, 100.627586365, 98.4394760132, 302.175292969, 2751.15063477, 1594.41027832, 5360.76757812, 2439.38598633, 2287.42675781, 1307.24975586, 1064.86218262, 1396.28723145, 2014.96337891, 1161.04125977, 4256.45263672, 1628.50854492, 849.176147461, 323.871276855, 249.832962036, 198.880142212, 151.552124023, 179.702468872, 57.8524627686, 62.787563324, 18.0671615601, 18.4290924072, 15.1450395584, 14.948682785, 8.63478088379, 2.74616718292, 0.412478536367, 0.00827172212303, 2.48862907029e-05, 2.01122780652e-08, 8.70977401313e-10],
        "dvar2": [0.568024873734, 47.4031181335, 207.267471313, 135.339279175, 200.13508606, 280.908569336, 253.327026367, 256.061767578, 737.223327637, 6730.54736328, 3767.80395508, 14629.0166016, 6405.42431641, 5885.01269531, 3350.38183594, 2833.05224609, 3639.01269531, 5337.61083984, 2931.59033203, 11457.4267578, 4088.99804688, 2167.70532227, 840.143005371, 656.894836426, 530.739257812, 406.80847168, 512.708740234, 159.958557129, 173.224411011, 41.6431808472, 34.1931838989, 24.5299320221, 25.891418457, 13.7158660889, 4.2506737709, 0.731149554253, 0.0163949728012, 6.70939843985e-05, 4.75879318174e-08, 2.32060948235e-09],
        "max": [4.66178178787, 43.0036392212, 114.93120575, 86.0621871948, 148.29750061, 251.049789429, 250.316192627, 206.321517944, 306.574798584, 859.379394531, 1333.35681152, 1379.74743652, 1136.98413086, 840.887329102, 708.559875488, 587.861999512, 895.219604492, 880.681518555, 854.826660156, 1717.97888184, 1029.15332031, 546.091796875, 348.692657471, 245.363128662, 209.100219727, 171.396896362, 260.746734619, 122.131652832, 135.758712769, 126.668754578, 138.335601807, 108.523109436, 134.641860962, 114.087860107, 43.2114028931, 21.560634613, 3.28365516663, 0.288529217243, 0.00646781874821, 0.000330812879838],
        "mean": [0.241259098053, 1.73017954826, 3.49503302574, 4.44622755051, 7.70235967636, 9.40453529358, 8.09765911102, 10.3429832458, 17.0258312225, 48.4802246094, 43.4770050049, 63.9781913757, 43.9278831482, 43.3431434631, 34.8858642578, 27.6190299988, 34.4305953979, 48.1979026794, 35.1277084351, 50.4703216553, 39.7097854614, 34.499912262, 22.0807857513, 17.5373783112, 14.3040037155, 9.64500522614, 5.85093832016, 4.44510030746, 4.07227706909, 3.32354974747, 2.96815085411, 2.47768998146, 1.92516803741, 1.39592993259, 0.77720195055, 0.240341499448, 0.0268581844866, 0.000809737015516, 5.22721857124e-05, 4.1962684918e-05],
        "median": [0.094396404922, 0.856028795242, 1.92931342125, 2.71846914291, 4.85479736328, 4.84025764465, 4.24945688248, 6.42299127579, 7.54525899887, 21.422750473, 22.155216217, 31.0226802826, 20.5663471222, 15.6176605225, 16.5812110901, 12.0262413025, 16.4059047699, 21.1814556122, 17.7534618378, 21.0542564392, 17.1212558746, 19.3603458405, 14.0682621002, 9.5278968811, 6.41435146332, 3.92579674721, 2.24219679832, 1.52344918251, 1.19593858719, 1.02218317986, 0.831416487694, 0.64743667841, 0.484371840954, 0.390360027552, 0.178081154823, 0.0483325123787, 0.00469259684905, 0.00011952490604, 2.43105641857e-05, 3.54741132469e-05],
        "min": [1.04400381601e-21, 2.95848274858e-21, 4.30062226849e-21, 6.55289371259e-21, 1.13094795836e-19, 1.56389674666e-19, 3.13651662987e-19, 6.48335944012e-19, 8.3345177897e-19, 1.0238420794e-18, 8.08844499915e-19, 1.04237816296e-18, 1.37955507521e-18, 2.26473076807e-18, 2.04034727357e-18, 3.23145923151e-18, 1.81994127704e-18, 2.40097279164e-18, 3.33791758314e-18, 6.01578515572e-18, 8.29477362242e-18, 1.28489595871e-17, 5.71398458691e-18, 1.23657769215e-17, 1.06669630103e-17, 1.06277017097e-17, 1.59407779099e-17, 1.87217938709e-17, 1.62155937792e-17, 1.75866638424e-17, 1.78072183179e-17, 1.8762491157e-17, 1.71102293163e-17, 1.24803472266e-17, 1.03030903947e-17, 5.31652843849e-18, 2.90947504217e-18, 1.26632966238e-18, 2.96636893829e-19, 3.2426869417e-20],
        "var": [0.197319552302, 12.2076883316, 48.0301208496, 41.0674781799, 93.2621307373, 197.140136719, 179.244796753, 174.102844238, 729.623901367, 5851.43066406, 3997.45361328, 8996.79882812, 5143.84179688, 5488.07958984, 2701.17333984, 2068.59814453, 2954.03637695, 4907.54296875, 2540.3671875, 7485.46582031, 4009.37817383, 2035.55273438, 686.044921875, 489.072906494, 376.42880249, 214.046722412, 137.944198608, 61.0100212097, 61.8712844849, 38.3337249756, 47.3393936157, 39.4141464233, 33.0311775208, 20.1926460266, 7.40230607986, 0.858109712601, 0.0145489731804, 3.242112507e-05, 2.94745898799e-08, 1.25041699217e-09]
    },
    "gfcc": {
        "mean": [3.31615281105, 107.058349609, -130.991775513, 26.7134838104, -60.1854667664, 23.9197158813, -43.3974151611, 23.0078048706, -20.2963943481, 0.875631332397, -15.1854400635, -7.07665252686, -7.42686510086],
        "cov": [[5785.99121094, -689.504821777, 258.366333008, 997.184509277, 180.563720703, 349.307739258, -74.4167861938, 190.108215332, 62.7117156982, 319.658691406, -52.7731895447, 39.2819709778, -142.727523804], [-689.504821777, 1185.52844238, 381.698699951, -31.9880580902, 197.077133179, -109.15385437, 112.446510315, -34.842540741, 34.28647995, -70.4857711792, 157.847763062, -42.5609550476, 22.6443424225], [258.366333008, 381.698699951, 1044.23583984, 360.841156006, 141.517532349, 71.3749237061, -60.8552474976, 41.1792297363, -43.3058929443, 76.1529388428, 48.6337814331, 66.755065918, -53.4634399414], [997.184509277, -31.9880580902, 360.841156006, 685.338134766, 194.575485229, 98.9084854126, -1.99691188335, 14.7308616638, 60.1891708374, 95.7520904541, 15.9527072906, 6.48241186142, 12.0660610199], [180.563720703, 197.077133179, 141.517532349, 194.575485229, 253.049575806, 60.6286315918, 53.3152008057, 42.7901611328, 31.3283843994, 39.3292694092, 15.9905309677, 7.79614400864, 11.951338768], [349.307739258, -109.15385437, 71.3749237061, 98.9084854126, 60.6286315918, 184.594604492, 73.5848388672, 32.3845329285, -3.99496293068, 33.248966217, -6.39825534821, 14.1302862167, -6.13772153854], [-74.4167861938, 112.446510315, -60.8552474976, -1.99691188335, 53.3152008057, 73.5848388672, 213.755142212, 49.8269767761, 17.4828624725, 3.24110746384, 23.1821594238, -2.68181657791, 4.60040283203], [190.108215332, -34.842540741, 41.1792297363, 14.7308616638, 42.7901611328, 32.3845329285, 49.8269767761, 117.630386353, 32.724571228, 29.6765804291, -3.7564368248, 11.198597908, -14.0769557953], [62.7117156982, 34.28647995, -43.3058929443, 60.1891708374, 31.3283843994, -3.99496293068, 17.4828624725, 32.724571228, 109.579208374, 32.4984474182, 7.58117675781, -15.0675020218, 18.1449108124], [319.658691406, -70.4857711792, 76.1529388428, 95.7520904541, 39.3292694092, 33.248966217, 3.24110746384, 29.6765804291, 32.4984474182, 103.106521606, 10.5482139587, 14.5498867035, -9.98025798798], [-52.7731895447, 157.847763062, 48.6337814331, 15.9527072906, 15.9905309677, -6.39825534821, 23.1821594238, -3.7564368248, 7.58117675781, 10.5482139587, 89.3980026245, 11.4053602219, 5.54538202286], [39.2819709778, -42.5609550476, 66.755065918, 6.48241186142, 7.79614400864, 14.1302862167, -2.68181657791, 11.198597908, -15.0675020218, 14.5498867035, 11.4053602219, 76.1669998169, 9.69490528107], [-142.727523804, 22.6443424225, -53.4634399414, 12.0660610199, 11.951338768, -6.13772153854, 4.60040283203, -14.0769557953, 18.1449108124, -9.98025798798, 5.54538202286, 9.69490528107, 71.1024780273]],
        "icov": [[0.000382075697416, -0.000389340915717, 0.000518436310813, -0.00082278001355, 0.000577325758059, -0.00077830767259, 0.00070199026959, -0.000881828193087, 0.000555998703931, -0.000889453163836, 0.000465678167529, -0.000450252729934, 0.000794511230197], [-0.000389340915717, 0.00436813430861, -0.00296822632663, 0.00272667314857, -0.00434122001752, 0.00385198020376, -0.00352661125362, 0.00374591676518, -0.00309682544321, 0.00415210239589, -0.00528706004843, 0.00364870857447, -0.00154732610099], [0.000518436310813, -0.00296822632663, 0.00374034582637, -0.00300453347154, 0.00270539615303, -0.00307098333724, 0.00338138546795, -0.00357085629366, 0.00327972276136, -0.00329556525685, 0.00270866323262, -0.00347298406996, 0.00262547330931], [-0.00082278001355, 0.00272667314857, -0.00300453347154, 0.00524688046426, -0.00430680625141, 0.00228650518693, -0.00255149137229, 0.00426840875298, -0.00359947909601, 0.00226648128591, -0.00301569048315, 0.00308241834864, -0.00268650450744], [0.000577325758059, -0.00434122001752, 0.00270539615303, -0.00430680625141, 0.0102642485872, -0.00455618370324, 0.00271177268587, -0.00536695448682, 0.00301038520411, -0.00465789996088, 0.00489919772372, -0.00337433163077, 0.000605946232099], [-0.00077830767259, 0.00385198020376, -0.00307098333724, 0.00228650518693, -0.00455618370324, 0.0117135178298, -0.00639560772106, 0.00350295146927, -0.00139167078305, 0.00252893520519, -0.00291870278306, 0.00253834738396, -0.00201031542383], [0.00070199026959, -0.00352661125362, 0.00338138546795, -0.00255149137229, 0.00271177268587, -0.00639560772106, 0.01025881432, -0.0062084174715, 0.00276190205477, -0.00277803069912, 0.00167317781597, -0.00228514918126, 0.00169333012309], [-0.000881828193087, 0.00374591676518, -0.00357085629366, 0.00426840875298, -0.00536695448682, 0.00350295146927, -0.0062084174715, 0.0167047642171, -0.00750333582982, 0.00285874702968, -0.00228353193961, 0.000731579901185, 0.000935362942982], [0.000555998703931, -0.00309682544321, 0.00327972276136, -0.00359947909601, 0.00301038520411, -0.00139167078305, 0.00276190205477, -0.00750333582982, 0.0166198983788, -0.0074846483767, 0.00246872776188, 0.00126537680626, -0.00276803551242], [-0.000889453163836, 0.00415210239589, -0.00329556525685, 0.00226648128591, -0.00465789996088, 0.00252893520519, -0.00277803069912, 0.00285874702968, -0.0074846483767, 0.0188219957054, -0.00633919565007, 0.000745073484723, 0.000721328309737], [0.000465678167529, -0.00528706004843, 0.00270866323262, -0.00301569048315, 0.00489919772372, -0.00291870278306, 0.00167317781597, -0.00228353193961, 0.00246872776188, -0.00633919565007, 0.0195005778223, -0.00626910012215, 0.00134536728729], [-0.000450252729934, 0.00364870857447, -0.00347298406996, 0.00308241834864, -0.00337433163077, 0.00253834738396, -0.00228514918126, 0.000731579901185, 0.00126537680626, 0.000745073484723, -0.00626910012215, 0.0197476502508, -0.00654335971922], [0.000794511230197, -0.00154732610099, 0.00262547330931, -0.00268650450744, 0.000605946232099, -0.00201031542383, 0.00169333012309, 0.000935362942982, -0.00276803551242, 0.000721328309737, 0.00134536728729, -0.00654335971922, 0.0199770405889]]
    },
    "melbands": {
        "dmean": [0.00194047892001, 0.00171778723598, 0.000639799574856, 0.000334472715622, 0.000188136269571, 0.000126414146507, 0.000158651251695, 0.000272610661341, 0.000212444443605, 0.000230490593822, 0.000124026511912, 9.38533994486e-05, 8.96945566637e-05, 3.19989048876e-05, 6.20018254267e-05, 4.18289309891e-05, 4.97019427712e-05, 3.18277234328e-05, 3.86312894989e-05, 3.43449755746e-05, 2.47992684308e-05, 2.0192212105e-05, 1.42346898429e-05, 1.1130281564e-05, 7.09821506462e-06, 7.54157690608e-06, 4.3267905312e-06, 3.81574545827e-06, 2.81182428807e-06, 2.07639436667e-06, 1.6440546915e-06, 1.68407814272e-06, 1.3166578583e-06, 9.41583834901e-07, 9.05981380583e-07, 8.76289107055e-07, 7.71544989675e-07, 7.32153694116e-07, 7.30593455955e-07, 6.27500810424e-07],
        "dmean2": [0.00337745272554, 0.00309080351144, 0.00111629301682, 0.000556699756999, 0.000310951552819, 0.000209774749237, 0.000250643206527, 0.000418477109633, 0.000339352787705, 0.000373319315258, 0.000202389375772, 0.000152586915647, 0.000145278710988, 5.2867388149e-05, 0.000102631704067, 6.7920278525e-05, 8.16698957351e-05, 5.1703878853e-05, 6.36889089947e-05, 5.70686206629e-05, 4.06691833632e-05, 3.32898380293e-05, 2.32334823522e-05, 1.86768775166e-05, 1.1750908925e-05, 1.26249597088e-05, 7.22441973267e-06, 6.47917977403e-06, 4.9221844165e-06, 3.61577554031e-06, 2.78966899714e-06, 2.87958937406e-06, 2.18934587792e-06, 1.47583216403e-06, 1.3677934021e-06, 1.26909321807e-06, 1.12859027013e-06, 1.05981337128e-06, 1.019500246e-06, 8.59402859987e-07],
        "dvar": [1.97435329028e-05, 2.19960111281e-05, 1.5015293684e-06, 3.453121451e-07, 1.39350348149e-07, 4.58427713568e-08, 8.40652276679e-08, 2.50537368629e-07, 1.51203124688e-07, 1.88192998962e-07, 6.45538662525e-08, 3.84646696716e-08, 2.94003807966e-08, 3.62219276795e-09, 1.83021739986e-08, 5.72498848328e-09, 7.97518850959e-09, 3.83911746837e-09, 6.15848305685e-09, 5.33904342959e-09, 2.42912800985e-09, 1.25325183564e-09, 6.45704267832e-10, 3.51257717357e-10, 1.8423239323e-10, 2.05182495994e-10, 8.01433364117e-11, 6.86508766501e-11, 9.03594629675e-11, 3.72312805585e-11, 1.80092069729e-11, 2.57012085225e-11, 1.12148458922e-11, 5.85701279143e-12, 7.21879370516e-12, 6.90567351566e-12, 6.23218967752e-12, 6.94223975181e-12, 9.12319959162e-12, 5.96160707605e-12],
        "dvar2": [5.44867652934e-05, 6.26742039458e-05, 4.17101409766e-06, 9.29279337925e-07, 3.5059818515e-07, 1.1907668096e-07, 2.06621365351e-07, 6.16422596522e-07, 3.61058113185e-07, 5.11706218731e-07, 1.6880322562e-07, 9.9709211554e-08, 7.56622213771e-08, 9.35799793211e-09, 4.89892322264e-08, 1.51859165243e-08, 2.09486437086e-08, 9.54800238873e-09, 1.63303308653e-08, 1.39430671453e-08, 6.07984640411e-09, 3.27977733861e-09, 1.66342273289e-09, 9.37855459959e-10, 4.89286666738e-10, 5.48046497073e-10, 2.13682835315e-10, 1.84277523796e-10, 2.58882637549e-10, 1.0513888371e-10, 4.94718641053e-11, 7.17197898292e-11, 2.94562291225e-11, 1.29279833366e-11, 1.45364154741e-11, 1.14895376199e-11, 1.12637416755e-11, 1.22759562932e-11, 1.67914102761e-11, 9.45934303109e-12],
        "max": [0.0473398789763, 0.0551092736423, 0.0145145244896, 0.0161435659975, 0.00890622939914, 0.00412868941203, 0.00536435097456, 0.00825758185238, 0.013578562066, 0.00776700349525, 0.00593520468101, 0.00355897168629, 0.00324540957808, 0.00179816875607, 0.00273345527239, 0.00157151487656, 0.0019334773533, 0.00154469173867, 0.0014194418909, 0.00183701794595, 0.00137087213807, 0.000645605032332, 0.000461122777779, 0.000298738916172, 0.00022471662669, 0.00028067608946, 0.000139261275763, 0.000128429353936, 0.000191435334273, 9.84692305792e-05, 6.75909031997e-05, 8.87629794306e-05, 7.49534665374e-05, 9.8844851891e-05, 9.95286536636e-05, 7.17867224012e-05, 7.89052210166e-05, 8.76689591678e-05, 9.68616950558e-05, 0.00010930809367],
        "mean": [0.00222327606753, 0.00205745012499, 0.000921307771932, 0.000598047918174, 0.000327789370203, 0.000228603588766, 0.000304174085613, 0.000496879452839, 0.000392587477108, 0.000401633034926, 0.000212945655221, 0.00016960715584, 0.000152139386046, 5.39330685569e-05, 9.77064555627e-05, 7.28482191334e-05, 9.07324283617e-05, 5.5041982705e-05, 6.34096650174e-05, 5.64123365621e-05, 4.32448359788e-05, 3.62143327948e-05, 2.55763152381e-05, 1.87224031833e-05, 1.30027374325e-05, 1.373358009e-05, 7.22292452338e-06, 5.89676164964e-06, 3.72691079065e-06, 2.93153652819e-06, 2.48001106229e-06, 2.34456274484e-06, 2.06340428122e-06, 1.75897628196e-06, 1.70578073266e-06, 1.64538289482e-06, 1.4492718492e-06, 1.32649881834e-06, 1.29399109028e-06, 1.13901160148e-06],
        "median": [0.00100783607922, 0.00118872837629, 0.000604838773143, 0.000396118441131, 0.000170032202732, 0.000142296834383, 0.000144668534631, 0.000221867827349, 0.00018633264699, 0.000195601853193, 8.98099751794e-05, 5.73312245251e-05, 6.39936988591e-05, 2.79472260445e-05, 3.41502272931e-05, 3.39308899129e-05, 3.69912377209e-05, 2.33958580793e-05, 2.86669583147e-05, 2.10163980228e-05, 1.69483209902e-05, 1.89346465049e-05, 1.28654501168e-05, 1.05379467641e-05, 6.72493115417e-06, 5.23993048773e-06, 3.42448879564e-06, 2.23942038247e-06, 1.34172307753e-06, 1.08876918148e-06, 7.88278612163e-07, 6.74498494391e-07, 6.02725947374e-07, 5.37990672456e-07, 4.73338758411e-07, 4.29465842444e-07, 3.55623200221e-07, 3.17889458756e-07, 3.35981610533e-07, 3.19917461411e-07],
        "min": [9.21783021118e-24, 2.55254010799e-24, 3.28608766426e-24, 7.72485809437e-24, 1.06351986877e-23, 1.48312224178e-23, 1.37592756213e-23, 1.05993938689e-23, 6.74653252123e-24, 7.22926569699e-24, 7.02156098723e-24, 9.17888967031e-24, 5.37466869717e-24, 1.2189294114e-23, 3.31641068859e-24, 4.87834699789e-24, 3.94817862201e-24, 5.04355537626e-24, 3.63861067014e-24, 1.2171831889e-23, 8.85273591791e-24, 1.40115990927e-23, 7.73171171791e-24, 5.40057567816e-24, 1.06212366385e-23, 7.28173756896e-24, 4.98409380224e-24, 7.33763151954e-24, 8.38091899936e-24, 1.2124889932e-23, 9.73304394585e-24, 9.84322257076e-24, 6.72311676298e-24, 1.04251329172e-23, 1.00123298941e-23, 1.15697030375e-23, 1.16103341073e-23, 1.17997175226e-23, 1.14073538855e-23, 8.22047257984e-24],
        "var": [1.68128790392e-05, 1.54188710439e-05, 1.42996873365e-06, 4.86763838126e-07, 2.51988581113e-07, 8.15496079554e-08, 2.02298210183e-07, 5.61494800877e-07, 3.45638170529e-07, 3.30542349047e-07, 1.34230333515e-07, 8.85420305963e-08, 5.9167039268e-08, 6.81250522661e-09, 3.49950610712e-08, 1.23883250325e-08, 1.93918587854e-08, 8.07281086423e-09, 1.0833206332e-08, 1.02564401416e-08, 5.44139400205e-09, 2.56939935994e-09, 1.4889468547e-09, 5.90870186112e-10, 3.11144665588e-10, 4.17328283042e-10, 1.1191639282e-10, 8.96517096671e-11, 6.58102253248e-11, 3.14221183795e-11, 1.99120893385e-11, 2.27309802925e-11, 1.49798905918e-11, 1.25069876331e-11, 1.64343590819e-11, 1.75271967079e-11, 1.419772893e-11, 1.49666390392e-11, 1.85889081905e-11, 1.36552548782e-11]
    },
    "mfcc": {
        "mean": [-632.364257812, 132.767837524, -8.27690124512, 8.08535385132, 8.62721347809, -3.22853112221, -0.378158390522, 7.43805599213, 4.55826473236, 5.88631772995, 4.02835941315, -0.776117324829, -1.33418166637],
        "cov": [[5569.88623047, -1242.72595215, 100.808586121, 542.409362793, 312.973236084, 343.84576416, 65.508026123, 21.2361278534, 73.0858917236, 300.316894531, 146.141403198, 82.5974121094, 45.7985267639], [-1242.72595215, 1256.52233887, 177.263092041, 7.22095966339, 40.8600997925, -93.7766189575, 95.7651062012, 41.1466255188, -50.9232635498, -74.4488296509, 48.8588066101, 21.0018672943, 69.1888656616], [100.808586121, 177.263092041, 812.211853027, 299.500183105, 229.22958374, 84.9765930176, 66.3678359985, -4.48229455948, -37.0413856506, -29.3704299927, 21.2731361389, 53.2565002441, 72.9255218506], [542.409362793, 7.22095966339, 299.500183105, 503.059204102, 242.03414917, 134.953659058, 48.1542816162, 1.74600207806, 33.1995582581, 54.9523391724, 22.9967041016, 52.6729431152, 57.8172721863], [312.973236084, 40.8600997925, 229.22958374, 242.03414917, 290.944915771, 82.7766571045, 16.5572319031, -6.74713373184, 13.1151237488, 32.6315155029, 6.18152284622, 22.6339378357, 40.2153053284], [343.84576416, -93.7766189575, 84.9765930176, 134.953659058, 82.7766571045, 192.487823486, 76.3383789062, 23.5209102631, 34.839214325, 38.3518257141, 15.2183599472, 15.8369827271, 0.7186383605], [65.508026123, 95.7651062012, 66.3678359985, 48.1542816162, 16.5572319031, 76.3383789062, 173.785140991, 70.8183746338, 16.2057361603, 10.9927635193, 40.8494377136, 12.7431907654, 11.2246828079], [21.2361278534, 41.1466255188, -4.48229455948, 1.74600207806, -6.74713373184, 23.5209102631, 70.8183746338, 115.054092407, 38.2100143433, 9.75099372864, 26.0828342438, 6.1143245697, 4.34076738358], [73.0858917236, -50.9232635498, -37.0413856506, 33.1995582581, 13.1151237488, 34.839214325, 16.2057361603, 38.2100143433, 109.341125488, 47.7020606995, 10.9693098068, 7.60248088837, 3.36312389374], [300.316894531, -74.4488296509, -29.3704299927, 54.9523391724, 32.6315155029, 38.3518257141, 10.9927635193, 9.75099372864, 47.7020606995, 104.632156372, 36.1927490234, 12.3527698517, 5.04018497467], [146.141403198, 48.8588066101, 21.2731361389, 22.9967041016, 6.18152284622, 15.2183599472, 40.8494377136, 26.0828342438, 10.9693098068, 36.1927490234, 87.5792999268, 30.5462093353, 9.41346263885], [82.5974121094, 21.0018672943, 53.2565002441, 52.6729431152, 22.6339378357, 15.8369827271, 12.7431907654, 6.1143245697, 7.60248088837, 12.3527698517, 30.5462093353, 68.2144775391, 29.8302345276], [45.7985267639, 69.1888656616, 72.9255218506, 57.8172721863, 40.2153053284, 0.7186383605, 11.2246828079, 4.34076738358, 3.36312389374, 5.04018497467, 9.41346263885, 29.8302345276, 74.9769821167]],
