{
"lowlevel": {
    "average_loudness": 0.650037169456,
    "barkbands_crest": {
        "dmean": 2.6182141304,
        "dmean2": 4.2680850029,
        "dvar": 5.84316253662,
        "dvar2": 14.4310178757,
        "max": 25.7884635925,
        "mean": 11.5550060272,
        "median": 10.3751840591,
        "min": 2.59883522987,
        "var": 26.7804832458
    },
    "barkbands_flatness_db": {
        "dmean": 0.020265782252,
        "dmean2": 0.0303523279727,
        "dvar": 0.000332138704835,
        "dvar2": 0.00070426001912,
        "max": 0.40891200304,
        "mean": 0.161500424147,
        "median": 0.152823224664,
        "min": 0.0274285189807,
        "var": 0.0038281804882
    },
    "barkbands_kurtosis": {
        "dmean": 1.98375380039,
        "dmean2": 3.20261836052,
        "dvar": 7.72167921066,
        "dvar2": 19.1381568909,
        "max": 70.4208068848,
        "mean": 3.24119544029,
        "median": 1.49598836899,
        "min": -1.80935776234,
        "var": 27.7569065094
    },
    "barkbands_skewness": {
        "dmean": 0.426406770945,
        "dmean2": 0.67623847723,
        "dvar": 0.169839814305,
        "dvar2": 0.427067190409,
        "max": 5.87122011185,
        "mean": 0.655302286148,
        "median": 0.571685194969,
        "min": -2.91949748993,
        "var": 0.983573555946
    },
    "barkbands_spread": {
        "dmean": 3.8935444355,
        "dmean2": 6.04341459274,
        "dvar": 20.3966083527,
        "dvar2": 41.2513580322,
        "max": 90.6492462158,
        "mean": 16.0889511108,
        "median": 14.1214704514,
        "min": 1.24836540222,
        "var": 107.027038574
    },
    "dissonance": {
        "dmean": 0.0296377539635,
        "dmean2": 0.0508238971233,
        "dvar": 0.000830407545436,
        "dvar2": 0.00234009954147,
        "max": 0.500000178814,
        "mean": 0.449606001377,
        "median": 0.461202144623,
        "min": 0.218222081661,
        "var": 0.00176721892785
    },
    "dynamic_complexity": 5.6424779892,
    "erbbands_crest": {
        "dmean": 3.01524496078,
        "dmean2": 4.75872755051,
        "dvar": 7.88928127289,
        "dvar2": 18.6716423035,
        "max": 33.5842628479,
        "mean": 14.6330375671,
        "median": 12.9507646561,
        "min": 2.56962418556,
        "var": 53.6879386902
    },
    "erbbands_flatness_db": {
        "dmean": 0.0199240054935,
        "dmean2": 0.0285971220583,
        "dvar": 0.000343001593137,
        "dvar2": 0.000640522921458,
        "max": 0.450922340155,
        "mean": 0.220226436853,
        "median": 0.217842623591,
        "min": 0.0536732748151,
        "var": 0.00394098088145
    },
    "erbbands_kurtosis": {
        "dmean": 2.23394489288,
        "dmean2": 3.49730610847,
        "dvar": 12.7337465286,
        "dvar2": 30.3251457214,
        "max": 77.6086196899,
        "mean": 4.96719884872,
        "median": 2.37875938416,
        "min": -1.75381565094,
        "var": 59.1866416931
    },
    "erbbands_skewness": {
        "dmean": 0.413068294525,
        "dmean2": 0.6421880126,
        "dvar": 0.150788545609,
        "dvar2": 0.35253277421,
        "max": 7.52050352097,
        "mean": 1.09416007996,
        "median": 0.831572115421,
        "min": -2.08792090416,
        "var": 1.49861013889
    },
    "erbbands_spread": {
        "dmean": 4.01619672775,
        "dmean2": 6.0953836441,
        "dvar": 29.8082637787,
        "dvar2": 55.147064209,
        "max": 124.835678101,
        "mean": 18.1074066162,
        "median": 14.658490181,
        "min": 1.26488947868,
        "var": 182.842666626
    },
    "hfc": {
        "dmean": 5.18081140518,
        "dmean2": 7.9997048378,
        "dvar": 58.0092430115,
        "dvar2": 146.843032837,
        "max": 138.948059082,
        "mean": 22.3722572327,
        "median": 14.5676765442,
        "min": 1.14291730525e-16,
        "var": 488.091644287
    },
    "melbands_crest": {
        "dmean": 3.39601993561,
        "dmean2": 5.52248859406,
        "dvar": 9.51763439178,
        "dvar2": 24.8523311615,
        "max": 34.0051803589,
        "mean": 14.9198846817,
        "median": 13.6333093643,
        "min": 2.3456428051,
        "var": 39.1948013306
    },
    "melbands_flatness_db": {
        "dmean": 0.0214271005243,
        "dmean2": 0.0327365882695,
        "dvar": 0.000405683385907,
        "dvar2": 0.000906267028768,
        "max": 0.560752987862,
        "mean": 0.212266996503,
        "median": 0.197082445025,
        "min": 0.00662993313745,
        "var": 0.0053004194051
    },
    "melbands_kurtosis": {
        "dmean": 2.80172610283,
        "dmean2": 4.54611063004,
        "dvar": 19.6602478027,
        "dvar2": 51.6955947876,
        "max": 87.8395462036,
        "mean": 4.59503030777,
        "median": 2.217628479,
        "min": -1.71366274357,
        "var": 51.8542556763
    },
    "melbands_skewness": {
        "dmean": 0.486178159714,
        "dmean2": 0.765367686749,
        "dvar": 0.241381898522,
        "dvar2": 0.593426764011,
        "max": 7.35298967361,
        "mean": 0.860975086689,
        "median": 0.727866768837,
        "min": -2.83073282242,
        "var": 1.65445697308
    },
    "melbands_spread": {
        "dmean": 5.12007856369,
        "dmean2": 8.18235588074,
        "dvar": 27.6489429474,
        "dvar2": 64.4070358276,
        "max": 123.769233704,
        "mean": 22.402967453,
        "median": 20.5176486969,
        "min": 1.89268481731,
        "var": 147.146362305
    },
    "pitch_salience": {
        "dmean": 0.065212354064,
        "dmean2": 0.106884136796,
        "dvar": 0.00334359495901,
        "dvar2": 0.00882840715349,
        "max": 0.897017776966,
        "mean": 0.531539738178,
        "median": 0.54388999939,
        "min": 0.11083522439,
        "var": 0.0166920609772
    },
    "silence_rate_20dB": {
        "dmean": 0,
        "dmean2": 0,
        "dvar": 0,
        "dvar2": 0,
        "max": 1,
        "mean": 1,
        "median": 1,
        "min": 1,
        "var": 0
    },
    "silence_rate_30dB": {
        "dmean": 0.00125313282479,
        "dmean2": 0.00250657973811,
        "dvar": 0.00125160592142,
        "dvar2": 0.00325218681246,
        "max": 1,
        "mean": 0.999122917652,
        "median": 1,
        "min": 0,
        "var": 0.000876342877746
    },
    "silence_rate_60dB": {
        "dmean": 0.0280701760203,
        "dmean2": 0.0561473853886,
        "dvar": 0.0272862929851,
        "dvar2": 0.0625131949782,
        "max": 1,
        "mean": 0.197218388319,
        "median": 0,
        "min": 0,
        "var": 0.158350005746
    },
    "spectral_centroid": {
        "dmean": 130.999786377,
        "dmean2": 205.8152771,
        "dvar": 33634.0898438,
        "dvar2": 64841.2617188,
        "max": 11089.1318359,
        "mean": 1200.13623047,
        "median": 1180.72253418,
        "min": 315.878051758,
        "var": 158299.421875
    },
    "spectral_complexity": {
        "dmean": 2.21629071236,
        "dmean2": 3.66085982323,
        "dvar": 4.41607809067,
        "dvar2": 11.3834199905,
        "max": 40,
        "mean": 14.4614706039,
        "median": 15,
        "min": 0,
        "var": 57.199962616
    },
    "spectral_decrease": {
        "dmean": 1.46973377912e-09,
        "dmean2": 2.32016295065e-09,
        "dvar": 4.11186891648e-18,
        "dvar2": 1.05052136318e-17,
        "max": -3.44313422115e-29,
        "mean": -5.53344969845e-09,
        "median": -4.03145650196e-09,
        "min": -3.67102863663e-08,
        "var": 2.61968679022e-17
    },
    "spectral_energy": {
        "dmean": 0.00596311036497,
        "dmean2": 0.00939584802836,
        "dvar": 6.78549185977e-05,
        "dvar2": 0.000172726868186,
        "max": 0.150962233543,
        "mean": 0.0229137390852,
        "median": 0.0164822302759,
        "min": 1.04965511961e-20,
        "var": 0.000449694518466
    },
    "spectral_energyband_high": {
        "dmean": 0.000101045545307,
        "dmean2": 0.000148419101606,
        "dvar": 4.49320829432e-08,
        "dvar2": 9.74206457727e-08,
        "max": 0.00400892738253,
        "mean": 0.000354098592652,
        "median": 0.000164883647813,
        "min": 7.44072144667e-21,
        "var": 2.22631882707e-07
    },
    "spectral_energyband_low": {
        "dmean": 0.00199409294873,
        "dmean2": 0.00335801602341,
        "dvar": 1.60505915119e-05,
        "dvar2": 4.52281492471e-05,
        "max": 0.0642139166594,
        "mean": 0.0032069766894,
        "median": 0.00146037666127,
        "min": 1.00656310167e-22,
        "var": 2.54258393397e-05
    },
    "spectral_energyband_middle_high": {
        "dmean": 0.00415928754956,
        "dmean2": 0.00641013681889,
        "dvar": 4.90380662086e-05,
        "dvar2": 0.000121288307128,
        "max": 0.143290996552,
        "mean": 0.0141532234848,
        "median": 0.00536082871258,
        "min": 1.62668248146e-21,
        "var": 0.000304533779854
    },
    "spectral_energyband_middle_low": {
        "dmean": 0.00228978041559,
        "dmean2": 0.00358485081233,
        "dvar": 1.50334035425e-05,
        "dvar2": 3.53973737219e-05,
        "max": 0.0665123164654,
        "mean": 0.0058240685612,
        "median": 0.00355193857104,
        "min": 2.47191697731e-22,
        "var": 5.07764780195e-05
    },
    "spectral_entropy": {
        "dmean": 0.134671524167,
        "dmean2": 0.197038695216,
        "dvar": 0.0171041917056,
        "dvar2": 0.0319389253855,
        "max": 9.78818511963,
        "mean": 7.32314920425,
        "median": 7.39326524734,
        "min": 5.69704246521,
        "var": 0.236315652728
    },
    "spectral_flux": {
        "dmean": 0.0186112001538,
        "dmean2": 0.0295857582241,
        "dvar": 0.000430001848144,
        "dvar2": 0.00105786358472,
        "max": 0.281938582659,
        "mean": 0.0698324367404,
        "median": 0.0642222166061,
        "min": 1.02452678286e-10,
        "var": 0.00204546935856
    },
    "spectral_kurtosis": {
        "dmean": 2.95969057083,
        "dmean2": 5.03489160538,
        "dvar": 26.9416065216,
        "dvar2": 76.7832107544,
        "max": 127.720703125,
        "mean": 8.55591392517,
        "median": 5.77944087982,
        "min": -1.26802659035,
        "var": 85.5798339844
    },
    "spectral_rms": {
        "dmean": 0.000560138898436,
        "dmean2": 0.000866963237058,
        "dvar": 3.71116044562e-07,
        "dvar2": 9.0455893087e-07,
        "max": 0.012135906145,
        "mean": 0.00413836725056,
        "median": 0.00401001563296,
        "min": 3.20008407793e-12,
        "var": 5.2288905863e-06
    },
    "spectral_rolloff": {
        "dmean": 249.587921143,
        "dmean2": 423.179107666,
        "dvar": 440856.40625,
        "dvar2": 885560.125,
        "max": 19035.3515625,
        "mean": 1306.96813965,
        "median": 1162.79296875,
        "min": 64.599609375,
        "var": 866061.0625
    },
    "spectral_skewness": {
        "dmean": 0.272386312485,
        "dmean2": 0.454598903656,
        "dvar": 0.11189506948,
        "dvar2": 0.317830532789,
        "max": 8.55986022949,
        "mean": 2.09551692009,
        "median": 1.91078197956,
        "min": -0.0113294171169,
        "var": 0.538334429264
    },
    "spectral_spread": {
        "dmean": 448864.03125,
        "dmean2": 615444.9375,
        "dvar": 607603130368,
        "dvar2": 757839298560,
        "max": 41171240,
        "mean": 3914310,
        "median": 3632034.75,
        "min": 577520.625,
        "var": 3.23933097165e+12
    },
    "spectral_strongpeak": {
        "dmean": 0.858836650848,
        "dmean2": 1.41058325768,
        "dvar": 1.4035602808,
        "dvar2": 3.51380109787,
        "max": 14.1276006699,
        "mean": 2.48403096199,
        "median": 1.29290235043,
        "min": 0,
        "var": 7.26296234131
    },
    "zerocrossingrate": {
        "dmean": 0.00618875073269,
        "dmean2": 0.00746233761311,
        "dvar": 0.000105994215119,
        "dvar2": 0.000102861929918,
        "max": 0.4853515625,
        "mean": 0.0554991215467,
        "median": 0.05078125,
        "min": 0.0078125,
        "var": 0.000711719272658
    },
    "barkbands": {
        "dmean": [0.000386293337215, 0.00151026062667, 0.000413222092902, 0.000337526667863, 0.000372449314455, 0.000281398155494, 0.000336639874149, 0.000679452496115, 0.000943085586186, 0.00216833455488, 0.00168682669755, 0.000987267354503, 0.000435562367784, 0.000547272094991, 0.000507547403686, 0.000133421461214, 7.97322645667e-05, 8.21972716949e-05, 6.82353420416e-05, 3.82879334211e-05, 2.47163043241e-05, 2.40774897975e-05, 2.78350180452e-05, 1.92025636352e-05, 2.13706280192e-05, 1.03491247501e-05, 1.25803342144e-06],
        "dmean2": [0.0006755865179, 0.00255874614231, 0.000705072307028, 0.000584279652685, 0.000622409221251, 0.000456292822491, 0.000539667205885, 0.00102252792567, 0.00150505732745, 0.00329486373812, 0.00253904657438, 0.00161473907065, 0.000698468065821, 0.000864317000378, 0.000828406948131, 0.000220354166231, 0.00013099120406, 0.000134627582156, 0.000110391592898, 6.20202044956e-05, 4.10215652664e-05, 3.90810782847e-05, 4.38625575043e-05, 2.94852961815e-05, 3.07540176436e-05, 1.47682649185e-05, 2.00785825655e-06],
        "dvar": [1.51240215018e-06, 1.11031376946e-05, 9.34915931339e-07, 8.90236890427e-07, 1.04647403987e-06, 5.14342104907e-07, 6.12790870491e-07, 2.59092507804e-06, 4.96592701893e-06, 2.78581101156e-05, 2.24840896408e-05, 8.60291220306e-06, 1.06275501821e-06, 2.48453488894e-06, 2.61759760178e-06, 2.88120105552e-07, 2.26286314131e-08, 2.14920383712e-08, 1.37986342352e-08, 5.88401771751e-09, 2.87543877597e-09, 3.23835336324e-09, 2.99144531368e-09, 1.5056461633e-09, 2.66791477799e-09, 6.98049451575e-10, 1.58020818652e-11],
        "dvar2": [4.78324773212e-06, 3.04985824187e-05, 2.51318306255e-06, 2.32832417169e-06, 2.78072479887e-06, 1.2091853705e-06, 1.50822859268e-06, 5.39878010386e-06, 1.22338069559e-05, 6.15640892647e-05, 4.92759791086e-05, 2.30237674259e-05, 2.51666438089e-06, 5.80604182687e-06, 6.55010990158e-06, 7.53342362714e-07, 5.80432555353e-08, 5.50660921306e-08, 3.36130305811e-08, 1.38355424895e-08, 7.66382246553e-09, 8.14705991559e-09, 7.45999528817e-09, 3.36221650521e-09, 5.18792164783e-09, 1.3737930793e-09, 3.886289901e-11],
        "max": [0.0212484113872, 0.0463852323592, 0.0184689834714, 0.0142870731652, 0.0191382411867, 0.016437465325, 0.0209398381412, 0.0400434844196, 0.0436051115394, 0.136563286185, 0.0953638032079, 0.0742317736149, 0.0256179776043, 0.0379738993943, 0.0337060540915, 0.019630016759, 0.00383287621662, 0.00324577116407, 0.00224955054, 0.00188555847853, 0.0010088380659, 0.000986988539807, 0.00100027420558, 0.000925125204958, 0.0013202483533, 0.000449894519988, 6.77829375491e-05],
        "mean": [0.000424118334195, 0.00212513841689, 0.000553393154405, 0.000365562271327, 0.000585923204198, 0.000491018348839, 0.000542690453585, 0.00121885549743, 0.00168221723288, 0.00523603567854, 0.00389390881173, 0.00191618187819, 0.000766528770328, 0.000994823989458, 0.000966205669101, 0.00024973534164, 0.000167062535184, 0.000180125891347, 0.000160991417943, 8.45114773256e-05, 5.64418332942e-05, 5.18423257745e-05, 7.3718780186e-05, 4.89074445795e-05, 5.23830567545e-05, 2.38426291617e-05, 1.61370257956e-06],
        "median": [4.5314685849e-05, 0.00070805544965, 0.000239967281232, 0.000101196637843, 0.000268368341494, 0.000209171092138, 0.000238826149143, 0.000246280193096, 0.000411614688346, 0.000613488256931, 0.000288310606265, 0.000200934693567, 0.000213960069232, 0.000161235730047, 0.000136863236548, 7.62240233598e-05, 8.3341532445e-05, 9.41580074141e-05, 8.62069136929e-05, 4.55686567875e-05, 2.69240244961e-05, 2.0847781343e-05, 2.40797526203e-05, 1.69556842593e-05, 1.02149306258e-05, 2.02315936804e-06, 2.56311150082e-09],
        "min": [6.165244586e-24, 2.24403759166e-23, 5.47898734774e-23, 1.95186244503e-23, 1.46123419156e-23, 3.16779339613e-23, 2.07926111464e-23, 5.01636144759e-23, 7.86815672884e-23, 6.11860397384e-23, 4.53465615759e-23, 9.84308515119e-23, 2.25140725645e-22, 1.22652585793e-22, 2.31395269286e-22, 1.89691525375e-22, 1.53137124666e-22, 1.32190103464e-22, 2.46907202934e-22, 2.87951093096e-22, 5.01953380439e-22, 7.84707533622e-22, 6.25652172497e-22, 6.79462735114e-22, 1.17343849775e-21, 1.65415372313e-21, 2.03401208467e-21],
        "var": [1.70106557107e-06, 1.50957748701e-05, 1.06016284462e-06, 9.02911097e-07, 1.30444277602e-06, 9.79071273832e-07, 9.90733497019e-07, 8.54169957165e-06, 1.30801827254e-05, 0.000139381707413, 0.000103053338535, 2.33081118495e-05, 2.76006448985e-06, 7.56456211093e-06, 7.04218427927e-06, 9.18491650737e-07, 5.98627707404e-08, 6.67449455705e-08, 4.55528095245e-08, 1.59852042714e-08, 6.61243948485e-09, 7.2460482059e-09, 1.42061562514e-08, 5.79532377643e-09, 9.74980629564e-09, 2.40620168235e-09, 2.42777881132e-11]
    },
    "erbbands": {
        "dmean": [0.0588942095637, 0.301907926798, 0.50008046627, 0.788315594196, 1.23950397968, 1.31227040291, 1.64545512199, 2.66829657555, 3.96860814095, 6.1422252655, 17.5413341522, 22.1329917908, 36.1834869385, 85.5601196289, 50.7148933411, 45.2381896973, 20.069568634, 25.1690120697, 32.8777656555, 10.0580177307, 5.38688135147, 3.45961356163, 3.87750959396, 3.78124189377, 3.09470152855, 1.93286335468, 1.16749155521, 0.845427930355, 0.848204433918, 0.952026724815, 0.773632884026, 0.48117774725, 0.300259679556, 0.225016474724, 0.178328126669, 0.0669987425208, 0.0146606201306, 0.00333318556659, 0.000123563921079, 9.07589947019e-06],
        "dmean2": [0.102115385234, 0.509171009064, 0.85641348362, 1.3482490778, 2.17113494873, 2.14769077301, 2.64041399956, 4.38641500473, 6.3633146286, 9.76738739014, 26.2641162872, 34.8884735107, 54.2359199524, 126.528625488, 77.8160476685, 74.1981430054, 32.2599143982, 39.425693512, 54.1067466736, 16.1211357117, 8.84641265869, 5.67456865311, 6.40733146667, 6.00161886215, 5.08289241791, 3.13284611702, 1.93436813354, 1.40656661987, 1.38459956646, 1.533603549, 1.22303760052, 0.747327923775, 0.455918133259, 0.33186802268, 0.26390132308, 0.0954655706882, 0.0212661288679, 0.00509210908785, 0.000187390702195, 1.39987314469e-05],
        "dvar": [0.0230148993433, 0.417394369841, 1.22377276421, 4.01414060593, 19.0865097046, 9.66875457764, 16.3606262207, 55.0731315613, 73.184928894, 246.714859009, 1865.91125488, 2754.74389648, 9150.12890625, 44101.5703125, 19129.0488281, 19865.8808594, 2177.12475586, 4485.74023438, 9642.93945312, 1258.45288086, 310.986480713, 44.2370033264, 53.5418548584, 45.2445030212, 33.4203453064, 14.2072963715, 6.0811047554, 4.01620721817, 4.28849220276, 4.5426068306, 2.29619431496, 0.914621531963, 0.402575820684, 0.287240594625, 0.200109004974, 0.0274888519198, 0.00148074689787, 0.000103153150121, 1.64108783451e-07, 2.34623931394e-10],
        "dvar2": [0.0665067508817, 1.15075230598, 3.3736538887, 10.2895727158, 53.3554878235, 23.6323833466, 38.9960327148, 133.220657349, 173.734481812, 622.20123291, 3918.28198242, 6941.14404297, 19316.9179688, 97300.859375, 47756.3164062, 54126.2226562, 5120.19238281, 10204.1630859, 26312.9375, 3001.92382812, 797.538574219, 111.159957886, 141.180847168, 100.799057007, 90.2559204102, 34.5985221863, 16.2228393555, 10.7169361115, 10.8460302353, 12.1859502792, 5.54733991623, 2.12337017059, 0.87021535635, 0.558229327202, 0.434165894985, 0.0545939691365, 0.00297971628606, 0.000241936009843, 3.74118343416e-07, 5.45802125718e-10],
        "max": [2.26266980171, 10.0271110535, 21.6595878601, 29.6671333313, 71.5525436401, 97.2295608521, 116.243789673, 189.17666626, 231.281173706, 572.672180176, 1100.19433594, 1154.78918457, 2464.15014648, 5247.92480469, 3129.44824219, 3769.28173828, 1277.95666504, 1940.10974121, 2236.48535156, 1295.34838867, 800.942504883, 201.298736572, 156.035522461, 177.356002808, 137.861129761, 90.6867370605, 46.1710548401, 55.0232772827, 43.024471283, 52.8185195923, 23.6052036285, 20.5641880035, 13.0550718307, 14.62774086, 10.6698884964, 2.77441954613, 0.814503490925, 0.17950604856, 0.00842426437885, 0.000315842829878],
        "mean": [0.0713530108333, 0.429568678141, 0.743979454041, 0.990182101727, 1.39396381378, 2.13037180901, 2.92128038406, 4.33931207657, 6.83149003983, 10.6542367935, 33.1694412231, 42.1786689758, 85.4452590942, 218.752990723, 128.939743042, 91.9312515259, 40.0855636597, 48.8130722046, 71.8372573853, 20.1631660461, 11.7116708755, 8.26026344299, 9.21892356873, 9.18027019501, 7.41393709183, 4.49973201752, 2.64718389511, 1.92939078808, 1.81948721409, 2.3272292614, 1.90664052963, 1.26716089249, 0.728255391121, 0.516146659851, 0.405934244394, 0.155282452703, 0.0320168361068, 0.00580473942682, 0.00020760280313, 3.3825639548e-05],
        "median": [0.0180927682668, 0.148707792163, 0.397127270699, 0.350307017565, 0.565500080585, 0.832029640675, 1.14074635506, 1.79926073551, 3.4856402874, 3.97869706154, 7.81079959869, 11.7514228821, 18.6584968567, 27.2644882202, 21.7544384003, 13.2881469727, 14.7588882446, 13.4983282089, 9.88310623169, 5.91143846512, 5.02566385269, 4.68472385406, 5.17252016068, 5.28773975372, 3.90644836426, 2.46694970131, 1.48424267769, 0.920219123363, 0.737029612064, 0.714831054211, 0.685746967793, 0.429384589195, 0.247350886464, 0.127262189984, 0.0587818212807, 0.0149972708896, 0.00258113397285, 0.00016083085211, 2.19908961299e-05, 2.35050265474e-05],
        "min": [1.20432256627e-21, 3.55052172199e-21, 4.02445404616e-20, 9.58422962622e-20, 4.35297625813e-20, 3.76476036973e-20, 1.33375506697e-19, 2.30141964036e-19, 3.30930897297e-19, 5.21077412095e-19, 1.18661261239e-18, 1.51308404976e-18, 2.73362554292e-18, 1.31658657146e-18, 2.22901021409e-18, 4.88346299187e-18, 9.33765646895e-18, 7.76892911675e-18, 7.26738717749e-18, 1.20263706541e-17, 1.28103964269e-17, 1.00658458961e-17, 6.11500133429e-18, 1.0971096642e-17, 1.31059058736e-17, 1.27673118975e-17, 1.95185110758e-17, 1.79333534351e-17, 2.99723799526e-17, 2.06475199677e-17, 1.91427775175e-17, 1.41558892385e-17, 1.23378827369e-17, 1.32965511524e-17, 8.07325465438e-18, 5.12399677424e-18, 3.36223586597e-18, 1.0673143497e-18, 2.89510655304e-19, 3.51476894027e-20],
        "var": [0.0270968731493, 0.56295478344, 1.49063265324, 4.66118431091, 14.4292821884, 19.0887832642, 33.2575950623, 93.1471405029, 122.881271362, 458.165771484, 6136.99316406, 7612.18847656, 43745.0234375, 231119.671875, 96967.9609375, 51841.5625, 6126.43017578, 11192.0839844, 34332.671875, 3041.20483398, 855.656311035, 130.49508667, 171.132858276, 158.823287964, 112.401184082, 46.7347297668, 13.3787746429, 7.99128580093, 8.80375576019, 18.0018596649, 7.96705913544, 3.66801023483, 1.50740695, 1.0040102005, 0.615661382675, 0.0980236008763, 0.00449900794774, 0.000207245582715, 3.19495171652e-07, 1.15359788389e-09]
    },
    "gfcc": {
        "mean": [-50.1301460266, 104.810920715, -142.088058472, 6.56956100464, -58.1567153931, 26.8215942383, -28.5554218292, 16.5690975189, -21.1535320282, -2.10992980003, -7.72553920746, -4.20754766464, -6.35764217377],
        "cov": [[10662.9980469, -3661.44018555, 340.56628418, 527.522888184, -404.89944458, 1122.83850098, 271.378234863, 310.632019043, -577.98236084, 443.212768555, -534.922180176, 651.838989258, -627.083190918], [-3661.44018555, 2716.65698242, -72.2039031982, -35.3859939575, 513.311889648, -531.268554688, 129.574813843, -188.323272705, 376.206268311, -265.991607666, 474.60635376, -403.577331543, 337.403320312], [340.56628418, -72.2039031982, 861.781066895, 133.67578125, 130.753494263, 125.872276306, -130.271881104, 101.994354248, -93.4450836182, 113.163497925, -52.9013519287, 128.55027771, -66.9356613159], [527.522888184, -35.3859939575, 133.67578125, 501.685577393, 35.3053817749, 97.9740219116, 28.6346931458, -11.2542915344, 84.2039108276, -11.3187389374, -11.0210132599, 5.96635627747, 0.438334047794], [-404.89944458, 513.311889648, 130.753494263, 35.3053817749, 402.926574707, -30.7778701782, 72.545753479, -9.52534866333, 54.8263130188, 42.492351532, 52.9242324829, -16.8810844421, 21.7917366028], [1122.83850098, -531.268554688, 125.872276306, 97.9740219116, -30.7778701782, 360.87979126, 64.0855407715, 70.2208404541, -66.130607605, 57.4539337158, -45.2789764404, 89.010345459, -70.5981063843], [271.378234863, 129.574813843, -130.271881104, 28.6346931458, 72.545753479, 64.0855407715, 372.230621338, -10.0960950851, 20.4356613159, -20.9749145508, 19.3183345795, 13.1158332825, -0.23634006083], [310.632019043, -188.323272705, 101.994354248, -11.2542915344, -9.52534866333, 70.2208404541, -10.0960950851, 161.436325073, -12.3862047195, 36.1992492676, -28.8156585693, 20.5438423157, -5.17620038986], [-577.98236084, 376.206268311, -93.4450836182, 84.2039108276, 54.8263130188, -66.130607605, 20.4356613159, -12.3862047195, 224.328918457, -40.0586204529, 72.1135025024, -76.2357406616, 56.3675003052], [443.212768555, -265.991607666, 113.163497925, -11.3187389374, 42.492351532, 57.4539337158, -20.9749145508, 36.1992492676, -40.0586204529, 183.384613037, -49.8503990173, 75.5791091919, -88.1110839844], [-534.922180176, 474.60635376, -52.9013519287, -11.0210132599, 52.9242324829, -45.2789764404, 19.3183345795, -28.8156585693, 72.1135025024, -49.8503990173, 213.453475952, -71.4909515381, 78.3338470459], [651.838989258, -403.577331543, 128.55027771, 5.96635627747, -16.8810844421, 89.010345459, 13.1158332825, 20.5438423157, -76.2357406616, 75.5791091919, -71.4909515381, 189.063598633, -54.6254196167], [-627.083190918, 337.403320312, -66.9356613159, 0.438334047794, 21.7917366028, -70.5981063843, -0.23634006083, -5.17620038986, 56.3675003052, -88.1110839844, 78.3338470459, -54.6254196167, 162.724639893]],
        "icov": [[0.000246158364462, 0.000256292551057, 4.69645383419e-05, -0.000251916411798, -8.81990636117e-05, -0.000164698663866, -0.000187128898688, -0.000170062296093, 0.000243555987254, 3.81184072467e-05, -0.0002244230418, -0.000117502378998, 0.000376729905838], [0.000256292551057, 0.00307477009483, -0.00123390858062, 0.000267977069598, -0.002199429553, 0.0021615664009, -0.00140816310886, 0.00141816050746, -0.00130663847085, 0.00123148760758, -0.0031242617406, 0.00272675300948, -0.00108186434954], [4.69645383419e-05, -0.00123390858062, 0.00249069137499, -0.000905784661882, 7.21204705769e-05, -0.00121107173618, 0.00139854499139, -0.0018113165861, 0.0015002891887, -0.000546373426914, 0.0009786299197, -0.00226476998068, 0.00112883618567], [-0.000251916411798, 0.000267977069598, -0.000905784661882, 0.00300505640917, -0.000250082171988, -0.000359677535016, -0.000212834114791, 0.00135995191522, -0.00206837919541, 0.00049806991592, 0.000296595826512, 0.000802075024694, -0.000874078657944], [-8.81990636117e-05, -0.002199429553, 7.21204705769e-05, -0.000250082171988, 0.00498752947897, -0.00129971851129, -9.28441149881e-05, -0.000510826881509, 0.000404325925047, -0.00243101362139, 0.00185545824934, -0.00142596079968, 0.000174430359039], [-0.000164698663866, 0.0021615664009, -0.00121107173618, -0.000359677535016, -0.00129971851129, 0.00623435620219, -0.00168033933733, -0.000243468559347, -0.000514948216733, 0.000877419661265, -0.0028293649666, 0.00140587287024, -0.000257723382674], [-0.000187128898688, -0.00140816310886, 0.00139854499139, -0.000212834114791, -9.28441149881e-05, -0.00168033933733, 0.00411257660016, -0.000755785149522, 0.000454978377093, 0.000343051855452, 0.00113315042108, -0.00200505298562, 0.000849431671668], [-0.000170062296093, 0.00141816050746, -0.0018113165861, 0.00135995191522, -0.000510826881509, -0.000243468559347, -0.000755785149522, 0.00905587431043, -0.00193193077575, -0.00100498367101, -0.000196793014766, 0.00262272101827, -0.0029946451541], [0.000243555987254, -0.00130663847085, 0.0015002891887, -0.00206837919541, 0.000404325925047, -0.000514948216733, 0.000454978377093, -0.00193193077575, 0.00780708435923, -0.000847047602292, 6.97784053045e-05, -0.000444331817562, 0.000586436712183], [3.81184072467e-05, 0.00123148760758, -0.000546373426914, 0.00049806991592, -0.00243101362139, 0.000877419661265, 0.000343051855452, -0.00100498367101, -0.000847047602292, 0.00993793923408, -0.00144090224057, -0.00141363975126, 0.0039357515052], [-0.0002244230418, -0.0031242617406, 0.0009786299197, 0.000296595826512, 0.00185545824934, -0.0028293649666, 0.00113315042108, -0.000196793014766, 6.97784053045e-05, -0.00144090224057, 0.00990542024374, -0.00119591876864, -0.00143987161573], [-0.000117502378998, 0.00272675300948, -0.00226476998068, 0.000802075024694, -0.00142596079968, 0.00140587287024, -0.00200505298562, 0.00262272101827, -0.000444331817562, -0.00141363975126, -0.00119591876864, 0.0113379415125, -0.00238874391653], [0.000376729905838, -0.00108186434954, 0.00112883618567, -0.000874078657944, 0.000174430359039, -0.000257723382674, 0.000849431671668, -0.0029946451541, 0.000586436712183, 0.0039357515052, -0.00143987161573, -0.00238874391653, 0.0118970554322]]
    },
    "melbands": {
        "dmean": [0.000475539942272, 0.000292931013973, 0.000145222948049, 9.23165862332e-05, 5.36059378646e-05, 5.75504782319e-05, 6.40171929263e-05, 7.44262652006e-05, 0.000145348982187, 0.000148348233779, 0.000188772770343, 0.000354672170943, 0.000205961783649, 0.000124391328427, 6.50769943604e-05, 4.74570770166e-05, 5.10503559781e-05, 5.59027503186e-05, 2.50010634772e-05, 1.16662395158e-05, 6.04534398008e-06, 4.30728323408e-06, 3.45337412e-06, 4.47101547252e-06, 3.34487890541e-06, 2.81029451799e-06, 1.56162320764e-06, 1.41640896345e-06, 8.33953492929e-07, 7.12446876605e-07, 5.1059555517e-07, 4.95883057283e-07, 5.57785313049e-07, 5.89788896832e-07, 5.26297526449e-07, 4.20780310151e-07, 3.12167429684e-07, 2.41615708774e-07, 2.07619208936e-07, 2.08046813555e-07],
        "dmean2": [0.000818906875793, 0.000499066198245, 0.000249708042247, 0.000155195710249, 8.56122860569e-05, 9.42880287766e-05, 0.00010186079453, 0.000116321491078, 0.000218891742406, 0.00023364504159, 0.000282791617792, 0.00052672898164, 0.000310633186018, 0.000201141796424, 0.000106843908725, 7.53588537918e-05, 7.96318636276e-05, 9.23474071897e-05, 3.9599439333e-05, 1.88243739103e-05, 9.9506441984e-06, 7.07675962985e-06, 5.71092459722e-06, 7.37157461117e-06, 5.30018223799e-06, 4.61796798845e-06, 2.52180620919e-06, 2.30871455642e-06, 1.39461963045e-06, 1.18185243991e-06, 8.56493898027e-07, 8.12298708297e-07, 9.13428266358e-07, 9.62192075349e-07, 8.45632939672e-07, 6.69845974244e-07, 4.95214464991e-07, 3.74008095605e-07, 3.17534784244e-07, 3.11867069058e-07],
        "dvar": [1.22515041312e-06, 3.79711025289e-07, 1.54384608209e-07, 7.89364733578e-08, 1.51365124879e-08, 2.3923211856e-08, 1.92135249932e-08, 2.89734636283e-08, 1.21013272292e-07, 1.22847822581e-07, 2.44741158895e-07, 7.7530148701e-07, 3.47012758084e-07, 1.20897482248e-07, 3.1418466051e-08, 1.23830297127e-08, 2.17807620828e-08, 2.88214767608e-08, 8.22430568093e-09, 2.42785880289e-09, 2.93342378166e-10, 7.80056852445e-11, 4.50598690305e-11, 8.54891157864e-11, 3.96298133198e-11, 2.72948712243e-11, 9.65015393983e-12, 8.18739694097e-12, 3.31240438724e-12, 2.11694854355e-12, 1.62863310078e-12, 1.39157121156e-12, 1.7771644616e-12, 1.6809978973e-12, 1.11736368855e-12, 6.83481103745e-13, 4.15367582994e-13, 2.75101881379e-13, 2.09642145223e-13, 2.63186987395e-13],
        "dvar2": [3.48165076502e-06, 1.05297601749e-06, 4.07290599469e-07, 2.10629124808e-07, 3.60317713444e-08, 5.76407117592e-08, 4.59280613541e-08, 7.0128663765e-08, 2.60004753727e-07, 3.06699007524e-07, 5.15861131589e-07, 1.72157785983e-06, 8.23383800252e-07, 3.1927683608e-07, 8.43667180561e-08, 2.88034787133e-08, 4.83721613875e-08, 7.88719916045e-08, 1.92196711879e-08, 6.34757846285e-09, 7.36433025672e-10, 1.9115299621e-10, 1.15150500246e-10, 2.2956822554e-10, 8.70493330196e-11, 7.48848483223e-11, 2.14991340702e-11, 2.0180791066e-11, 8.8202899845e-12, 5.51129888254e-12, 4.4845798082e-12, 3.54824091116e-12, 4.65591931328e-12, 4.58520721391e-12, 2.80599935648e-12, 1.68065409679e-12, 1.0142992132e-12, 6.39391968191e-13, 4.47490785746e-13, 5.54795196329e-13],
        "max": [0.0158947911114, 0.0122228609398, 0.0058681583032, 0.00549696851522, 0.00432270392776, 0.00375236105174, 0.00341095495969, 0.00600333651528, 0.00815704930574, 0.00741867814213, 0.0121748158708, 0.0230683293194, 0.0142852831632, 0.00818420946598, 0.00463647581637, 0.00284744612873, 0.00424631917849, 0.00409502722323, 0.00353709701449, 0.00197530165315, 0.000787975674029, 0.00030014605727, 0.00017777858011, 0.000207587727346, 0.00016293778026, 9.35169373406e-05, 0.000115564507723, 7.44976568967e-05, 4.81535389554e-05, 2.80503190879e-05, 3.61125348718e-05, 2.68963231065e-05, 2.23482838919e-05, 3.27431334881e-05, 1.56812529895e-05, 1.74098586285e-05, 1.41861773955e-05, 1.06524057628e-05, 9.71684767137e-06, 1.51673175424e-05],
        "mean": [0.000636006298009, 0.000465242163045, 0.00018093115068, 0.000128277781187, 0.000101031757367, 9.54430361162e-05, 0.0001088634599, 0.000131644192152, 0.000268077215878, 0.000267578929197, 0.000424425845267, 0.000890684197657, 0.000498282781336, 0.000252933823504, 0.000125832637423, 8.32814912428e-05, 8.97632708075e-05, 0.000121064062114, 4.41980810137e-05, 2.16187017941e-05, 1.19066789921e-05, 8.98782946024e-06, 7.23958692106e-06, 9.50920548348e-06, 7.02594434188e-06, 6.189638043e-06, 3.39049938702e-06, 2.95075619761e-06, 1.57122519795e-06, 1.51872404786e-06, 9.75287434812e-07, 9.6600786037e-07, 1.12386555884e-06, 1.33511389322e-06, 1.11264387215e-06, 9.66851757767e-07, 7.10742028787e-07, 5.21458957792e-07, 4.33318177784e-07, 4.28722671586e-07],
        "median": [0.000199383473955, 0.000243136382778, 7.08290099283e-05, 5.3340994782e-05, 4.1077255446e-05, 3.96310861106e-05, 5.2556511946e-05, 4.24754507549e-05, 5.81531130592e-05, 6.31760194665e-05, 7.62766430853e-05, 9.31398535613e-05, 4.73410473205e-05, 2.70510299742e-05, 2.52217341767e-05, 2.54174938163e-05, 1.84373548109e-05, 1.27210878418e-05, 8.76141166373e-06, 5.24917322764e-06, 5.28506416231e-06, 4.54282144347e-06, 4.14473061028e-06, 4.2145243242e-06, 3.60906597052e-06, 2.83006238533e-06, 1.94528320208e-06, 1.35435141146e-06, 8.61226283178e-07, 5.67867061818e-07, 4.70958070764e-07, 3.84382360608e-07, 3.6791990965e-07, 3.84939255582e-07, 3.97601468194e-07, 3.12793929425e-07, 2.17108819811e-07, 1.56345848268e-07, 1.2818870232e-07, 8.69954135396e-08],
        "min": [8.18073450061e-24, 1.62569370427e-23, 1.45205973923e-23, 2.48270718243e-24, 3.90252290269e-24, 5.43250127343e-24, 5.52763434872e-24, 6.90118712398e-24, 9.51085732759e-24, 1.09182680129e-23, 1.36723873257e-23, 4.83217733569e-24, 7.30346910918e-24, 9.31127946287e-24, 1.39320582476e-23, 2.46825032027e-23, 1.30170482285e-23, 1.03238786758e-23, 1.86652378784e-23, 1.15121690451e-23, 1.55825177667e-23, 1.15856885149e-23, 5.51826662547e-24, 5.62572013039e-24, 9.1786033138e-24, 1.02693076449e-23, 9.47404040028e-24, 7.98869814614e-24, 1.08067475356e-23, 1.36293770514e-23, 8.75850253848e-24, 1.47591015984e-23, 1.89497042763e-23, 8.87601283664e-24, 1.07348617967e-23, 1.06439313779e-23, 8.02445326667e-24, 8.8062254678e-24, 8.8750914471e-24, 1.19351436407e-23],
        "var": [1.60518936809e-06, 5.1969004744e-07, 1.6256284141e-07, 8.10275579965e-08, 3.52418538796e-08, 4.20536814261e-08, 3.30882414801e-08, 7.29835107904e-08, 3.88183792666e-07, 3.36365388875e-07, 1.16675812478e-06, 4.07345214626e-06, 1.75833622507e-06, 3.53218581495e-07, 7.75854900326e-08, 2.72203806162e-08, 5.17877758455e-08, 1.09929111147e-07, 1.64521800627e-08, 8.73963390546e-09, 5.63741886506e-10, 1.81613793448e-10, 1.20683379956e-10, 2.73335437617e-10, 1.22615445575e-10, 8.41284472641e-11, 2.83835316361e-11, 2.7597849353e-11, 5.40825674175e-12, 5.84979243864e-12, 2.41317100851e-12, 2.58392786334e-12, 3.81965986618e-12, 6.45252167669e-12, 2.93974697016e-12, 2.50264631067e-12, 1.28518549969e-12, 8.61836481087e-13, 6.42991410983e-13, 7.94158142026e-13]
    },
    "mfcc": {
        "mean": [-685.459228516, 134.597229004, -18.0471801758, -8.25704860687, -2.06518816948, 1.76456487179, 6.81920146942, 12.0777769089, -0.854048550129, 8.12113285065, 1.35416924953, -1.55712902546, -0.0153651442379],
        "cov": [[8923.19238281, -2368.45166016, -190.91645813, 129.8072052, -461.260070801, 607.119934082, 459.639648438, 445.532043457, -77.709602356, 207.420349121, 103.656242371, -56.3170547485, -95.8029556274], [-2368.45166016, 1530.46472168, 69.8075942993, 78.552772522, 259.845184326, -161.921951294, -21.8648738861, -97.2687301636, -32.1059989929, -11.4158992767, 36.0752868652, 64.3239593506, 78.4884796143], [-190.91645813, 69.8075942993, 601.106018066, 105.864768982, 194.96484375, 39.1657867432, 18.3238182068, 2.10139250755, 15.6557531357, -47.1704559326, 10.5901632309, 31.6418838501, 18.5592155457], [129.8072052, 78.552772522, 105.864768982, 357.488952637, 112.51109314, 77.7993240356, 4.82679271698, 31.1636791229, 25.012172699, 35.0117874146, -5.77662181854, 30.4439811707, 23.4542179108], [-461.260070801, 259.845184326, 194.96484375, 112.51109314, 357.614440918, 3.81957125664, -47.3147697449, -43.4650001526, 9.93622779846, 6.39053678513, -10.0415887833, 36.0380897522, 44.1314582825], [607.119934082, -161.921951294, 39.1657867432, 77.7993240356, 3.81957125664, 277.695404053, 100.158180237, 77.5681228638, 27.390745163, 20.2724456787, 36.8223266602, 26.6895866394, 17.7040958405], [459.639648438, -21.8648738861, 18.3238182068, 4.82679271698, -47.3147697449, 100.158180237, 227.783569336, 71.3598632812, -1.26023364067, 15.823841095, 28.7350139618, -12.0370883942, 4.12987518311], [445.532043457, -97.2687301636, 2.10139250755, 31.1636791229, -43.4650001526, 77.5681228638, 71.3598632812, 161.180374146, 35.8163833618, 39.0431365967, -6.39046478271, -3.56736826897, -1.90041339397], [-77.709602356, -32.1059989929, 15.6557531357, 25.012172699, 9.93622779846, 27.390745163, -1.26023364067, 35.8163833618, 147.050476074, 15.8728055954, 11.0365695953, 4.75726079941, -12.7521915436], [207.420349121, -11.4158992767, -47.1704559326, 35.0117874146, 6.39053678513, 20.2724456787, 15.823841095, 39.0431365967, 15.8728055954, 127.4295578, 20.1906013489, 16.8594589233, -5.19521474838], [103.656242371, 36.0752868652, 10.5901632309, -5.77662181854, -10.0415887833, 36.8223266602, 28.7350139618, -6.39046478271, 11.0365695953, 20.1906013489, 126.655075073, 38.4554252625, 14.7086763382], [-56.3170547485, 64.3239593506, 31.6418838501, 30.4439811707, 36.0380897522, 26.6895866394, -12.0370883942, -3.56736826897, 4.75726079941, 16.8594589233, 38.4554252625, 114.00479126, 31.0480709076], [-95.8029556274, 78.4884796143, 18.5592155457, 23.4542179108, 44.1314582825, 17.7040958405, 4.12987518311, -1.90041339397, -12.7521915436, -5.19521474838, 14.7086763382, 31.0480709076, 98.7027282715]],
