{
"lowlevel": {
    "average_loudness": 0.460269391537,
    "barkbands_crest": {
        "dmean": 2.57312393188,
        "dmean2": 4.24866056442,
        "dvar": 5.35262012482,
        "dvar2": 13.722492218,
        "max": 25.7414894104,
        "mean": 10.434138298,
        "median": 9.76277542114,
        "min": 2.68139338493,
        "var": 15.5552692413
    },
    "barkbands_flatness_db": {
        "dmean": 0.0216788370162,
        "dmean2": 0.0332255400717,
        "dvar": 0.00044617097592,
        "dvar2": 0.00101282459218,
        "max": 0.491015315056,
        "mean": 0.179187402129,
        "median": 0.16714912653,
        "min": 0.0228021368384,
        "var": 0.00450485292822
    },
    "barkbands_kurtosis": {
        "dmean": 2.69658279419,
        "dmean2": 4.43018388748,
        "dvar": 30.9958820343,
        "dvar2": 78.2586975098,
        "max": 169.64994812,
        "mean": 4.57946920395,
        "median": 2.02308320999,
        "min": -1.84747064114,
        "var": 79.7701416016
    },
    "barkbands_skewness": {
        "dmean": 0.492892086506,
        "dmean2": 0.78524017334,
        "dvar": 0.29270452261,
        "dvar2": 0.709939658642,
        "max": 11.2561988831,
        "mean": 1.30554234982,
        "median": 1.13306260109,
        "min": -2.71436500549,
        "var": 1.58187389374
    },
    "barkbands_spread": {
        "dmean": 3.73643326759,
        "dmean2": 5.81154108047,
        "dvar": 41.9521903992,
        "dvar2": 85.4287109375,
        "max": 103.101593018,
        "mean": 15.3909349442,
        "median": 13.2087230682,
        "min": 0.401483297348,
        "var": 128.592422485
    },
    "dissonance": {
        "dmean": 0.0278168618679,
        "dmean2": 0.0473761670291,
        "dvar": 0.000741380790714,
        "dvar2": 0.00207235617563,
        "max": 0.499999552965,
        "mean": 0.444990813732,
        "median": 0.455996006727,
        "min": 0.199101790786,
        "var": 0.00186642329209
    },
    "dynamic_complexity": 4.51488304138,
    "erbbands_crest": {
        "dmean": 2.76094150543,
        "dmean2": 4.4040760994,
        "dvar": 6.60719585419,
        "dvar2": 16.0246448517,
        "max": 31.7939395905,
        "mean": 11.5601902008,
        "median": 10.4843835831,
        "min": 2.54968190193,
        "var": 28.6032142639
    },
    "erbbands_flatness_db": {
        "dmean": 0.0183234941214,
        "dmean2": 0.0258495751768,
        "dvar": 0.000331312650815,
        "dvar2": 0.000588503666222,
        "max": 0.42458102107,
        "mean": 0.207579001784,
        "median": 0.204760074615,
        "min": 0.0322279185057,
        "var": 0.00367079395801
    },
    "erbbands_kurtosis": {
        "dmean": 1.1905144453,
        "dmean2": 1.85442972183,
        "dvar": 2.54198026657,
        "dvar2": 6.09594774246,
        "max": 41.3368301392,
        "mean": 2.00865674019,
        "median": 0.821021556854,
        "min": -1.82809829712,
        "var": 12.4614171982
    },
    "erbbands_skewness": {
        "dmean": 0.357798159122,
        "dmean2": 0.557522475719,
        "dvar": 0.111807443202,
        "dvar2": 0.267417311668,
        "max": 5.17610311508,
        "mean": 0.60995900631,
        "median": 0.583734452724,
        "min": -3.63554167747,
        "var": 0.634364128113
    },
    "erbbands_spread": {
        "dmean": 5.40077352524,
        "dmean2": 8.0726852417,
        "dvar": 65.3228302002,
        "dvar2": 136.956115723,
        "max": 141.146362305,
        "mean": 24.7740783691,
        "median": 20.9257831573,
        "min": 2.27338910103,
        "var": 270.711761475
    },
    "hfc": {
        "dmean": 4.50840759277,
        "dmean2": 6.79316616058,
        "dvar": 46.8969841003,
        "dvar2": 108.420188904,
        "max": 257.486297607,
        "mean": 19.517824173,
        "median": 15.3959598541,
        "min": 1.19306033224e-16,
        "var": 365.232696533
    },
    "melbands_crest": {
        "dmean": 3.50499868393,
        "dmean2": 5.91016340256,
        "dvar": 10.5996236801,
        "dvar2": 31.3101558685,
        "max": 36.1237182617,
        "mean": 14.299785614,
        "median": 13.345916748,
        "min": 1.00242304802,
        "var": 29.5741558075
    },
    "melbands_flatness_db": {
        "dmean": 0.0248742271215,
        "dmean2": 0.0382747612894,
        "dvar": 0.000655181764159,
        "dvar2": 0.00142929633148,
        "max": 0.652807414532,
        "mean": 0.24254770577,
        "median": 0.222601652145,
        "min": -1.2080109002e-07,
        "var": 0.00743670202792
    },
    "melbands_kurtosis": {
        "dmean": 4.96666717529,
        "dmean2": 8.14031887054,
        "dvar": 109.959129333,
        "dvar2": 290.23828125,
        "max": 292.808959961,
        "mean": 9.2473115921,
        "median": 4.14503574371,
        "min": -1.86895513535,
        "var": 295.572692871
    },
    "melbands_skewness": {
        "dmean": 0.607778906822,
        "dmean2": 0.965578913689,
        "dvar": 0.491484284401,
        "dvar2": 1.21040916443,
        "max": 14.3431034088,
        "mean": 1.86258125305,
        "median": 1.64136373997,
        "min": -2.11513543129,
        "var": 2.63895797729
    },
    "melbands_spread": {
        "dmean": 4.64153575897,
        "dmean2": 7.31154489517,
        "dvar": 61.3280410767,
        "dvar2": 143.314758301,
        "max": 267.296783447,
        "mean": 18.7250728607,
        "median": 16.6459274292,
        "min": 0.43425616622,
        "var": 173.827545166
    },
    "pitch_salience": {
        "dmean": 0.0692926645279,
        "dmean2": 0.115029290318,
        "dvar": 0.00393173890188,
        "dvar2": 0.0104730734602,
        "max": 0.997742056847,
        "mean": 0.559126675129,
        "median": 0.561406850815,
        "min": 0.104218065739,
        "var": 0.0137357730418
    },
    "silence_rate_20dB": {
        "dmean": 0,
        "dmean2": 0,
        "dvar": 0,
        "dvar2": 0,
        "max": 1,
        "mean": 1,
        "median": 1,
        "min": 1,
        "var": 0
    },
    "silence_rate_30dB": {
        "dmean": 0.00579710165039,
        "dmean2": 0.0115956030786,
        "dvar": 0.00576354004443,
        "dvar2": 0.0136352423579,
        "max": 1,
        "mean": 0.994082868099,
        "median": 1,
        "min": 0,
        "var": 0.00588209042326
    },
    "silence_rate_60dB": {
        "dmean": 0.0171497575939,
        "dmean2": 0.0343036614358,
        "dvar": 0.0168556943536,
        "dvar2": 0.0379625409842,
        "max": 1,
        "mean": 0.114961959422,
        "median": 0,
        "min": 0,
        "var": 0.101768434048
    },
    "spectral_centroid": {
        "dmean": 152.295074463,
        "dmean2": 233.837097168,
        "dvar": 60940.59375,
        "dvar2": 122891.53125,
        "max": 11039.0361328,
        "mean": 1036.32751465,
        "median": 1023.52111816,
        "min": 152.555770874,
        "var": 241730.6875
    },
    "spectral_complexity": {
        "dmean": 2.24879217148,
        "dmean2": 3.6369125843,
        "dvar": 5.55949640274,
        "dvar2": 12.7126893997,
        "max": 49,
        "mean": 14.9393796921,
        "median": 14,
        "min": 0,
        "var": 63.4392738342
    },
    "spectral_decrease": {
        "dmean": 2.13981743435e-09,
        "dmean2": 3.54894647003e-09,
        "dvar": 1.0155171476e-17,
        "dvar2": 2.79650773037e-17,
        "max": -3.53338450205e-29,
        "mean": -6.80503609019e-09,
        "median": -5.57637580556e-09,
        "min": -4.52221975422e-08,
        "var": 3.45024047987e-17
    },
    "spectral_energy": {
        "dmean": 0.00837876740843,
        "dmean2": 0.0138372015208,
        "dvar": 0.000152247099322,
        "dvar2": 0.000417186354753,
        "max": 0.186202585697,
        "mean": 0.0274541433901,
        "median": 0.0226966366172,
        "min": 1.09547737125e-20,
        "var": 0.000554146943614
    },
    "spectral_energyband_high": {
        "dmean": 0.00014113416546,
        "dmean2": 0.000209013873246,
        "dvar": 2.49979848377e-07,
        "dvar2": 5.0116005923e-07,
        "max": 0.0191869270056,
        "mean": 0.000317400117638,
        "median": 0.000145283222082,
        "min": 7.92816185642e-21,
        "var": 5.15455496952e-07
    },
    "spectral_energyband_low": {
        "dmean": 0.00500587141141,
        "dmean2": 0.00886149890721,
        "dvar": 0.000107555380964,
        "dvar2": 0.000309321243549,
        "max": 0.104424133897,
        "mean": 0.00817117653787,
        "median": 0.00369493849576,
        "min": 7.42812380502e-23,
        "var": 0.00016577115457
    },
    "spectral_energyband_middle_high": {
        "dmean": 0.00217745266855,
        "dmean2": 0.00323377898894,
        "dvar": 1.35974269142e-05,
        "dvar2": 3.30862894771e-05,
        "max": 0.0918421372771,
        "mean": 0.00811233744025,
        "median": 0.00391439348459,
        "min": 1.73527507943e-21,
        "var": 9.89941763692e-05
    },
    "spectral_energyband_middle_low": {
        "dmean": 0.00395820662379,
        "dmean2": 0.00621626107022,
        "dvar": 4.13694688177e-05,
        "dvar2": 0.000106776860775,
        "max": 0.145674720407,
        "mean": 0.0112017812207,
        "median": 0.00745146488771,
        "min": 3.25699034044e-22,
        "var": 0.000142674325616
    },
    "spectral_entropy": {
        "dmean": 0.15426684916,
        "dmean2": 0.222638309002,
        "dvar": 0.0274183619767,
        "dvar2": 0.0487662553787,
        "max": 9.79999065399,
        "mean": 7.18976068497,
        "median": 7.23919773102,
        "min": 5.12714099884,
        "var": 0.266214072704
    },
    "spectral_flux": {
        "dmean": 0.0247166380286,
        "dmean2": 0.0397897362709,
        "dvar": 0.000751839368604,
        "dvar2": 0.00168376846705,
        "max": 0.348860561848,
        "mean": 0.082222931087,
        "median": 0.0733667314053,
        "min": 1.04665054401e-10,
        "var": 0.00284117995761
    },
    "spectral_kurtosis": {
        "dmean": 3.69268894196,
        "dmean2": 6.15754318237,
        "dvar": 61.6502914429,
        "dvar2": 166.228469849,
        "max": 229.545547485,
        "mean": 9.7415304184,
        "median": 6.39694881439,
        "min": -1.19416868687,
        "var": 253.752319336
    },
    "spectral_rms": {
        "dmean": 0.000713287910912,
        "dmean2": 0.0011483989656,
        "dvar": 7.15353962732e-07,
        "dvar2": 1.79376593223e-06,
        "max": 0.013478170149,
        "mean": 0.00465009268373,
        "median": 0.0047056414187,
        "min": 3.26918700444e-12,
        "var": 5.16122827321e-06
    },
    "spectral_rolloff": {
        "dmean": 291.995758057,
        "dmean2": 497.07144165,
        "dvar": 636459.875,
        "dvar2": 1384306,
        "max": 18755.4199219,
        "mean": 1157.70812988,
        "median": 1012.06054688,
        "min": 64.599609375,
        "var": 1087565.25
    },
    "spectral_skewness": {
        "dmean": 0.337871700525,
        "dmean2": 0.546915888786,
        "dvar": 0.220139980316,
        "dvar2": 0.61391544342,
        "max": 12.2556838989,
        "mean": 2.15522789955,
        "median": 1.97649753094,
        "min": -0.187633052468,
        "var": 0.931617856026
    },
    "spectral_spread": {
        "dmean": 488279.9375,
        "dmean2": 687063.875,
        "dvar": 597669380096,
        "dvar2": 923080851456,
        "max": 40715588,
        "mean": 3731991.25,
        "median": 3546075,
        "min": 314329.71875,
        "var": 2.53472591053e+12
    },
    "spectral_strongpeak": {
        "dmean": 0.708499908447,
        "dmean2": 1.17974078655,
        "dvar": 1.21625459194,
        "dvar2": 3.14700484276,
        "max": 12.0767784119,
        "mean": 1.52633631229,
        "median": 0.610028862953,
        "min": 0,
        "var": 3.59491157532
    },
    "zerocrossingrate": {
        "dmean": 0.00685905432329,
        "dmean2": 0.00826787110418,
        "dvar": 0.000157600283273,
        "dvar2": 0.000194376945728,
        "max": 0.6630859375,
        "mean": 0.0467117875814,
        "median": 0.044921875,
        "min": 0.00244140625,
        "var": 0.000793851970229
    },
    "barkbands": {
        "dmean": [0.00081242894521, 0.00357272895053, 0.00167782127392, 0.000600475352257, 0.00102369359229, 0.00103322218638, 0.000411988788983, 0.00117340660654, 0.00171101780143, 0.00110499851871, 0.000561332097277, 0.000623188097961, 0.000574265432078, 0.000523370923474, 0.000331847375492, 0.000252170138992, 0.00016925908858, 6.96792412782e-05, 5.94059165451e-05, 5.70949487155e-05, 3.30588700308e-05, 3.47619534296e-05, 2.96526995953e-05, 3.03007418552e-05, 2.45370829361e-05, 1.3331739865e-05, 6.3674303874e-07],
        "dmean2": [0.00136116787326, 0.00612651929259, 0.00300325197168, 0.00108196365181, 0.00165931798983, 0.00161508494057, 0.000641031074338, 0.00183328660205, 0.00265330821276, 0.0017112941714, 0.000863552093506, 0.000960358011071, 0.000888129812665, 0.000815119070467, 0.000523575406987, 0.00038044390385, 0.000268594856607, 0.000114219197712, 9.45333304117e-05, 9.0203488071e-05, 5.24031202076e-05, 5.37391715625e-05, 4.56985399069e-05, 4.5433815103e-05, 3.76568932552e-05, 1.95698776224e-05, 9.62665126281e-07],
        "dvar": [4.00057979277e-06, 6.47256601951e-05, 2.21421505557e-05, 3.49671813638e-06, 4.26893211625e-06, 4.77326284454e-06, 1.34124888973e-06, 7.46836167309e-06, 2.02149913093e-05, 1.14408230729e-05, 2.19059211304e-06, 2.31044919019e-06, 1.93832420337e-06, 1.99906617127e-06, 7.34222567189e-07, 6.17334876551e-07, 1.37839336389e-07, 2.52908876064e-08, 1.37625253416e-08, 1.97981098182e-08, 8.52343262636e-09, 1.17676881572e-08, 1.61956279499e-08, 2.81624235043e-08, 1.1771161823e-08, 2.39771136279e-09, 2.32201237405e-11],
        "dvar2": [1.06930929178e-05, 0.000186791978194, 6.33318195469e-05, 1.01546120277e-05, 1.04480059235e-05, 1.12281149995e-05, 2.79352047983e-06, 1.73644802999e-05, 5.14970743097e-05, 2.89433264697e-05, 4.61352874481e-06, 4.98102690472e-06, 4.20387050326e-06, 4.43289991381e-06, 1.68536428191e-06, 1.2475903759e-06, 3.23003206404e-07, 6.47527116371e-08, 3.44270247865e-08, 4.79510759988e-08, 2.00307290754e-08, 2.68372541967e-08, 3.76445541406e-08, 4.82633950583e-08, 2.56971492973e-08, 5.20458032227e-09, 4.83876931578e-11],
        "max": [0.0264351963997, 0.0980620756745, 0.0629868805408, 0.0326466597617, 0.0398672670126, 0.0357209816575, 0.0470540337265, 0.0515052303672, 0.118205696344, 0.0850187391043, 0.0343099758029, 0.0399843789637, 0.0313189961016, 0.0352635271847, 0.0244882367551, 0.0210127849132, 0.00964009296149, 0.00493550533429, 0.00313168717548, 0.0062371538952, 0.0024056029506, 0.00325725390576, 0.00337814423256, 0.0108438041061, 0.00544795766473, 0.0012479070574, 0.000295122415992],
        "mean": [0.00107974407729, 0.00493385735899, 0.00203053676523, 0.000636009324808, 0.00199216231704, 0.00196455395781, 0.00076222338248, 0.00205577490851, 0.00323761301115, 0.00219788262621, 0.00100292172283, 0.00123327283654, 0.00112543976866, 0.00105039414484, 0.00060129846679, 0.000578699284233, 0.000317278347211, 0.00013341869635, 0.000126243394334, 0.000113589208922, 6.11514697084e-05, 6.40277285129e-05, 4.45420264441e-05, 5.09392921231e-05, 4.112910392e-05, 1.88106514543e-05, 6.18823776222e-07],
        "median": [6.29444912192e-05, 0.00163925997913, 0.000775260559749, 0.000234482431551, 0.00108990364242, 0.000643974752165, 0.000247162417509, 0.000437786104158, 0.000633089395706, 0.000276892096736, 0.000215776191908, 0.000279086147202, 0.000227468364756, 0.00016398668231, 0.000133007211844, 0.000102093988971, 0.000120085504022, 4.76954628539e-05, 4.3834115786e-05, 3.94285852963e-05, 2.53716043517e-05, 2.34840790654e-05, 1.14207796287e-05, 1.32931554617e-05, 1.1636673662e-05, 2.89007721221e-06, 1.52155488209e-09],
        "min": [1.35017498094e-24, 1.46033836111e-23, 3.3889142633e-23, 4.48946862722e-23, 4.70998333368e-23, 9.0400455756e-23, 4.09960536371e-23, 3.58505348334e-23, 4.80093426288e-23, 1.09583596596e-22, 8.68339272511e-23, 9.62228235273e-23, 2.17827644266e-22, 1.15629792605e-22, 1.30299853895e-22, 1.86231808637e-22, 1.96677248411e-22, 2.36144338153e-22, 1.94035435281e-22, 2.74231123259e-22, 4.08399273354e-22, 4.95423985037e-22, 8.99253368235e-22, 7.96889666457e-22, 1.18273488904e-21, 1.8954795269e-21, 2.31296259038e-21],
        "var": [6.5837175498e-06, 8.96031997399e-05, 1.72626441781e-05, 2.35024617723e-06, 8.2232963905e-06, 1.19863179862e-05, 3.90307104681e-06, 1.93011110241e-05, 5.2209077694e-05, 3.7046851503e-05, 5.9634671743e-06, 7.06527634975e-06, 6.42925351713e-06, 8.249646271e-06, 2.15137856685e-06, 2.81651296064e-06, 3.46736925394e-07, 5.3492350105e-08, 4.42299032954e-08, 4.11104501552e-08, 1.36782949411e-08, 1.85030764044e-08, 2.0786899313e-08, 6.35246877323e-08, 1.95597831265e-08, 3.53898688132e-09, 2.95404672945e-11]
    },
    "erbbands": {
        "dmean": [0.160910725594, 0.666619360447, 1.66852247715, 2.05778026581, 2.09280538559, 3.91062641144, 8.82530593872, 7.50955820084, 5.4025554657, 8.73394203186, 31.9826049805, 37.1269187927, 33.1468963623, 31.702457428, 20.795003891, 24.8395938873, 22.0231075287, 29.0605888367, 15.0669927597, 15.4334793091, 10.5482959747, 7.16128778458, 4.10212755203, 2.10861968994, 3.59797716141, 2.40510725975, 1.23969852924, 1.41269719601, 1.32917249203, 0.926643550396, 0.818965315819, 0.716171145439, 0.477218896151, 0.303013682365, 0.167472839355, 0.0720202699304, 0.0225728545338, 0.00333614600822, 0.000102543162939, 1.16694127428e-05],
        "dmean2": [0.28712746501, 1.1261357069, 2.94896364212, 3.74154663086, 3.58426499367, 6.34150934219, 14.0432510376, 11.5930089951, 8.38484573364, 13.4889545441, 49.4192657471, 57.0926933289, 50.9477767944, 48.7091789246, 30.8811702728, 37.9225234985, 33.3998184204, 44.2759094238, 23.8075199127, 22.8008022308, 15.6796398163, 11.3333959579, 6.63513326645, 3.43982934952, 5.5719165802, 3.78966856003, 1.96930277348, 2.20780205727, 2.07472014427, 1.42689299583, 1.26150774956, 1.10554885864, 0.716853737831, 0.467594116926, 0.256641507149, 0.10848646611, 0.0332499444485, 0.00482389330864, 0.000148592502228, 1.86354973266e-05],
        "dvar": [0.139215931296, 2.50732159615, 21.3881340027, 39.4877624512, 23.4696769714, 82.6751403809, 397.820281982, 343.622283936, 191.692718506, 636.404541016, 5122.32226562, 8953.39648438, 13169.1113281, 8662.92285156, 2701.07421875, 3832.63305664, 2833.99438477, 5828.70898438, 1280.23657227, 2142.62597656, 1028.32250977, 196.249343872, 87.4159088135, 23.3022537231, 53.8758850098, 33.7531929016, 12.1020021439, 15.6553535461, 15.4724693298, 13.863527298, 12.790186882, 10.8768768311, 9.58335781097, 2.39247298241, 0.410965114832, 0.0746401026845, 0.00637131370604, 0.000229133991525, 4.32526547911e-07, 5.43648959184e-10],
        "dvar2": [0.441317617893, 6.6715836525, 60.1574134827, 114.419158936, 66.0695419312, 203.310150146, 934.674621582, 777.293518066, 379.798614502, 1422.84765625, 12036.546875, 22008.2890625, 35134.6289062, 21394.4433594, 5559.73925781, 8146.34423828, 5822.46972656, 12877.046875, 3056.04663086, 4444.19873047, 1996.19555664, 461.338928223, 221.912414551, 63.2241439819, 126.229057312, 81.5455856323, 28.2534217834, 37.016494751, 35.8871383667, 32.0096817017, 29.534734726, 22.6320800781, 15.5667581558, 5.11482906342, 0.890680551529, 0.170160964131, 0.0134689342231, 0.00040344777517, 7.49510149944e-07, 1.14654519212e-09],
        "max": [4.060795784, 21.1810264587, 68.9370880127, 97.1569366455, 95.8495559692, 230.77822876, 361.149017334, 399.449493408, 381.23727417, 949.073364258, 1407.48962402, 2508.40844727, 2956.49267578, 3424.80102539, 1523.22814941, 1405.26000977, 1482.59204102, 2071.71679688, 917.645019531, 1306.73522949, 1302.75244141, 280.399932861, 313.805053711, 173.481948853, 232.477615356, 219.55418396, 102.727386475, 79.7687911987, 110.267456055, 99.643081665, 82.2821731567, 172.111572266, 234.659317017, 89.0213470459, 24.5264091492, 8.22721862793, 1.81690621376, 0.824193835258, 0.0400993004441, 0.00129761197604],
        "mean": [0.196661904454, 0.919134318829, 2.18786430359, 2.38021445274, 3.31284117699, 7.09241533279, 16.339220047, 13.7540807724, 10.4880933762, 16.3204498291, 58.523525238, 71.0021972656, 67.2599639893, 70.1044845581, 47.1731185913, 51.3931694031, 51.043510437, 67.3273925781, 31.2919425964, 33.7314414978, 27.0247535706, 15.9942092896, 8.92938995361, 4.81637477875, 7.9972743988, 5.22942447662, 2.452075243, 2.62183761597, 2.47953915596, 1.5250813961, 1.23528003693, 1.18328297138, 0.746863365173, 0.491905242205, 0.271994918585, 0.105679370463, 0.0301259625703, 0.00420113373548, 0.000133371038828, 3.65881533071e-05],
        "median": [0.0546646937728, 0.318001300097, 0.949750959873, 0.993213534355, 1.83914113045, 3.57668590546, 5.46612071991, 4.19185400009, 4.33013439178, 5.82497310638, 14.8571815491, 17.0849246979, 11.5229434967, 12.9979152679, 14.407283783, 14.205997467, 13.0653505325, 11.6690921783, 9.48069667816, 6.42579936981, 5.91242694855, 6.64681863785, 4.0875916481, 1.87423634529, 2.96966910362, 1.87390530109, 0.957776248455, 1.04309654236, 0.919051170349, 0.457456052303, 0.331810921431, 0.324290245771, 0.154873386025, 0.109358794987, 0.0747395977378, 0.0234260018915, 0.00270638801157, 0.000132946181111, 2.35166826315e-05, 2.98122413369e-05],
        "min": [6.13048068498e-22, 3.37557988868e-21, 3.12961684496e-20, 1.06193143309e-19, 8.36078426381e-20, 2.58385115473e-19, 5.86597819729e-19, 5.73328446836e-19, 7.0876955277e-19, 2.42172065275e-19, 1.15900794099e-18, 1.08784735065e-18, 2.21083395411e-18, 5.21254315009e-18, 3.1861270456e-18, 4.59186569592e-18, 9.56611713669e-18, 7.15251908736e-18, 6.22209971692e-18, 6.22387443292e-18, 1.08997688578e-17, 1.06200469803e-17, 1.19169966976e-17, 1.10414607608e-17, 1.31236761947e-17, 1.40807249906e-17, 1.67482302648e-17, 1.5498006326e-17, 1.73674493996e-17, 1.9934510132e-17, 2.39310630401e-17, 1.72136335103e-17, 1.48136235569e-17, 1.16272427737e-17, 8.71342544686e-18, 6.68619394909e-18, 3.39847568258e-18, 1.45077925506e-18, 2.98220556961e-19, 3.60902584796e-20],
        "var": [0.161348000169, 3.28212094307, 17.9527988434, 27.2484378815, 25.5577087402, 141.391906738, 980.556152344, 810.022033691, 510.457366943, 1784.77709961, 13012.6953125, 23280.3203125, 38558.484375, 32478.7128906, 9728.51367188, 11444.4355469, 11953.6591797, 28922.8691406, 3339.36547852, 8329.75292969, 5255.82666016, 664.318115234, 202.352554321, 64.166847229, 170.709762573, 88.5941162109, 21.8325920105, 25.1279754639, 25.216884613, 19.0804710388, 16.2961101532, 18.8777198792, 21.69780159, 4.28441858292, 0.680113017559, 0.0983029976487, 0.0100519442931, 0.000401939061703, 6.89164721734e-07, 1.54307522315e-09]
    },
    "gfcc": {
        "mean": [-45.6657028198, 120.606704712, -131.330764771, 13.2695016861, -56.8658676147, 16.4178733826, -33.8768615723, 6.78402280807, -21.2541007996, -0.626814961433, -14.7799243927, -3.90166115761, -4.88213205338],
        "cov": [[10916.9804688, -3133.06958008, -152.375, 617.366577148, -594.551147461, 1137.36401367, -300.866149902, 867.627197266, -156.888839722, 764.351501465, -155.280914307, 430.21081543, -176.063690186], [-3133.06958008, 2766.40063477, 305.387512207, 91.9124908447, 779.096801758, -554.860839844, 390.738098145, -328.016906738, 316.109466553, -305.588775635, 266.564575195, -190.946151733, 157.98425293], [-152.375, 305.387512207, 1311.47351074, 307.289428711, 255.507278442, 27.0832672119, -208.076629639, 63.888671875, -14.570189476, 121.683486938, -90.4105453491, 151.406860352, -50.4237709045], [617.366577148, 91.9124908447, 307.289428711, 699.332397461, 129.324966431, 78.8803939819, -8.19550895691, 52.0937614441, 141.20010376, 54.951915741, 62.8215751648, 26.8890132904, 84.0826568604], [-594.551147461, 779.096801758, 255.507278442, 129.324966431, 637.284729004, -119.782829285, 127.099243164, -35.9384841919, 101.04499054, 13.6397171021, 52.1985282898, 11.3797969818, 52.7775917053], [1137.36401367, -554.860839844, 27.0832672119, 78.8803939819, -119.782829285, 399.1199646, 12.7014455795, 141.483383179, -47.1031684875, 99.4731216431, 2.08207702637, 39.6459579468, -21.7233715057], [-300.866149902, 390.738098145, -208.076629639, -8.19550895691, 127.099243164, 12.7014455795, 413.858856201, -20.1226196289, 45.4568595886, -50.8305397034, 99.5721130371, -40.4867324829, 1.55564785004], [867.627197266, -328.016906738, 63.888671875, 52.0937614441, -35.9384841919, 141.483383179, -20.1226196289, 255.20942688, 6.56323623657, 85.0459289551, -10.3175668716, 35.1791229248, -7.19478702545], [-156.888839722, 316.109466553, -14.570189476, 141.20010376, 101.04499054, -47.1031684875, 45.4568595886, 6.56323623657, 249.705352783, -25.0906162262, 54.1433067322, -23.3344936371, 71.630859375], [764.351501465, -305.588775635, 121.683486938, 54.951915741, 13.6397171021, 99.4731216431, -50.8305397034, 85.0459289551, -25.0906162262, 187.113510132, -42.9921417236, 66.6143722534, -25.517791748], [-155.280914307, 266.564575195, -90.4105453491, 62.8215751648, 52.1985282898, 2.08207702637, 99.5721130371, -10.3175668716, 54.1433067322, -42.9921417236, 168.313446045, -35.2642822266, 34.7272415161], [430.21081543, -190.946151733, 151.406860352, 26.8890132904, 11.3797969818, 39.6459579468, -40.4867324829, 35.1791229248, -23.3344936371, 66.6143722534, -35.2642822266, 145.903594971, -22.275144577], [-176.063690186, 157.98425293, -50.4237709045, 84.0826568604, 52.7775917053, -21.7233715057, 1.55564785004, -7.19478702545, 71.630859375, -25.517791748, 34.7272415161, -22.275144577, 142.230773926]],
        "icov": [[0.000228657620028, 1.59854207595e-05, 0.000206963537494, -0.000227048643865, 4.66113342554e-05, -0.000291183590889, 0.000126105020172, -0.000377662596293, 2.50143693847e-05, -0.000443667668151, 2.45056144195e-05, -0.000376553827664, 0.000233484432101], [1.59854207595e-05, 0.00175766344182, -0.000902978586964, 0.000396860064939, -0.0010808679508, 0.00127744115889, -0.00105743168388, 0.000840755354147, -0.000925099302549, 0.000997297349386, -0.00144848355558, 0.00130797119346, -0.000633672869299], [0.000206963537494, -0.000902978586964, 0.00192160031293, -0.000965627434198, -3.28810892825e-05, -0.000983987818472, 0.00131594203413, -0.000918087665923, 0.000685215345584, -0.000820437504444, 0.00113370083272, -0.0018009202322, 0.00126122427173], [-0.000227048643865, 0.000396860064939, -0.000965627434198, 0.00243941880763, -0.000298051745631, 0.000144431614899, -0.000373807677533, 0.000661663711071, -0.00118321087211, 0.00018680858193, -0.00105869653635, 0.000727974518668, -0.0013341930462], [4.66113342554e-05, -0.0010808679508, -3.28810892825e-05, -0.000298051745631, 0.00306070642546, -2.85621536023e-05, -0.000344697124092, -0.000411170709413, 0.000142361532198, -0.00155514979269, 0.000522258807905, -0.000884991546627, -0.000351126247551], [-0.000291183590889, 0.00127744115889, -0.000983987818472, 0.000144431614899, -2.85621536023e-05, 0.00519154546782, -0.00157773972023, -0.000404047837947, 5.9124067775e-05, -7.04546037014e-05, -0.00160877546296, 0.00129757483955, -0.000859668361954], [0.000126105020172, -0.00105743168388, 0.00131594203413, -0.000373807677533, -0.000344697124092, -0.00157773972023, 0.00423450442031, -0.00067278946517, 0.000331196235493, -0.000156588634127, -0.000467054342153, -0.00100577878766, 0.00158637971617], [-0.000377662596293, 0.000840755354147, -0.000918087665923, 0.000661663711071, -0.000411170709413, -0.000404047837947, -0.00067278946517, 0.00644810916856, -0.0012239087373, -0.000404910184443, -0.000809023506008, 0.00112008769065, -0.000776916567702], [2.50143693847e-05, -0.000925099302549, 0.000685215345584, -0.00118321087211, 0.000142361532198, 5.9124067775e-05, 0.000331196235493, -0.0012239087373, 0.00611149845645, -0.000266343296971, 0.000121244796901, -0.000494032807183, -0.00134105805773], [-0.000443667668151, 0.000997297349386, -0.000820437504444, 0.00018680858193, -0.00155514979269, -7.04546037014e-05, -0.000156588634127, -0.000404910184443, -0.000266343296971, 0.00994279328734, 0.000471912499052, -0.000818090396933, 0.000163917939062], [2.45056144195e-05, -0.00144848355558, 0.00113370083272, -0.00105869653635, 0.000522258807905, -0.00160877546296, -0.000467054342153, -0.000809023506008, 0.000121244796901, 0.000471912499052, 0.00936468504369, -0.000441467534984, -0.000140309261042], [-0.000376553827664, 0.00130797119346, -0.0018009202322, 0.000727974518668, -0.000884991546627, 0.00129757483955, -0.00100577878766, 0.00112008769065, -0.000494032807183, -0.000818090396933, -0.000441467534984, 0.0106878289953, -0.000509880133905], [0.000233484432101, -0.000633672869299, 0.00126122427173, -0.0013341930462, -0.000351126247551, -0.000859668361954, 0.00158637971617, -0.000776916567702, -0.00134105805773, 0.000163917939062, -0.000140309261042, -0.000509880133905, 0.00986111909151]]
    },
    "melbands": {
        "dmean": [0.00117533537559, 0.000793413957581, 0.000345106906025, 0.000198135356186, 0.000269767624559, 0.000168900776771, 8.30100470921e-05, 0.000117621028039, 0.000276818143902, 0.000242357229581, 0.000170156548847, 0.000137269496918, 7.54247885197e-05, 7.54083957872e-05, 5.23901362612e-05, 6.05652858212e-05, 5.39167085662e-05, 2.53573452937e-05, 2.35318275372e-05, 2.2384485419e-05, 1.35673317345e-05, 8.92520074558e-06, 6.40314647171e-06, 2.88204478238e-06, 1.76740184088e-06, 2.58642899098e-06, 2.91068477054e-06, 1.46486036101e-06, 8.40953134684e-07, 8.25900883683e-07, 9.0564446964e-07, 8.56495717017e-07, 6.13579970832e-07, 5.47869319689e-07, 5.00264945913e-07, 5.0028768328e-07, 4.48759493565e-07, 3.51367532403e-07, 3.1750860785e-07, 2.60002650521e-07],
        "dmean2": [0.00205612764694, 0.00138993398286, 0.000619897793513, 0.00032920477679, 0.000427575258072, 0.000262860849034, 0.00012949387019, 0.00018140595057, 0.000424624275183, 0.000373991584638, 0.000260936823906, 0.000210465848795, 0.000112476314825, 0.000115085545985, 8.01190399216e-05, 9.05695997062e-05, 8.32151636132e-05, 3.99447599193e-05, 3.60822086805e-05, 3.3173673728e-05, 2.09125628317e-05, 1.42195067383e-05, 1.02257226899e-05, 4.82649056721e-06, 2.9094853744e-06, 4.11068458561e-06, 4.53547318102e-06, 2.35917468672e-06, 1.35573941407e-06, 1.32187528834e-06, 1.42262831559e-06, 1.35240372856e-06, 9.55632458499e-07, 8.63036405008e-07, 7.76873946506e-07, 7.94623531419e-07, 6.82987661094e-07, 5.27085262547e-07, 5.00312012264e-07, 4.04878136351e-07],
        "dvar": [7.10501899448e-06, 3.95628057959e-06, 1.05801734662e-06, 1.76809820118e-07, 3.46227523096e-07, 1.52347354287e-07, 4.76894541634e-08, 9.67201359003e-08, 3.5397218312e-07, 4.23099578484e-07, 3.35186371103e-07, 1.71622147604e-07, 3.72971058482e-08, 3.35106911109e-08, 1.52854529034e-08, 2.18532303364e-08, 2.1724222421e-08, 3.88264220774e-09, 4.77439954238e-09, 5.78193670719e-09, 1.67234792681e-09, 3.93486271344e-10, 1.63969032796e-10, 4.59457194513e-11, 1.87164780202e-11, 2.65477032718e-11, 5.13921266654e-11, 1.19886132272e-11, 5.59726353808e-12, 5.89769335799e-12, 6.03423604487e-12, 5.63822556351e-12, 4.75890377452e-12, 5.10229272027e-12, 4.74929861063e-12, 5.00812108797e-12, 4.33735339311e-12, 5.00769087655e-12, 3.80712128489e-12, 1.48525625392e-12],
        "dvar2": [2.14085866901e-05, 1.06250627141e-05, 3.0495257306e-06, 4.57518837038e-07, 8.17011368781e-07, 3.49121847876e-07, 9.39833739722e-08, 2.16024176325e-07, 8.28434735922e-07, 1.07127834781e-06, 8.90592218639e-07, 4.23293926133e-07, 7.63164180739e-08, 7.33286995569e-08, 3.15086587932e-08, 4.4995267956e-08, 4.8837026867e-08, 8.81182327106e-09, 9.95874849252e-09, 1.22899308508e-08, 3.63039975859e-09, 9.13431941196e-10, 4.1208242374e-10, 1.20187165775e-10, 5.05614855539e-11, 6.49150525001e-11, 1.22374749223e-10, 2.99424998684e-11, 1.37228336333e-11, 1.41346942831e-11, 1.44427568863e-11, 1.3207946889e-11, 1.10582272506e-11, 1.21927589553e-11, 1.11669458402e-11, 1.23308542196e-11, 8.26481157817e-12, 7.65169178019e-12, 8.26551414118e-12, 3.17254013858e-12],
        "max": [0.0274148769677, 0.0297908782959, 0.0167921427637, 0.00965200271457, 0.0101411305368, 0.00784565880895, 0.00750453351066, 0.01035789866, 0.0109604457393, 0.0153360562399, 0.0148019883782, 0.0147553635761, 0.00549060013145, 0.00599409919232, 0.00297217373736, 0.00396848469973, 0.00451476499438, 0.0014824308455, 0.00246375286952, 0.00201474945061, 0.00146177725401, 0.000401771278121, 0.000324872933561, 0.000180998031283, 0.00016409761156, 0.000117181574751, 0.000329260306899, 9.71907866187e-05, 8.02579161245e-05, 5.73118923057e-05, 5.23004200659e-05, 6.85220220475e-05, 5.37488376722e-05, 5.10476347699e-05, 5.11788748554e-05, 9.54838033067e-05, 0.000131170701934, 0.000174591870746, 0.000122976896819, 7.75915541453e-05],
        "mean": [0.00161137175746, 0.00117019773461, 0.000436748960055, 0.000364157021977, 0.000516271102242, 0.000314521836117, 0.000160986674018, 0.000210270474781, 0.000497654895298, 0.00045535209938, 0.00033142263419, 0.000289081013761, 0.000151594053023, 0.000152193242684, 9.8085947684e-05, 0.00013546316768, 0.000116393814096, 4.48437203886e-05, 4.43551543867e-05, 4.52880303783e-05, 2.94326346193e-05, 1.732239798e-05, 1.20754348245e-05, 5.39482971362e-06, 3.42063731296e-06, 5.45041984878e-06, 5.79406878387e-06, 2.84953353002e-06, 1.50346988903e-06, 1.37180995807e-06, 1.57071281137e-06, 1.52041764068e-06, 1.01666410046e-06, 7.99581130195e-07, 6.96077393059e-07, 7.36362096632e-07, 7.09050993919e-07, 5.11478958742e-07, 4.77895127915e-07, 3.99122427552e-07],
        "median": [0.000496574153658, 0.000545395188965, 0.000208966070204, 0.000197917383048, 0.000192132021766, 9.90511180134e-05, 6.30225476925e-05, 6.6095184593e-05, 0.000118815907626, 8.94192708074e-05, 4.39984287368e-05, 4.18472227466e-05, 4.0093640564e-05, 3.60247940989e-05, 2.56405965047e-05, 2.46870931733e-05, 1.69723625731e-05, 1.15182801892e-05, 8.56719543663e-06, 6.8813087637e-06, 6.43021621727e-06, 6.0831821429e-06, 5.22134314451e-06, 1.88835042536e-06, 1.11159238259e-06, 1.77200388407e-06, 1.87796729278e-06, 8.86106192866e-07, 4.88847661018e-07, 4.90554384669e-07, 5.68509392451e-07, 5.12592407631e-07, 2.98453841197e-07, 1.96133811414e-07, 1.59380320497e-07, 1.86286868598e-07, 1.77514465349e-07, 8.79067840742e-08, 7.4796481897e-08, 8.36145233052e-08],
        "min": [4.67805205861e-24, 1.14564620546e-23, 1.76255996692e-23, 1.10839761346e-23, 1.8478549212e-23, 1.43855933147e-23, 1.02318793504e-23, 2.35456875851e-24, 1.01556548766e-23, 6.61664105116e-24, 1.07280002846e-23, 2.07637814357e-23, 1.09683993346e-23, 9.75988572701e-24, 1.96906939463e-23, 1.88514011635e-23, 1.24827653591e-23, 8.70577507557e-24, 9.53213053962e-24, 1.10442049232e-23, 1.24440046785e-23, 1.1452716543e-23, 8.937103014e-24, 1.34405142844e-23, 8.32274524076e-24, 7.16903853346e-24, 1.18558441871e-23, 7.88093974649e-24, 9.97152843041e-24, 9.4687431993e-24, 9.35866949289e-24, 1.02269395034e-23, 8.54580276146e-24, 1.33921997094e-23, 1.3087818518e-23, 1.36380876536e-23, 1.00296154143e-23, 1.12143235663e-23, 8.8171014931e-24, 9.99830868042e-24],
        "var": [9.80431013886e-06, 4.2133910938e-06, 7.59439160447e-07, 3.00634496853e-07, 8.42129963985e-07, 3.69848720538e-07, 1.34759787329e-07, 2.66086942702e-07, 8.82765675669e-07, 1.05770686787e-06, 9.82808160188e-07, 6.30304270999e-07, 1.23090771353e-07, 1.10741787296e-07, 4.50533690355e-08, 9.19020877177e-08, 9.80445449272e-08, 8.99658836317e-09, 1.63230904349e-08, 2.00272634032e-08, 6.50512621547e-09, 1.04622244201e-09, 3.57936597029e-10, 9.58888107805e-11, 4.33648082721e-11, 8.84181339256e-11, 1.06222190766e-10, 2.99299231232e-11, 9.36500529902e-12, 8.77878065381e-12, 9.48613930463e-12, 9.34142867226e-12, 6.77061401735e-12, 6.49690631155e-12, 5.81853662474e-12, 5.67435985352e-12, 8.45947964456e-12, 1.14913868351e-11, 6.80732900604e-12, 2.4998653321e-12]
    },
    "mfcc": {
        "mean": [-683.124389648, 147.973205566, -10.0428276062, 4.09083127975, -0.825656354427, 5.21463632584, -1.02713119984, 3.44341516495, 1.5246475935, 0.992844462395, -1.04162931442, -1.22016811371, -1.95625674725],
        "cov": [[8782.57519531, -1692.18579102, -736.751647949, 38.6970787048, -102.989356995, 152.562210083, 182.944824219, 152.988174438, 178.303833008, 285.041625977, 241.878814697, 313.988952637, 122.975601196], [-1692.18579102, 1535.14660645, 170.654815674, 282.423950195, 182.757232666, 37.4183883667, 36.0657043457, 64.5297698975, 2.62005352974, -48.9759674072, 52.9245910645, 17.3415908813, 39.4466972351], [-736.751647949, 170.654815674, 1002.99328613, 243.246154785, 316.267578125, 70.3967819214, -54.0064659119, -31.2150287628, 25.4187030792, -78.716217041, -9.64932060242, 12.5487890244, 61.8275566101], [38.6970787048, 282.423950195, 243.246154785, 557.777893066, 284.746459961, 86.5068283081, 5.72901678085, 27.9755916595, 61.2109298706, 17.3607730865, 15.2863388062, 50.4949111938, 84.0732955933], [-102.989356995, 182.757232666, 316.267578125, 284.746459961, 514.663635254, 61.0291900635, -45.7574577332, -29.3073787689, 84.2492446899, 24.9951438904, -26.4203453064, 17.3240013123, 74.645904541], [152.562210083, 37.4183883667, 70.3967819214, 86.5068283081, 61.0291900635, 225.143112183, 76.8267822266, 17.2689781189, 22.1306209564, 7.35489177704, 35.9509544373, 36.2231941223, -9.77452278137], [182.944824219, 36.0657043457, -54.0064659119, 5.72901678085, -45.7574577332, 76.8267822266, 275.590118408, 75.5303421021, -4.56270694733, 31.2688140869, 62.1038513184, 33.0048866272, -29.7617931366], [152.988174438, 64.5297698975, -31.2150287628, 27.9755916595, -29.3073787689, 17.2689781189, 75.5303421021, 172.341262817, 10.8680067062, 29.9778881073, 47.7793464661, 38.9220466614, 13.7575378418], [178.303833008, 2.62005352974, 25.4187030792, 61.2109298706, 84.2492446899, 22.1306209564, -4.56270694733, 10.8680067062, 177.695495605, 31.8002071381, 13.7252521515, 10.8223323822, 23.8555717468], [285.041625977, -48.9759674072, -78.716217041, 17.3607730865, 24.9951438904, 7.35489177704, 31.2688140869, 29.9778881073, 31.8002071381, 146.136108398, 22.8520069122, 16.8033981323, 5.73577976227], [241.878814697, 52.9245910645, -9.64932060242, 15.2863388062, -26.4203453064, 35.9509544373, 62.1038513184, 47.7793464661, 13.7252521515, 22.8520069122, 143.073303223, 37.9100379944, -6.05100917816], [313.988952637, 17.3415908813, 12.5487890244, 50.4949111938, 17.3240013123, 36.2231941223, 33.0048866272, 38.9220466614, 10.8223323822, 16.8033981323, 37.9100379944, 121.818077087, 16.6390380859], [122.975601196, 39.4466972351, 61.8275566101, 84.0732955933, 74.645904541, -9.77452278137, -29.7617931366, 13.7575378418, 23.8555717468, 5.73577976227, -6.05100917816, 16.6390380859, 117.962600708]],
