{
"lowlevel": {
    "average_loudness": 0.727554619312,
    "barkbands_crest": {
        "dmean": 2.72049427032,
        "dmean2": 4.46903371811,
        "dvar": 6.45849704742,
        "dvar2": 16.8921871185,
        "max": 26.0434417725,
        "mean": 11.2970056534,
        "median": 10.5625267029,
        "min": 2.48279118538,
        "var": 18.4238777161
    },
    "barkbands_flatness_db": {
        "dmean": 0.0262373536825,
        "dmean2": 0.0388685613871,
        "dvar": 0.000653273891658,
        "dvar2": 0.00134351709858,
        "max": 0.48793426156,
        "mean": 0.176295593381,
        "median": 0.171805053949,
        "min": 0.0198687911034,
        "var": 0.00382978562266
    },
    "barkbands_kurtosis": {
        "dmean": 3.08020949364,
        "dmean2": 4.94886016846,
        "dvar": 45.4819793701,
        "dvar2": 119.526679993,
        "max": 199.608108521,
        "mean": 4.29484462738,
        "median": 1.20367956161,
        "min": -1.94332277775,
        "var": 87.3457717896
    },
    "barkbands_skewness": {
        "dmean": 0.575421273708,
        "dmean2": 0.883011043072,
        "dvar": 0.451190292835,
        "dvar2": 1.01518344879,
        "max": 10.1772890091,
        "mean": 1.36266589165,
        "median": 1.08943974972,
        "min": -4.58796167374,
        "var": 1.96833908558
    },
    "barkbands_spread": {
        "dmean": 5.28753376007,
        "dmean2": 8.20607089996,
        "dvar": 65.0495071411,
        "dvar2": 145.314346313,
        "max": 117.823646545,
        "mean": 19.1702594757,
        "median": 17.0924530029,
        "min": 0.455963373184,
        "var": 177.634063721
    },
    "dissonance": {
        "dmean": 0.0244781896472,
        "dmean2": 0.0409171283245,
        "dvar": 0.000595213554334,
        "dvar2": 0.00161352066789,
        "max": 0.499999850988,
        "mean": 0.451454252005,
        "median": 0.462300419807,
        "min": 0.212153106928,
        "var": 0.00159196392633
    },
    "dynamic_complexity": 4.2353014946,
    "erbbands_crest": {
        "dmean": 2.89900636673,
        "dmean2": 4.61633205414,
        "dvar": 7.32331323624,
        "dvar2": 18.0558300018,
        "max": 31.4121513367,
        "mean": 11.4026107788,
        "median": 10.4892187119,
        "min": 2.44985151291,
        "var": 29.0413856506
    },
    "erbbands_flatness_db": {
        "dmean": 0.0213108621538,
        "dmean2": 0.0291032399982,
        "dvar": 0.000430632382631,
        "dvar2": 0.00073670380516,
        "max": 0.465958684683,
        "mean": 0.201548442245,
        "median": 0.20087634027,
        "min": 0.0246578510851,
        "var": 0.00431535253301
    },
    "erbbands_kurtosis": {
        "dmean": 1.08887159824,
        "dmean2": 1.69071304798,
        "dvar": 2.22372817993,
        "dvar2": 5.38656282425,
        "max": 35.492149353,
        "mean": 1.34673559666,
        "median": 0.422934532166,
        "min": -1.79611754417,
        "var": 7.76187324524
    },
    "erbbands_skewness": {
        "dmean": 0.385660111904,
        "dmean2": 0.584271430969,
        "dvar": 0.135453432798,
        "dvar2": 0.296945422888,
        "max": 4.17312955856,
        "mean": 0.34967315197,
        "median": 0.286504387856,
        "min": -4.38327980042,
        "var": 0.794600605965
    },
    "erbbands_spread": {
        "dmean": 6.31286382675,
        "dmean2": 9.31491470337,
        "dvar": 76.1898040771,
        "dvar2": 158.166442871,
        "max": 154.68800354,
        "mean": 28.3980255127,
        "median": 23.739648819,
        "min": 1.53903496265,
        "var": 355.114624023
    },
    "hfc": {
        "dmean": 5.04288291931,
        "dmean2": 7.41609048843,
        "dvar": 47.5966339111,
        "dvar2": 104.828048706,
        "max": 127.928787231,
        "mean": 20.867307663,
        "median": 16.4692192078,
        "min": 1.16412978958e-16,
        "var": 348.523132324
    },
    "melbands_crest": {
        "dmean": 3.43363237381,
        "dmean2": 5.68987083435,
        "dvar": 11.2295036316,
        "dvar2": 31.1353187561,
        "max": 39.0172157288,
        "mean": 14.896818161,
        "median": 13.9651298523,
        "min": 1.79673492908,
        "var": 30.773141861
    },
    "melbands_flatness_db": {
        "dmean": 0.0282508656383,
        "dmean2": 0.0423231124878,
        "dvar": 0.000887614500243,
        "dvar2": 0.00184168550186,
        "max": 0.606704711914,
        "mean": 0.22605830431,
        "median": 0.222700729966,
        "min": 0.00474911695346,
        "var": 0.00455344934016
    },
    "melbands_kurtosis": {
        "dmean": 6.75786447525,
        "dmean2": 10.7083911896,
        "dvar": 221.540496826,
        "dvar2": 574.43572998,
        "max": 374.293670654,
        "mean": 11.8148345947,
        "median": 4.26755809784,
        "min": -1.80862808228,
        "var": 471.067932129
    },
    "melbands_skewness": {
        "dmean": 0.73625177145,
        "dmean2": 1.11727619171,
        "dvar": 0.79896569252,
        "dvar2": 1.82935917377,
        "max": 16.624288559,
        "mean": 2.25054001808,
        "median": 1.75511443615,
        "min": -1.50202536583,
        "var": 3.76485085487
    },
    "melbands_spread": {
        "dmean": 6.64777517319,
        "dmean2": 10.2567358017,
        "dvar": 139.860549927,
        "dvar2": 288.506072998,
        "max": 226.436630249,
        "mean": 22.6391468048,
        "median": 19.4094009399,
        "min": 0.346006721258,
        "var": 346.246917725
    },
    "pitch_salience": {
        "dmean": 0.0703951045871,
        "dmean2": 0.114482574165,
        "dvar": 0.00452372245491,
        "dvar2": 0.0116833429784,
        "max": 0.93825083971,
        "mean": 0.521251738071,
        "median": 0.509341716766,
        "min": 0.059751894325,
        "var": 0.0161712598056
    },
    "silence_rate_20dB": {
        "dmean": 0,
        "dmean2": 0,
        "dvar": 0,
        "dvar2": 0,
        "max": 1,
        "mean": 1,
        "median": 1,
        "min": 1,
        "var": 0
    },
    "silence_rate_30dB": {
        "dmean": 0.00635647075251,
        "dmean2": 0.012714558281,
        "dvar": 0.00631628651172,
        "dvar2": 0.0161124709994,
        "max": 1,
        "mean": 0.994534134865,
        "median": 1,
        "min": 0,
        "var": 0.00543625885621
    },
    "silence_rate_60dB": {
        "dmean": 0.0297482833266,
        "dmean2": 0.0595041327178,
        "dvar": 0.02886342071,
        "dvar2": 0.0646084100008,
        "max": 1,
        "mean": 0.111224099994,
        "median": 0,
        "min": 0,
        "var": 0.0988625437021
    },
    "spectral_centroid": {
        "dmean": 222.293487549,
        "dmean2": 330.514465332,
        "dvar": 113643.523438,
        "dvar2": 210639.234375,
        "max": 11189.0996094,
        "mean": 1272.9486084,
        "median": 1201.44055176,
        "min": 173.341323853,
        "var": 311024.6875
    },
    "spectral_complexity": {
        "dmean": 2.88380360603,
        "dmean2": 4.5678319931,
        "dvar": 14.0003938675,
        "dvar2": 31.6564369202,
        "max": 55,
        "mean": 14.7432308197,
        "median": 14,
        "min": 0,
        "var": 69.4623184204
    },
    "spectral_decrease": {
        "dmean": 2.14619810812e-09,
        "dmean2": 3.43025674532e-09,
        "dvar": 9.28501800349e-18,
        "dvar2": 2.5322713357e-17,
        "max": 6.00019622314e-29,
        "mean": -7.42813410781e-09,
        "median": -6.2277645263e-09,
        "min": -4.66628051754e-08,
        "var": 3.65999892484e-17
    },
    "spectral_energy": {
        "dmean": 0.00840725563467,
        "dmean2": 0.0133792469278,
        "dvar": 0.000137108276249,
        "dvar2": 0.000371334434021,
        "max": 0.181043058634,
        "mean": 0.0299281869084,
        "median": 0.0253039766103,
        "min": 1.03325359824e-20,
        "var": 0.000581582658924
    },
    "spectral_energyband_high": {
        "dmean": 0.00021290393488,
        "dmean2": 0.000318212987622,
        "dvar": 2.94770444498e-07,
        "dvar2": 6.66538312544e-07,
        "max": 0.00789384543896,
        "mean": 0.000378277181881,
        "median": 0.000150315827341,
        "min": 7.4739556896e-21,
        "var": 4.61719707801e-07
    },
    "spectral_energyband_low": {
        "dmean": 0.00534031866118,
        "dmean2": 0.00902028381824,
        "dvar": 0.000101559926406,
        "dvar2": 0.000288747949526,
        "max": 0.144465759397,
        "mean": 0.0111324405298,
        "median": 0.00733306165785,
        "min": 3.03622401891e-23,
        "var": 0.000198746522074
    },
    "spectral_energyband_middle_high": {
        "dmean": 0.00258995988406,
        "dmean2": 0.0038190910127,
        "dvar": 1.97880199266e-05,
        "dvar2": 4.40716285084e-05,
        "max": 0.0886803939939,
        "mean": 0.0092482753098,
        "median": 0.00406267074868,
        "min": 1.5993465452e-21,
        "var": 0.000151109721628
    },
    "spectral_energyband_middle_low": {
        "dmean": 0.00322034629062,
        "dmean2": 0.00485892174765,
        "dvar": 2.36633877648e-05,
        "dvar2": 5.6389166275e-05,
        "max": 0.086364351213,
        "mean": 0.00937692914158,
        "median": 0.00620784377679,
        "min": 2.14272797213e-22,
        "var": 9.36218930292e-05
    },
    "spectral_entropy": {
        "dmean": 0.178228765726,
        "dmean2": 0.247274786234,
        "dvar": 0.0358934551477,
        "dvar2": 0.0589105188847,
        "max": 9.78493309021,
        "mean": 7.3527803421,
        "median": 7.36364507675,
        "min": 5.34443712234,
        "var": 0.235510006547
    },
    "spectral_flux": {
        "dmean": 0.0248416997492,
        "dmean2": 0.0389414690435,
        "dvar": 0.000624386419076,
        "dvar2": 0.00146904005669,
        "max": 0.323975116014,
        "mean": 0.0842422917485,
        "median": 0.0781927853823,
        "min": 1.01649084983e-10,
        "var": 0.00270135723986
    },
    "spectral_kurtosis": {
        "dmean": 2.26266932487,
        "dmean2": 3.78252434731,
        "dvar": 7.20038080215,
        "dvar2": 20.2865047455,
        "max": 59.8713111877,
        "mean": 6.14407396317,
        "median": 5.3930683136,
        "min": -1.41940200329,
        "var": 15.5473136902
    },
    "spectral_rms": {
        "dmean": 0.00071918865433,
        "dmean2": 0.00110605719965,
        "dvar": 6.41252995592e-07,
        "dvar2": 1.59267426625e-06,
        "max": 0.0132901230827,
        "mean": 0.00488241296262,
        "median": 0.00496858172119,
        "min": 3.17498393028e-12,
        "var": 5.36020161235e-06
    },
    "spectral_rolloff": {
        "dmean": 429.054412842,
        "dmean2": 726.031616211,
        "dvar": 983897.1875,
        "dvar2": 2062251.375,
        "max": 18884.6191406,
        "mean": 1347.53137207,
        "median": 1162.79296875,
        "min": 43.06640625,
        "var": 1839119
    },
    "spectral_skewness": {
        "dmean": 0.267889857292,
        "dmean2": 0.430556833744,
        "dvar": 0.0683432891965,
        "dvar2": 0.170209467411,
        "max": 5.18507146835,
        "mean": 1.78415548801,
        "median": 1.76508462429,
        "min": -0.290204614401,
        "var": 0.257008075714
    },
    "spectral_spread": {
        "dmean": 551421.3125,
        "dmean2": 760137.75,
        "dvar": 725151318016,
        "dvar2": 1.03400066253e+12,
        "max": 40953036,
        "mean": 3897839.5,
        "median": 3551971.75,
        "min": 1170009.25,
        "var": 2.8283657257e+12
    },
    "spectral_strongpeak": {
        "dmean": 0.737421751022,
        "dmean2": 1.24783968925,
        "dvar": 1.52839386463,
        "dvar2": 3.91591453552,
        "max": 11.888507843,
        "mean": 1.46084856987,
        "median": 0.439900040627,
        "min": 0,
        "var": 3.53100943565
    },
    "zerocrossingrate": {
        "dmean": 0.00946164410561,
        "dmean2": 0.0107054347172,
        "dvar": 0.000274595367955,
        "dvar2": 0.000259450287558,
        "max": 0.60986328125,
        "mean": 0.0521143861115,
        "median": 0.046875,
        "min": 0.0029296875,
        "var": 0.00130603916477
    },
    "barkbands": {
        "dmean": [0.00184073369019, 0.00394341116771, 0.00114865938667, 0.000427514314651, 0.000709201616701, 0.000383399281418, 0.000609249342233, 0.000704723177478, 0.00164333940484, 0.00146378343925, 0.000649693422019, 0.000486114877276, 0.000518421584275, 0.000563143752515, 0.000536807056051, 0.00027534776018, 0.000205214470043, 0.000126940169139, 8.66303525981e-05, 7.13283734513e-05, 5.41646440979e-05, 4.21982076659e-05, 3.7930552935e-05, 3.20905965054e-05, 3.18311358569e-05, 1.58758994075e-05, 7.94079710431e-07],
        "dmean2": [0.00320840300992, 0.00673619657755, 0.00189214653801, 0.000718099763617, 0.00114750722423, 0.000601022737101, 0.000918052857742, 0.00106598832645, 0.00249864556827, 0.00227325758897, 0.00101799762342, 0.000756888533942, 0.000786463322584, 0.000848897034302, 0.000819835287984, 0.000411487970268, 0.000321584899211, 0.00019979357603, 0.000139165786095, 0.000114119524369, 8.76935737324e-05, 6.51354785077e-05, 5.8514327975e-05, 4.78759102407e-05, 4.58847207483e-05, 2.40329191001e-05, 1.31009994675e-06],
        "dvar": [2.39747405431e-05, 6.19734855718e-05, 7.27925407773e-06, 8.26939242415e-07, 1.72046793523e-06, 1.21230198147e-06, 2.77927142633e-06, 4.66786332254e-06, 1.43557635965e-05, 1.54498939082e-05, 4.41508154836e-06, 2.41764109887e-06, 1.6393179294e-06, 1.90414766621e-06, 1.60333934218e-06, 4.63838830456e-07, 1.86594689922e-07, 6.0668796209e-08, 3.10712522378e-08, 2.70349751474e-08, 2.38799486851e-08, 9.09615849309e-09, 1.27306174491e-08, 1.04576773907e-08, 1.22034577998e-08, 1.90343740769e-09, 9.00412123334e-12],
        "dvar2": [6.77306306898e-05, 0.000177952533704, 1.8762628315e-05, 2.18554191633e-06, 4.26969018008e-06, 2.72015472547e-06, 6.30022668702e-06, 9.78416301223e-06, 3.42870043823e-05, 3.65597225027e-05, 1.03734410004e-05, 6.15435874352e-06, 3.6074095533e-06, 3.95605775338e-06, 3.4683521335e-06, 9.0493551852e-07, 4.40548660663e-07, 1.35831484727e-07, 7.85054439234e-08, 6.74089903896e-08, 6.17650570689e-08, 2.08805470692e-08, 2.87754282624e-08, 2.07279384767e-08, 2.30671428625e-08, 4.11900513697e-09, 2.12045051656e-11],
        "max": [0.132185027003, 0.116115227342, 0.0504122450948, 0.0196047909558, 0.0321851670742, 0.0413052253425, 0.0381238684058, 0.0597005449235, 0.0779975950718, 0.0800457075238, 0.0521651878953, 0.0472764372826, 0.0266454350203, 0.0295985005796, 0.0252458620816, 0.0185194592923, 0.0117306699976, 0.00529749831185, 0.00302866450511, 0.00319998688065, 0.00301915011369, 0.00199990486726, 0.00198772898875, 0.00233445316553, 0.00290027190931, 0.00092731002951, 7.38413000363e-05],
        "mean": [0.00190129701514, 0.00713475560769, 0.00218889117241, 0.000789059791714, 0.00141770474147, 0.000688300468028, 0.00118202052545, 0.00143632793333, 0.00321364286356, 0.00293767848052, 0.00131309835706, 0.000947930268012, 0.000937335949857, 0.00104470807128, 0.00102479406632, 0.0005343046505, 0.000397449708544, 0.000242444308242, 0.000154369437951, 0.000118458476209, 8.44369787956e-05, 7.66602024669e-05, 5.24758761458e-05, 4.54596702184e-05, 4.54098590126e-05, 1.84336295206e-05, 7.28194493149e-07],
        "median": [7.96825770522e-05, 0.00442960252985, 0.00069372181315, 0.000288229901344, 0.000836750143208, 0.000270740914857, 0.000225512048928, 0.000157277230755, 0.000366726831999, 0.000376144278562, 0.000107520827441, 0.000155346497195, 0.000154164430569, 0.000179957773071, 0.0002637085272, 0.000184076212463, 0.000192059218534, 0.000113948219223, 6.94186383043e-05, 4.41321099061e-05, 3.23066669807e-05, 3.14507124131e-05, 1.51148788063e-05, 1.11663784992e-05, 1.06967527245e-05, 1.29477837163e-06, 2.08669970192e-09],
        "min": [1.77196460886e-23, 9.59808641104e-24, 9.15174102226e-24, 9.24071348832e-24, 4.3292689634e-23, 4.96801026944e-23, 3.21665007634e-23, 4.52658484835e-23, 1.96904793762e-23, 9.61747093229e-23, 4.32692162889e-23, 1.51230315329e-22, 4.5699463235e-23, 1.994486493e-22, 9.88250800161e-23, 2.32238580526e-22, 1.22771760588e-22, 1.63512223291e-22, 3.38111539507e-22, 2.80218312472e-22, 3.06400997191e-22, 5.17230978222e-22, 5.09808567032e-22, 9.53110782879e-22, 1.33676183618e-21, 1.55124405388e-21, 2.50672298457e-21],
        "var": [2.60144734057e-05, 9.38759549172e-05, 1.3362034224e-05, 1.76508035565e-06, 3.69517624677e-06, 2.48776677836e-06, 7.98834753368e-06, 2.00198865059e-05, 4.25903599535e-05, 5.22626723978e-05, 1.8108779841e-05, 8.87778696779e-06, 4.62949083158e-06, 6.10633242104e-06, 4.90440334033e-06, 1.48423453084e-06, 4.02669712685e-07, 1.35921808919e-07, 5.67134641472e-08, 4.30670930029e-08, 2.67564654877e-08, 1.61690199008e-08, 1.7841330191e-08, 1.75094641008e-08, 2.06662722491e-08, 2.7571918082e-09, 1.07482512474e-11]
    },
    "erbbands": {
        "dmean": [0.163846194744, 0.790587902069, 1.34766793251, 1.36263000965, 1.34116637707, 3.02756857872, 3.60658597946, 3.03116559982, 7.24096775055, 10.4446992874, 17.9336948395, 38.0009460449, 42.3459472656, 38.9694824219, 24.857093811, 16.4711532593, 22.0295715332, 24.3169021606, 29.9765338898, 18.095413208, 13.3658914566, 10.1730470657, 7.2904753685, 4.25598907471, 4.32440042496, 3.19523715973, 2.36723518372, 2.07262587547, 1.59399008751, 1.43505930901, 0.984867930412, 0.690355479717, 0.55712044239, 0.392627805471, 0.214173093438, 0.0810967758298, 0.0272166561335, 0.00446468451992, 0.000124495127238, 1.21792172649e-05],
        "dmean2": [0.289316743612, 1.32207858562, 2.23981308937, 2.21364998817, 2.21746850014, 4.91497135162, 5.63723278046, 4.76181936264, 10.9739084244, 15.4795837402, 26.5466461182, 57.5871276855, 64.7870330811, 58.8183021545, 37.9128761292, 25.1662025452, 32.3877220154, 35.5371131897, 45.2810668945, 26.9526996613, 19.3549060822, 15.5345983505, 11.2499103546, 6.67587947845, 6.9022860527, 5.15417766571, 3.81897091866, 3.4083032608, 2.51138782501, 2.17269945145, 1.50504112244, 1.03173351288, 0.835146546364, 0.578610479832, 0.314560592175, 0.121972255409, 0.0411382950842, 0.0068817823194, 0.000192016508663, 1.92390507436e-05],
        "dvar": [0.127300351858, 2.65145921707, 9.10619449615, 8.2486743927, 7.2832069397, 35.7243461609, 85.6362228394, 75.8775253296, 534.479980469, 881.683105469, 2348.8112793, 8292.78710938, 13724.1611328, 11306.9941406, 5216.70458984, 2185.35327148, 3070.4206543, 3813.30078125, 5222.03857422, 1843.63378906, 1169.92272949, 441.982635498, 182.629318237, 69.9692993164, 82.4573669434, 50.8430633545, 45.2608833313, 39.5293769836, 15.0874862671, 15.2655525208, 8.0185918808, 4.33290863037, 3.37848639488, 1.80579054356, 0.620266079903, 0.0555058568716, 0.0058943554759, 0.000165030287462, 1.74573401068e-07, 3.21214360666e-10],
        "dvar2": [0.382179439068, 7.38629722595, 23.6476707458, 20.4275131226, 19.4572734833, 87.8085021973, 200.460784912, 169.818984985, 1262.85205078, 1891.04833984, 4950.82763672, 19489.4882812, 34296.2460938, 25095.8417969, 12280.7578125, 5341.51757812, 6553.86181641, 7550.48779297, 11907.5927734, 3805.11889648, 2155.60058594, 1017.68035889, 387.42489624, 165.756011963, 203.117706299, 129.820175171, 116.233177185, 104.692466736, 37.5816802979, 33.3526153564, 17.5269012451, 8.59332942963, 6.83049726486, 3.59676003456, 1.18821394444, 0.115546517074, 0.0131738791242, 0.000366977532394, 3.70704213992e-07, 7.79252440353e-10],
        "max": [5.25927209854, 25.988451004, 58.6222496033, 50.4557495117, 52.4397544861, 177.633300781, 377.413360596, 279.593231201, 815.520385742, 885.624633789, 1409.72595215, 2195.57177734, 2636.38354492, 2917.52001953, 2332.18896484, 1613.34716797, 1410.52709961, 1440.75036621, 1625.55285645, 1150.60107422, 1173.80078125, 602.912719727, 301.319122314, 184.104644775, 213.310623169, 118.155761719, 148.388870239, 107.954307556, 83.3525390625, 69.7188491821, 65.9763031006, 47.2833366394, 39.367767334, 29.2031040192, 22.8128528595, 5.11677122116, 1.66210746765, 0.285754859447, 0.0100512430072, 0.00036251207348],
        "mean": [0.226295992732, 1.50990593433, 2.69751667976, 2.94343590736, 2.52050852776, 5.46689367294, 6.80323886871, 5.56325292587, 13.6059713364, 22.9016990662, 36.6124649048, 73.2861175537, 81.4566421509, 85.4083480835, 55.5158958435, 35.6350364685, 44.5388832092, 48.1022377014, 63.9992446899, 36.6855926514, 30.1955471039, 22.5226860046, 15.3173952103, 8.57820415497, 7.93184280396, 5.60910224915, 3.81204938889, 3.16792273521, 2.73389935493, 2.24652576447, 1.41506516933, 0.986538589001, 0.760593950748, 0.560943424702, 0.289229929447, 0.0992572754622, 0.0303726885468, 0.00464282138273, 0.000147314480273, 3.98512675019e-05],
        "median": [0.097533300519, 0.902069270611, 1.24672031403, 1.14514994621, 1.43586647511, 2.88410043716, 2.9177043438, 2.26450681686, 3.24249720573, 4.4801158905, 7.83171892166, 11.2763595581, 13.1704893112, 13.2580738068, 8.84750652313, 7.70763397217, 8.52246761322, 9.85487747192, 16.6879711151, 12.4815635681, 11.6306352615, 11.06092453, 8.03738212585, 4.49872255325, 3.54948282242, 2.2023203373, 1.40844500065, 1.24502968788, 1.09140241146, 0.755156636238, 0.413581520319, 0.251881092787, 0.176811814308, 0.135313898325, 0.0558567009866, 0.0104256095365, 0.00145794544369, 9.40052632359e-05, 2.41182369791e-05, 3.33011230396e-05],
        "min": [2.24830431941e-22, 2.56419648712e-21, 9.8603992218e-21, 2.7103493655e-20, 9.30826472553e-20, 1.83197564343e-19, 3.78637039861e-19, 2.31890546303e-19, 3.07075137677e-19, 6.12515869862e-19, 1.09008787274e-18, 5.96439821452e-19, 2.44027421049e-18, 2.01119846276e-18, 3.35432988047e-18, 5.16415597939e-18, 2.56071026011e-18, 6.92106278503e-18, 7.84920947674e-18, 7.93764252885e-18, 1.18518735952e-17, 7.07831271461e-18, 9.65196938528e-18, 1.13273079107e-17, 1.73104020615e-17, 1.33541899247e-17, 1.16559178168e-17, 1.31719165408e-17, 1.8872416843e-17, 1.61213001524e-17, 1.71752589473e-17, 1.52722389583e-17, 1.67880970616e-17, 1.04532418739e-17, 1.19804133264e-17, 6.04259077065e-18, 3.14432464617e-18, 7.56825747829e-19, 3.3916395518e-19, 4.40554778659e-20],
        "var": [0.152164235711, 4.07811021805, 16.146686554, 19.1946678162, 11.8669643402, 67.7151184082, 173.897262573, 170.491989136, 1188.48522949, 3585.56103516, 8515.34472656, 25258.2832031, 31307.3535156, 49950.3007812, 24249.3222656, 8497.5234375, 9672.890625, 11619.9580078, 19718.7363281, 4791.26171875, 4840.44335938, 1231.66345215, 484.748382568, 162.39263916, 148.425369263, 88.3453369141, 55.1206474304, 39.8384017944, 22.2770690918, 23.0644302368, 12.3623495102, 7.36167764664, 5.42586278915, 2.91599988937, 0.992762029171, 0.0839978829026, 0.00804605986923, 0.00022349577921, 2.65110060127e-07, 1.08193953796e-09]
    },
    "gfcc": {
        "mean": [-36.0707054138, 103.459724426, -142.597946167, 23.506603241, -54.5602760315, 18.2223682404, -34.0568275452, 11.6437149048, -14.9611234665, -2.75822710991, -15.7861909866, -5.04874515533, -2.80897688866],
        "cov": [[7613.57910156, -742.907836914, 860.108947754, 485.421081543, 393.147003174, 829.972839355, 177.872924805, 538.010986328, -37.8562850952, 426.889923096, -127.89263916, 311.118560791, -78.4173583984], [-742.907836914, 2184.0065918, 140.961257935, 564.517700195, 578.440002441, -130.670501709, 392.096069336, -151.716049194, 369.871520996, -190.330169678, 303.783569336, -234.587249756, 152.902862549], [860.108947754, 140.961257935, 1637.80383301, 831.397399902, 485.17175293, 195.717590332, -98.2117233276, 109.914764404, -59.0739326477, 217.613876343, -79.3241424561, 200.43397522, -89.9242172241], [485.421081543, 564.517700195, 831.397399902, 982.947570801, 464.963653564, 107.345397949, 75.8065719604, 24.9239616394, 128.350387573, 65.1718292236, 72.3766784668, 52.8113250732, 63.406955719], [393.147003174, 578.440002441, 485.17175293, 464.963653564, 628.680847168, 120.066993713, 206.740631104, 34.4487380981, 64.4197387695, 81.7514724731, 45.5018806458, 55.1937675476, 18.840763092], [829.972839355, -130.670501709, 195.717590332, 107.345397949, 120.066993713, 417.758544922, 162.248260498, 86.259223938, -40.0711555481, 81.3090896606, 30.7445964813, 48.1546592712, 0.24838039279], [177.872924805, 392.096069336, -98.2117233276, 75.8065719604, 206.740631104, 162.248260498, 435.919036865, 10.5670108795, 89.7281265259, -18.4680461884, 108.310264587, -15.6993522644, 35.9928398132], [538.010986328, -151.716049194, 109.914764404, 24.9239616394, 34.4487380981, 86.259223938, 10.5670108795, 219.575698853, 32.2585487366, 67.3675765991, -19.7654685974, 29.2432136536, -12.9875154495], [-37.8562850952, 369.871520996, -59.0739326477, 128.350387573, 64.4197387695, -40.0711555481, 89.7281265259, 32.2585487366, 287.747558594, -30.5266876221, 72.1518249512, -55.864780426, 52.5990142822], [426.889923096, -190.330169678, 217.613876343, 65.1718292236, 81.7514724731, 81.3090896606, -18.4680461884, 67.3675765991, -30.5266876221, 184.365310669, -21.4155311584, 84.7704696655, -23.9317264557], [-127.89263916, 303.783569336, -79.3241424561, 72.3766784668, 45.5018806458, 30.7445964813, 108.310264587, -19.7654685974, 72.1518249512, -21.4155311584, 176.995330811, -30.0276260376, 40.6781082153], [311.118560791, -234.587249756, 200.43397522, 52.8113250732, 55.1937675476, 48.1546592712, -15.6993522644, 29.2432136536, -55.864780426, 84.7704696655, -30.0276260376, 177.117752075, -10.1255092621], [-78.4173583984, 152.902862549, -89.9242172241, 63.406955719, 18.840763092, 0.24838039279, 35.9928398132, -12.9875154495, 52.5990142822, -23.9317264557, 40.6781082153, -10.1255092621, 130.671127319]],
        "icov": [[0.000206869663089, -1.90582995856e-05, 6.2967526901e-05, -0.000104143749923, 1.15938673844e-05, -0.000335144315613, 2.77379622275e-05, -0.000307907030219, -3.37720375683e-05, -0.000163681819686, 0.00019485190569, -0.000181015420821, 0.000109967542812], [-1.90582995856e-05, 0.0017500234535, -0.000528344826307, 0.000147502243635, -0.00135525944643, 0.000926840759348, -0.000666683656164, 0.000760380877182, -0.000836899620481, 0.000987634412013, -0.00166579766665, 0.0018224894302, -0.000863966881298], [6.2967526901e-05, -0.000528344826307, 0.00205880450085, -0.00152565399185, -8.88070499059e-05, -0.000794233113993, 0.000924722640775, -0.000532997830305, 0.000520791858435, -0.000809002027381, 0.00108657777309, -0.00143817148637, 0.00171227799729], [-0.000104143749923, 0.000147502243635, -0.00152565399185, 0.00300859333947, -0.00113491795491, 0.000144453384564, 0.000158827853738, 0.000570929609239, -0.000944258761592, 0.000613449316006, -0.00106184137985, 0.000573221594095, -0.0017011272721], [1.15938673844e-05, -0.00135525944643, -8.88070499059e-05, -0.00113491795491, 0.00436966074631, -0.000350021116901, -0.00123344431631, -0.000531406374648, 0.00072187371552, -0.00163504481316, 0.00153866189066, -0.00136115972418, 0.00056545867119], [-0.000335144315613, 0.000926840759348, -0.000794233113993, 0.000144453384564, -0.000350021116901, 0.00476936716586, -0.00214948551729, -0.00030527220224, 0.000822556670755, -0.000264039612375, -0.00158773979638, 0.00139937771019, -0.00107594847213], [2.77379622275e-05, -0.000666683656164, 0.000924722640775, 0.000158827853738, -0.00123344431631, -0.00214948551729, 0.00467790849507, -0.000148879553308, -0.000599986582529, 0.000558622763492, -0.000722993980162, -0.00115590915084, 0.000713995832484], [-0.000307907030219, 0.000760380877182, -0.000532997830305, 0.000570929609239, -0.000531406374648, -0.00030527220224, -0.000148879553308, 0.00665323948488, -0.00184315431397, -0.00094066769816, -0.000117637973744, 0.000951919413637, -0.000258849555394], [-3.37720375683e-05, -0.000836899620481, 0.000520791858435, -0.000944258761592, 0.00072187371552, 0.000822556670755, -0.000599986582529, -0.00184315431397, 0.00562000647187, -0.000483477575472, -0.000289423536742, 0.000367391883628, -0.000580169085879], [-0.000163681819686, 0.000987634412013, -0.000809002027381, 0.000613449316006, -0.00163504481316, -0.000264039612375, 0.000558622763492, -0.00094066769816, -0.000483477575472, 0.0093802921474, -0.00139477255289, -0.0017589336494, 9.10522794584e-05], [0.00019485190569, -0.00166579766665, 0.00108657777309, -0.00106184137985, 0.00153866189066, -0.00158773979638, -0.000722993980162, -0.000117637973744, -0.000289423536742, -0.00139477255289, 0.00958460476249, -0.0013488199329, 7.05998390913e-05], [-0.000181015420821, 0.0018224894302, -0.00143817148637, 0.000573221594095, -0.00136115972418, 0.00139937771019, -0.00115590915084, 0.000951919413637, 0.000367391883628, -0.0017589336494, -0.0013488199329, 0.0102239670232, -0.00216034334153], [0.000109967542812, -0.000863966881298, 0.00171227799729, -0.0017011272721, 0.00056545867119, -0.00107594847213, 0.000713995832484, -0.000258849555394, -0.000580169085879, 9.10522794584e-05, 7.05998390913e-05, -0.00216034334153, 0.0104925008491]]
    },
    "melbands": {
        "dmean": [0.00130114762578, 0.000781379116233, 0.000220416390221, 0.000152802051161, 0.000126481550978, 6.87944193487e-05, 0.000114609654702, 0.000123411940876, 0.000166768470081, 0.000247843301622, 0.000219177032704, 0.000173220978468, 9.10559319891e-05, 6.17959231022e-05, 4.72131614515e-05, 4.92849030707e-05, 4.98844965477e-05, 5.39594511793e-05, 3.3815522329e-05, 2.07464781852e-05, 1.65619276231e-05, 1.16151095426e-05, 1.05701037683e-05, 5.41358213013e-06, 3.5754064811e-06, 3.65914388567e-06, 2.85897931462e-06, 2.12826694224e-06, 1.75505817879e-06, 1.22082599319e-06, 1.29776742597e-06, 9.95167511064e-07, 8.22757044716e-07, 8.01506246262e-07, 5.96616359871e-07, 5.0356607062e-07, 4.20191526018e-07, 4.12261925931e-07, 3.7269902009e-07, 3.36001164669e-07],
        "dmean2": [0.00226741074584, 0.00129155081231, 0.000357195793185, 0.000248015421676, 0.000199314687052, 0.000107698528154, 0.00017291844415, 0.000184291857295, 0.000245573552093, 0.000377179676434, 0.000335787946824, 0.000262043817202, 0.000140714822919, 9.55853902269e-05, 6.93778565619e-05, 7.27376027498e-05, 7.39601237001e-05, 8.15192906884e-05, 5.00323694723e-05, 3.10616487695e-05, 2.44990460487e-05, 1.79534381459e-05, 1.64199336723e-05, 8.4644952949e-06, 5.67992310607e-06, 5.96656764174e-06, 4.51323558082e-06, 3.45744069818e-06, 2.87647822006e-06, 1.98054044631e-06, 2.18697937271e-06, 1.60158481322e-06, 1.26852796711e-06, 1.22543599446e-06, 9.24885966924e-07, 7.79728964062e-07, 6.34717821413e-07, 6.22730112809e-07, 5.77573189275e-07, 4.93926961553e-07],
        "dvar": [7.10856647856e-06, 2.54088126894e-06, 1.99252468747e-07, 7.70408092876e-08, 8.39560883037e-08, 4.14997387566e-08, 1.14695801301e-07, 1.275086845e-07, 1.72798650055e-07, 3.4746625488e-07, 3.61364072887e-07, 2.28287120763e-07, 8.08671956065e-08, 4.3124380511e-08, 1.37942581802e-08, 1.52037493706e-08, 1.71529244142e-08, 1.81089685469e-08, 6.69483757321e-09, 2.64952304541e-09, 1.86073279007e-09, 6.59780119427e-10, 4.24148632883e-10, 1.08361486451e-10, 5.4725821097e-11, 6.43343017748e-11, 4.34969629759e-11, 2.44896759122e-11, 2.88429471279e-11, 9.31698555112e-12, 1.81167910535e-11, 6.22182557211e-12, 3.19839185518e-12, 5.41344443231e-12, 2.96017030332e-12, 2.17032902067e-12, 1.90886130687e-12, 1.95146676596e-12, 1.55615201714e-12, 1.3322619917e-12],
        "dvar2": [2.0963829229e-05, 6.61786907585e-06, 4.9185558737e-07, 1.92745019945e-07, 1.94508828599e-07, 9.30365402496e-08, 2.67348070793e-07, 2.84613435042e-07, 3.68575598486e-07, 8.31883539831e-07, 8.95717846561e-07, 5.09104552293e-07, 1.90533526734e-07, 1.10184338098e-07, 2.92961406245e-08, 3.11803134423e-08, 3.40144161726e-08, 4.15065493087e-08, 1.31349162658e-08, 5.37021360714e-09, 3.67498720344e-09, 1.52642365414e-09, 9.00605701126e-10, 2.42742131951e-10, 1.29763227941e-10, 1.67255029271e-10, 1.00607515374e-10, 6.34171604119e-11, 7.61143995054e-11, 2.26393070957e-11, 4.99382341035e-11, 1.59025900087e-11, 7.28722464316e-12, 1.21246675894e-11, 6.64337725456e-12, 4.72859945644e-12, 3.8744276884e-12, 3.99296351192e-12, 3.29494396177e-12, 2.68445877506e-12],
        "max": [0.0383628718555, 0.0269287582487, 0.00837855692953, 0.00653724372387, 0.0103206876665, 0.00779457902536, 0.0106396302581, 0.0100573310629, 0.0124226994812, 0.0119360703975, 0.0135369328782, 0.0130279269069, 0.00837522279471, 0.00660948222503, 0.00252024130896, 0.00294326595031, 0.00275552994572, 0.00304704043083, 0.00231626629829, 0.00124044588301, 0.00151509803254, 0.000618795573246, 0.00055354158394, 0.000199848102056, 0.000163401447935, 0.00016261570272, 0.00019223956042, 9.30352471187e-05, 0.000126100552734, 4.60802257294e-05, 7.37637456041e-05, 5.02248003613e-05, 3.92427464249e-05, 4.33356544818e-05, 4.28942512372e-05, 2.51975652645e-05, 4.53059146821e-05, 3.23015483445e-05, 2.39720502577e-05, 2.57553074334e-05],
        "mean": [0.00214371574111, 0.00168367219158, 0.000483643234475, 0.000285927730147, 0.000249281787546, 0.000123035264551, 0.00021740772354, 0.000277885555988, 0.000318791368045, 0.000468313199235, 0.000409131200286, 0.000363856524928, 0.000194107036805, 0.000125889724586, 8.6993095465e-05, 8.92412135727e-05, 8.79140498e-05, 0.000106950930785, 6.25958637102e-05, 3.67229440599e-05, 3.42996099789e-05, 2.24851191888e-05, 2.00350077648e-05, 1.00897468656e-05, 6.38897972749e-06, 6.32231649433e-06, 4.80903645439e-06, 3.42688485944e-06, 2.55008239947e-06, 1.87415139408e-06, 1.81914072073e-06, 1.59078297202e-06, 1.40265478876e-06, 1.13125020107e-06, 8.26749669613e-07, 6.74459727179e-07, 5.76949844344e-07, 5.43501698758e-07, 4.90670231557e-07, 4.68286117439e-07],
        "median": [0.00123234221246, 0.00107688712887, 0.0002197704016, 0.000156783993589, 0.00011928906315, 4.80525850435e-05, 4.69556944154e-05, 4.60394512629e-05, 5.55826845812e-05, 5.3403822676e-05, 4.84458469145e-05, 4.64566073788e-05, 2.27144064411e-05, 1.80324332177e-05, 1.57231424964e-05, 1.61737498274e-05, 1.40423071571e-05, 2.18754521484e-05, 1.69619961525e-05, 1.22099581858e-05, 1.24280513774e-05, 1.02872854768e-05, 9.08288257051e-06, 4.73460022477e-06, 2.94157052849e-06, 2.66746610578e-06, 1.83244617347e-06, 1.13778003197e-06, 8.28307577194e-07, 6.90329670761e-07, 6.77451453157e-07, 6.03784371833e-07, 5.23768221683e-07, 3.39435416663e-07, 2.38573534261e-07, 1.69359694269e-07, 1.34226155524e-07, 1.14248926764e-07, 1.12548931952e-07, 1.04932375677e-07],
        "min": [3.17729999834e-24, 4.60532342189e-24, 6.41852179026e-24, 9.08444882046e-24, 1.180373598e-23, 6.3928715835e-24, 5.66320798389e-24, 7.46987458397e-24, 7.81602911576e-24, 3.39118996924e-24, 1.31850621906e-23, 9.33012140559e-24, 8.20659020563e-24, 1.66041289265e-23, 9.70705571218e-24, 5.49514708449e-24, 1.43473698484e-23, 1.45619068824e-23, 7.97267401457e-24, 1.50544542767e-23, 1.33546388863e-23, 6.47960644559e-24, 8.9901412881e-24, 7.5844455864e-24, 8.87352713593e-24, 1.36637240553e-23, 1.10208932946e-23, 8.86766826598e-24, 6.21225241291e-24, 8.89817588377e-24, 6.6161156698e-24, 1.11180486149e-23, 1.00141190307e-23, 8.46966190689e-24, 1.13458684888e-23, 7.11735078923e-24, 9.88550551528e-24, 1.04687032828e-23, 1.32287177531e-23, 7.15501337543e-24],
        "var": [9.98309315037e-06, 4.84112206323e-06, 4.61813272068e-07, 1.52287014998e-07, 1.90021822277e-07, 8.84739819185e-08, 2.80849434375e-07, 5.3657350918e-07, 5.21221238614e-07, 9.90236003418e-07, 8.34646755266e-07, 9.71802023741e-07, 3.53369273398e-07, 1.81218908324e-07, 4.00651742893e-08, 4.00358217689e-08, 4.72071519653e-08, 6.49388240959e-08, 1.86031670069e-08, 6.13906170344e-09, 6.97111302017e-09, 1.48648293674e-09, 1.06901121288e-09, 2.52371346043e-10, 1.14322905309e-10, 1.08150995104e-10, 7.54646206635e-11, 4.06193724489e-11, 3.16394861699e-11, 1.21150199248e-11, 1.5864653341e-11, 8.34288280821e-12, 5.8256940938e-12, 7.48269935597e-12, 4.43641217512e-12, 3.15536095516e-12, 3.05898557353e-12, 3.05687029509e-12, 2.26637155223e-12, 2.11604583682e-12]
    },
    "mfcc": {
        "mean": [-671.285217285, 129.068344116, -21.3185806274, 9.94629573822, 4.025141716, 4.00695419312, -3.21024513245, 7.69617271423, 7.15940475464, 2.9847214222, 2.12574744225, -4.64658880234, -2.31346201897],
        "cov": [[6443.8515625, -436.200500488, 199.224716187, 192.606277466, 173.529098511, 453.449035645, 340.911682129, 341.3515625, 290.108856201, 295.309143066, 163.246826172, 97.2070617676, 131.039764404], [-436.200500488, 1361.41967773, 1.0565803051, 384.058380127, 249.32333374, 136.20715332, 127.911949158, 111.423034668, 33.8585662842, 96.6526107788, 129.640228271, 19.5057010651, 74.2604904175], [199.224716187, 1.0565803051, 1051.58227539, 566.766601562, 452.829681396, 237.762283325, 80.9845504761, 37.041557312, 46.7430763245, -2.28510713577, 10.0187149048, 92.4318237305, 65.225440979], [192.606277466, 384.058380127, 566.766601562, 928.008850098, 508.233062744, 252.223129272, 93.9172592163, 71.3135452271, 114.503112793, 41.7952003479, 11.796037674, 100.507316589, 99.4738540649], [173.529098511, 249.32333374, 452.829681396, 508.233062744, 539.302368164, 174.115570068, 70.1664276123, 46.2107200623, 69.8228607178, 47.1634712219, 37.2329483032, 33.4328956604, 67.6695098877], [453.449035645, 136.20715332, 237.762283325, 252.223129272, 174.115570068, 387.978393555, 216.801605225, 99.608039856, 64.0977859497, 49.1328735352, 54.0698547363, 32.5867424011, 40.0309066772], [340.911682129, 127.911949158, 80.9845504761, 93.9172592163, 70.1664276123, 216.801605225, 362.987243652, 105.834396362, 24.5617427826, 51.688495636, 54.3224525452, 12.4239311218, 37.3527450562], [341.3515625, 111.423034668, 37.041557312, 71.3135452271, 46.2107200623, 99.608039856, 105.834396362, 207.73789978, 57.1698646545, 69.8882217407, 47.4350738525, 23.0426902771, 31.0758075714], [290.108856201, 33.8585662842, 46.7430763245, 114.503112793, 69.8228607178, 64.0977859497, 24.5617427826, 57.1698646545, 176.826126099, 59.4924049377, 14.1923122406, 30.9408016205, 23.1146144867], [295.309143066, 96.6526107788, -2.28510713577, 41.7952003479, 47.1634712219, 49.1328735352, 51.688495636, 69.8882217407, 59.4924049377, 173.588256836, 49.7421684265, 19.7943515778, 18.9664363861], [163.246826172, 129.640228271, 10.0187149048, 11.796037674, 37.2329483032, 54.0698547363, 54.3224525452, 47.4350738525, 14.1923122406, 49.7421684265, 141.948242188, 22.7706508636, 30.5257606506], [97.2070617676, 19.5057010651, 92.4318237305, 100.507316589, 33.4328956604, 32.5867424011, 12.4239311218, 23.0426902771, 30.9408016205, 19.7943515778, 22.7706508636, 134.60508728, 43.4228401184], [131.039764404, 74.2604904175, 65.225440979, 99.4738540649, 67.6695098877, 40.0309066772, 37.3527450562, 31.0758075714, 23.1146144867, 18.9664363861, 30.5257606506, 43.4228401184, 113.840293884]],
