{
"lowlevel": {
    "average_loudness": 0.775742292404,
    "barkbands_crest": {
        "dmean": 2.7059044838,
        "dmean2": 4.30524635315,
        "dvar": 5.66234827042,
        "dvar2": 13.5371084213,
        "max": 26.2603359222,
        "mean": 11.7354917526,
        "median": 10.8864574432,
        "min": 2.44462561607,
        "var": 23.5847873688
    },
    "barkbands_flatness_db": {
        "dmean": 0.0276660770178,
        "dmean2": 0.0426142923534,
        "dvar": 0.000709325424396,
        "dvar2": 0.00163783750031,
        "max": 0.610025703907,
        "mean": 0.17724917829,
        "median": 0.158170968294,
        "min": 0.0246203523129,
        "var": 0.00714821740985
    },
    "barkbands_kurtosis": {
        "dmean": 6.01112508774,
        "dmean2": 9.47393131256,
        "dvar": 276.690582275,
        "dvar2": 640.814941406,
        "max": 609.951416016,
        "mean": 9.06450653076,
        "median": 1.52296471596,
        "min": -1.85762310028,
        "var": 585.527038574
    },
    "barkbands_skewness": {
        "dmean": 0.727782964706,
        "dmean2": 1.12754762173,
        "dvar": 0.787868440151,
        "dvar2": 1.82113969326,
        "max": 20.0524482727,
        "mean": 1.72420549393,
        "median": 1.18583965302,
        "min": -1.87052106857,
        "var": 4.41237640381
    },
    "barkbands_spread": {
        "dmean": 4.81492710114,
        "dmean2": 7.62165784836,
        "dvar": 35.7577857971,
        "dvar2": 77.6705627441,
        "max": 105.298736572,
        "mean": 17.9460315704,
        "median": 16.4354400635,
        "min": 0.144300967455,
        "var": 157.161117554
    },
    "dissonance": {
        "dmean": 0.0223439484835,
        "dmean2": 0.038052815944,
        "dvar": 0.000498599023558,
        "dvar2": 0.00134559639264,
        "max": 0.500000059605,
        "mean": 0.463403940201,
        "median": 0.470848619938,
        "min": 0.107875138521,
        "var": 0.000861647829879
    },
    "dynamic_complexity": 4.7322936058,
    "erbbands_crest": {
        "dmean": 2.82241797447,
        "dmean2": 4.55767345428,
        "dvar": 7.7186384201,
        "dvar2": 18.7898635864,
        "max": 30.6485729218,
        "mean": 10.2685174942,
        "median": 9.31501865387,
        "min": 2.2627594471,
        "var": 23.9326705933
    },
    "erbbands_flatness_db": {
        "dmean": 0.0192926824093,
        "dmean2": 0.0275561697781,
        "dvar": 0.000352273666067,
        "dvar2": 0.000642775499728,
        "max": 0.401616245508,
        "mean": 0.184934541583,
        "median": 0.182233124971,
        "min": 0.0422908775508,
        "var": 0.00363141833805
    },
    "erbbands_kurtosis": {
        "dmean": 1.09406065941,
        "dmean2": 1.73766231537,
        "dvar": 2.6195499897,
        "dvar2": 6.52954244614,
        "max": 31.0690727234,
        "mean": 1.38717591763,
        "median": 0.574550151825,
        "min": -1.7427996397,
        "var": 7.28601789474
    },
    "erbbands_skewness": {
        "dmean": 0.357486844063,
        "dmean2": 0.555506110191,
        "dvar": 0.104086235166,
        "dvar2": 0.242214784026,
        "max": 3.61201572418,
        "mean": 0.360531151295,
        "median": 0.334084928036,
        "min": -2.60371947289,
        "var": 0.52160847187
    },
    "erbbands_spread": {
        "dmean": 5.86525678635,
        "dmean2": 8.78371047974,
        "dvar": 55.4279747009,
        "dvar2": 109.047660828,
        "max": 167.821716309,
        "mean": 27.4667263031,
        "median": 23.4397754669,
        "min": 2.61574053764,
        "var": 300.867126465
    },
    "hfc": {
        "dmean": 4.46033620834,
        "dmean2": 6.65109109879,
        "dvar": 38.5967979431,
        "dvar2": 87.9343719482,
        "max": 117.060935974,
        "mean": 19.9146080017,
        "median": 11.8423614502,
        "min": 1.20732992572e-16,
        "var": 417.250335693
    },
    "melbands_crest": {
        "dmean": 4.34964561462,
        "dmean2": 7.35711479187,
        "dvar": 17.2058238983,
        "dvar2": 51.8522148132,
        "max": 37.5905151367,
        "mean": 17.7845363617,
        "median": 16.1777763367,
        "min": 2.01166510582,
        "var": 65.5609130859
    },
    "melbands_flatness_db": {
        "dmean": 0.0315599255264,
        "dmean2": 0.0487898997962,
        "dvar": 0.00099209335167,
        "dvar2": 0.00222496781498,
        "max": 0.784846007824,
        "mean": 0.24785092473,
        "median": 0.219091489911,
        "min": 0.00570966908708,
        "var": 0.0116321984679
    },
    "melbands_kurtosis": {
        "dmean": 11.208026886,
        "dmean2": 17.843875885,
        "dvar": 696.240356445,
        "dvar2": 1835.61584473,
        "max": 582.09954834,
        "mean": 19.1514053345,
        "median": 4.30211257935,
        "min": -1.72329735756,
        "var": 1722.40063477
    },
    "melbands_skewness": {
        "dmean": 0.927878141403,
        "dmean2": 1.44986140728,
        "dvar": 1.31897604465,
        "dvar2": 3.27710533142,
        "max": 19.6162261963,
        "mean": 2.61189293861,
        "median": 1.87077188492,
        "min": -1.28012812138,
        "var": 7.15577125549
    },
    "melbands_spread": {
        "dmean": 5.64327669144,
        "dmean2": 9.05892276764,
        "dvar": 40.1178855896,
        "dvar2": 97.0874328613,
        "max": 136.743667603,
        "mean": 21.1142482758,
        "median": 19.9575271606,
        "min": 0.234606713057,
        "var": 206.427963257
    },
    "pitch_salience": {
        "dmean": 0.0827150791883,
        "dmean2": 0.136503905058,
        "dvar": 0.00561390211806,
        "dvar2": 0.0150868911296,
        "max": 0.88108509779,
        "mean": 0.479335665703,
        "median": 0.484713971615,
        "min": 0.0518413968384,
        "var": 0.0232296139002
    },
    "silence_rate_20dB": {
        "dmean": 0,
        "dmean2": 0,
        "dvar": 0,
        "dvar2": 0,
        "max": 1,
        "mean": 1,
        "median": 1,
        "min": 1,
        "var": 0
    },
    "silence_rate_30dB": {
        "dmean": 0.0267566591501,
        "dmean2": 0.0535197667778,
        "dvar": 0.0260415300727,
        "dvar2": 0.0670510828495,
        "max": 1,
        "mean": 0.972161948681,
        "median": 1,
        "min": 0,
        "var": 0.0270648933947
    },
    "silence_rate_60dB": {
        "dmean": 0.0147041101009,
        "dmean2": 0.0292912255973,
        "dvar": 0.0144864562899,
        "dvar2": 0.0349391847849,
        "max": 1,
        "mean": 0.0642323419452,
        "median": 0,
        "min": 0,
        "var": 0.0601012855768
    },
    "spectral_centroid": {
        "dmean": 178.35458374,
        "dmean2": 272.809753418,
        "dvar": 48297.8203125,
        "dvar2": 89168.4765625,
        "max": 10786.2685547,
        "mean": 1238.42053223,
        "median": 1239.59765625,
        "min": 119.334732056,
        "var": 241355.46875
    },
    "spectral_complexity": {
        "dmean": 2.6315536499,
        "dmean2": 4.18141269684,
        "dvar": 6.29359436035,
        "dvar2": 14.1411361694,
        "max": 45,
        "mean": 15.6805257797,
        "median": 15,
        "min": 0,
        "var": 80.4199371338
    },
    "spectral_decrease": {
        "dmean": 3.35595129464e-09,
        "dmean2": 5.69785596483e-09,
        "dvar": 2.54896979616e-17,
        "dvar2": 8.05220224604e-17,
        "max": 8.0261902652e-29,
        "mean": -8.54182857779e-09,
        "median": -6.54530518673e-09,
        "min": -6.62521557615e-08,
        "var": 6.19190282691e-17
    },
    "spectral_energy": {
        "dmean": 0.0129165807739,
        "dmean2": 0.02186733298,
        "dvar": 0.000368529756088,
        "dvar2": 0.00116157974117,
        "max": 0.254255324602,
        "mean": 0.034045137465,
        "median": 0.0259565003216,
        "min": 1.06479187858e-20,
        "var": 0.000955892668571
    },
    "spectral_energyband_high": {
        "dmean": 0.000128502506413,
        "dmean2": 0.000185399549082,
        "dvar": 5.97271565539e-08,
        "dvar2": 1.17123192922e-07,
        "max": 0.00469854660332,
        "mean": 0.000349196750904,
        "median": 0.000155733810971,
        "min": 7.76235495666e-21,
        "var": 2.54491368423e-07
    },
    "spectral_energyband_low": {
        "dmean": 0.0106950821355,
        "dmean2": 0.0186377111822,
        "dvar": 0.000341080478393,
        "dvar2": 0.00106954341754,
        "max": 0.21436996758,
        "mean": 0.0168714486063,
        "median": 0.00780729390681,
        "min": 8.63303436927e-23,
        "var": 0.000503261573613
    },
    "spectral_energyband_middle_high": {
        "dmean": 0.00259331869893,
        "dmean2": 0.00392001308501,
        "dvar": 1.88409539987e-05,
        "dvar2": 4.38909555669e-05,
        "max": 0.0767988562584,
        "mean": 0.0092605734244,
        "median": 0.00334984972142,
        "min": 1.4402946172e-21,
        "var": 0.000145489146234
    },
    "spectral_energyband_middle_low": {
        "dmean": 0.00254452927038,
        "dmean2": 0.00399427721277,
        "dvar": 1.49041961777e-05,
        "dvar2": 3.59536825272e-05,
        "max": 0.0705541074276,
        "mean": 0.00694416929036,
        "median": 0.00423340778798,
        "min": 3.36987065618e-22,
        "var": 6.32958108326e-05
    },
    "spectral_entropy": {
        "dmean": 0.141835987568,
        "dmean2": 0.205219611526,
        "dvar": 0.0202339049429,
        "dvar2": 0.0364728271961,
        "max": 9.79778289795,
        "mean": 7.46770572662,
        "median": 7.49192428589,
        "min": 5.23061180115,
        "var": 0.179382696748
    },
    "spectral_flux": {
        "dmean": 0.0254583824426,
        "dmean2": 0.0400277338922,
        "dvar": 0.000697923998814,
        "dvar2": 0.00172106618993,
        "max": 0.372050821781,
        "mean": 0.0917814150453,
        "median": 0.0815999209881,
        "min": 1.03188756151e-10,
        "var": 0.00318482448347
    },
    "spectral_kurtosis": {
        "dmean": 2.9806702137,
        "dmean2": 5.04053783417,
        "dvar": 40.1026611328,
        "dvar2": 114.188934326,
        "max": 161.519561768,
        "mean": 7.49317979813,
        "median": 5.72524929047,
        "min": -1.19431948662,
        "var": 77.9830551147
    },
    "spectral_rms": {
        "dmean": 0.000965744024143,
        "dmean2": 0.00158087979071,
        "dvar": 1.17280478662e-06,
        "dvar2": 3.59498085345e-06,
        "max": 0.0157497301698,
        "mean": 0.0051838317886,
        "median": 0.00503223761916,
        "min": 3.22307523552e-12,
        "var": 6.34273874311e-06
    },
    "spectral_rolloff": {
        "dmean": 326.222442627,
        "dmean2": 555.777526855,
        "dvar": 538547.1875,
        "dvar2": 1128555.625,
        "max": 19078.4179688,
        "mean": 1121.02697754,
        "median": 990.52734375,
        "min": 43.06640625,
        "var": 1330898.625
    },
    "spectral_skewness": {
        "dmean": 0.290720283985,
        "dmean2": 0.476677745581,
        "dvar": 0.15564545989,
        "dvar2": 0.437197893858,
        "max": 9.3916683197,
        "mean": 1.86398851871,
        "median": 1.79217600822,
        "min": 0.0235383734107,
        "var": 0.398434132338
    },
    "spectral_spread": {
        "dmean": 455046.1875,
        "dmean2": 622675.375,
        "dvar": 527073935360,
        "dvar2": 636846342144,
        "max": 40613196,
        "mean": 3804560.25,
        "median": 3527076,
        "min": 467138.125,
        "var": 2.89646995046e+12
    },
    "spectral_strongpeak": {
        "dmean": 0.727376639843,
        "dmean2": 1.26244568825,
        "dvar": 1.88932335377,
        "dvar2": 5.23785734177,
        "max": 14.3613739014,
        "mean": 1.28888511658,
        "median": 0.282189130783,
        "min": 0,
        "var": 4.03735494614
    },
    "zerocrossingrate": {
        "dmean": 0.00736382510513,
        "dmean2": 0.00886416435242,
        "dvar": 0.000117586117995,
        "dvar2": 0.000131738648633,
        "max": 0.50390625,
        "mean": 0.0459152087569,
        "median": 0.044921875,
        "min": 0.00146484375,
        "var": 0.00092948944075
    },
    "barkbands": {
        "dmean": [0.00370431831107, 0.00756849907339, 0.00175220367964, 0.000423294113716, 0.00040382402949, 0.000445284880698, 0.000518986664247, 0.0005516349338, 0.00129011517856, 0.00109541381244, 0.000617903075181, 0.00096558482619, 0.000518539629411, 0.000794721243437, 0.00039362476673, 0.000198663183255, 0.000119006654131, 0.000123085628729, 7.66069497331e-05, 5.92829092056e-05, 3.78616605303e-05, 2.19025896513e-05, 2.07160555874e-05, 2.39056807914e-05, 2.09445661312e-05, 1.30381522467e-05, 1.09067195808e-06],
        "dmean2": [0.00669786985964, 0.0129271922633, 0.00297230225988, 0.000736715446692, 0.000687423918862, 0.000716627342626, 0.000835121085402, 0.000881106941961, 0.00204823235981, 0.00171223282814, 0.000993628054857, 0.00151863123756, 0.000813131162431, 0.00123592792079, 0.000622907595243, 0.000298210827168, 0.000188319259905, 0.000193526910152, 0.000121819677588, 9.46403743001e-05, 6.08099944657e-05, 3.40956867149e-05, 3.12590273097e-05, 3.43846477335e-05, 2.97044825857e-05, 1.77759466169e-05, 1.69249904047e-06],
        "dvar": [6.18844351266e-05, 0.000209391117096, 1.20455588331e-05, 8.13035001102e-07, 7.17779585102e-07, 8.84072733243e-07, 1.11210476916e-06, 2.35371135204e-06, 8.80725747265e-06, 5.92643664277e-06, 2.93341759061e-06, 6.23987261861e-06, 2.36607911575e-06, 4.76628520119e-06, 1.12745158276e-06, 2.50534242241e-07, 7.79381323923e-08, 6.60549801523e-08, 2.588130954e-08, 1.30073116722e-08, 5.4438449304e-09, 2.69366084993e-09, 3.1589615368e-09, 5.1573927351e-09, 4.6406101184e-09, 1.1525734811e-09, 1.43933745131e-11],
        "dvar2": [0.0001998997177, 0.000607537163887, 3.15750803566e-05, 2.27086457016e-06, 2.04040952667e-06, 2.20768106374e-06, 2.53063831224e-06, 5.51732364329e-06, 2.07499051612e-05, 1.34691199491e-05, 6.71693669574e-06, 1.55963298312e-05, 5.32145486432e-06, 1.15303400889e-05, 2.65584299086e-06, 4.66807193789e-07, 1.79611959084e-07, 1.65903784932e-07, 6.32513135201e-08, 3.20417328226e-08, 1.32519755169e-08, 6.38779562578e-09, 6.78253586628e-09, 9.44931155544e-09, 8.39983016476e-09, 1.84191883967e-09, 3.20154909528e-11],
        "max": [0.0844084918499, 0.185286387801, 0.0537641234696, 0.0164782479405, 0.0196040347219, 0.027762575075, 0.0242826770991, 0.0422634929419, 0.0530779659748, 0.0605770014226, 0.0451601594687, 0.0456156432629, 0.0326119214296, 0.0478419028223, 0.0235363077372, 0.0116261476651, 0.00737835746258, 0.00605261791497, 0.00534988520667, 0.00251032714732, 0.00170096894726, 0.00124456593767, 0.00212565343827, 0.00207466143183, 0.00181690813042, 0.00135509076063, 9.68000604189e-05],
        "mean": [0.00443412875757, 0.0112110646442, 0.00199469667859, 0.0005031277542, 0.000744316610508, 0.000800499285106, 0.000874853110872, 0.000846510112751, 0.00279252417386, 0.00195570429787, 0.00116703566164, 0.00208858260885, 0.000877378683072, 0.00163922645152, 0.000705508049577, 0.000347058376065, 0.000244178023422, 0.00025318362168, 0.000157085989485, 0.000123716992675, 8.31397555885e-05, 4.32982160419e-05, 4.12340414186e-05, 4.84597767354e-05, 4.00822209485e-05, 2.70898999588e-05, 1.37987740345e-06],
        "median": [0.000873351003975, 0.00436084717512, 0.000841059780214, 0.00025640099193, 0.000412342080381, 0.000372404319933, 0.000309362367261, 0.000176039015059, 0.00031872180989, 0.000357876182534, 0.00015722727403, 0.000238475011429, 0.000168722384842, 0.000155028043082, 0.000157430607942, 0.000124668207718, 9.03968029888e-05, 9.75425355136e-05, 7.39236420486e-05, 4.99142988701e-05, 3.77749529434e-05, 1.42762228279e-05, 1.1711609659e-05, 1.26745753732e-05, 7.16206614015e-06, 4.5231522563e-06, 1.07512416747e-08],
        "min": [5.54623292785e-24, 5.88114548177e-23, 1.93276207147e-23, 2.77606778979e-24, 2.42617547725e-23, 9.73604051288e-23, 6.04111385158e-23, 4.17767798086e-23, 1.06077065696e-22, 6.47919860451e-23, 5.17634275471e-23, 8.6804941346e-23, 1.48489244565e-22, 8.51121405067e-23, 1.2202022227e-22, 1.28680442364e-22, 1.58961404636e-22, 1.66814079496e-22, 1.9892051639e-22, 3.54726969655e-22, 4.77421346143e-22, 6.13371034463e-22, 5.57034248927e-22, 7.86856668407e-22, 9.5007620537e-22, 1.83960565757e-21, 2.55131339142e-21],
        "var": [7.68294557929e-05, 0.000288161914796, 1.19357682706e-05, 7.19009278782e-07, 1.0586860526e-06, 2.34863409787e-06, 3.03315323436e-06, 3.89152546632e-06, 3.53600735252e-05, 1.71875744854e-05, 1.18267216749e-05, 2.45797582465e-05, 5.11438202011e-06, 1.75779805431e-05, 2.63355218522e-06, 5.69232497583e-07, 2.49457571044e-07, 1.69861976929e-07, 6.35677750438e-08, 3.49565496549e-08, 1.36510083237e-08, 5.93208726585e-09, 7.05591851613e-09, 1.7872586966e-08, 1.19656444753e-08, 4.68874272741e-09, 2.36850903473e-11]
    },
    "erbbands": {
        "dmean": [0.389742136002, 1.24427366257, 2.05148053169, 1.58929550648, 0.978018820286, 1.59822118282, 2.54337787628, 4.27018594742, 6.82604074478, 8.36809635162, 13.0466880798, 24.9472084045, 35.2612495422, 34.2324523926, 32.0261878967, 25.9787826538, 20.3281421661, 25.5392189026, 35.178730011, 12.7885980606, 9.90858745575, 6.37592411041, 5.81421041489, 5.0983748436, 2.94743824005, 2.79946947098, 2.14741563797, 0.980476796627, 0.777079761028, 0.66750895977, 0.598994970322, 0.521204888821, 0.407747238874, 0.265899956226, 0.14004470408, 0.0639621764421, 0.0247903577983, 0.00412716995925, 0.000150719861267, 1.74676424649e-05],
        "dmean2": [0.679744422436, 2.0776181221, 3.48814511299, 2.70009422302, 1.67715167999, 2.74054861069, 4.23961448669, 6.84784793854, 11.054816246, 13.3026981354, 20.5851631165, 38.9801979065, 54.9749259949, 52.5412902832, 50.1017532349, 40.0354118347, 31.9606285095, 39.8722076416, 54.4184799194, 20.1237010956, 14.9809455872, 9.95977020264, 9.10629653931, 8.02263832092, 4.69078779221, 4.41239500046, 3.43203234673, 1.56965398788, 1.21024560928, 1.03637158871, 0.905474305153, 0.768633067608, 0.592765331268, 0.384410530329, 0.20177192986, 0.0905657112598, 0.0341107770801, 0.00595212075859, 0.000218461078475, 2.82930759568e-05],
        "dvar": [0.556065440178, 6.94689321518, 18.3658943176, 9.46557712555, 4.77243232727, 11.9948892593, 29.1353034973, 93.4685058594, 196.119415283, 406.794830322, 1271.71862793, 3900.85400391, 5897.86865234, 5619.51123047, 4973.92871094, 3999.44946289, 4069.64746094, 3654.14257812, 9108, 1079.08789062, 619.049682617, 254.008895874, 180.931625366, 121.850326538, 38.2046508789, 33.2436256409, 17.5052471161, 3.64310383797, 3.41922879219, 2.6925330162, 3.33363127708, 2.22340583801, 1.85106813908, 0.887505412102, 0.185431241989, 0.032916534692, 0.00391302909702, 0.000139827199746, 2.59966839167e-07, 7.62574670077e-10],
        "dvar2": [1.75627708435, 18.9742794037, 47.7688789368, 25.4697761536, 13.3609542847, 34.0180130005, 75.1805267334, 235.754272461, 447.035766602, 917.37677002, 3011.00488281, 8938.38183594, 14015.4326172, 12425.8291016, 11820.1816406, 9340.04980469, 9380.01367188, 8648.82910156, 21556.8183594, 2666.03051758, 1190.92871094, 587.185058594, 471.470184326, 291.334472656, 87.3723220825, 79.7854156494, 43.2417030334, 8.81626796722, 8.18801879883, 6.11214876175, 7.35329675674, 4.31299781799, 3.64244127274, 1.7036678791, 0.336697518826, 0.0556758381426, 0.00667288992554, 0.000280583190033, 5.276255024e-07, 2.01054950466e-09],
        "max": [8.421210289, 30.1976108551, 70.963722229, 51.4512138367, 39.7186355591, 73.6478347778, 114.314872742, 332.74621582, 365.447021484, 513.885742188, 1064.49890137, 1197.66711426, 1831.30529785, 2077.30297852, 1360.7121582, 1346.04992676, 1762.94433594, 1387.45825195, 1944.20581055, 952.566040039, 768.588867188, 515.190612793, 387.786224365, 258.991271973, 290.721893311, 144.083496094, 91.5699768066, 41.0740737915, 39.0870628357, 47.7453613281, 85.224861145, 47.7671508789, 37.8598594666, 27.4686336517, 12.8756494522, 8.4224023819, 2.14404845238, 0.373560607433, 0.0154839679599, 0.000616262899712],
        "mean": [0.53840637207, 1.68323743343, 2.48109459877, 2.10675573349, 1.49342286587, 2.68124699593, 4.40832471848, 7.80257177353, 12.1691818237, 13.9866485596, 22.096282959, 52.2846984863, 68.3282623291, 65.8010559082, 75.0977935791, 56.4411964417, 37.8424720764, 55.90184021, 73.1610183716, 27.5217990875, 19.0530147552, 14.9243011475, 13.1760616302, 10.9323368073, 6.84820127487, 6.00281000137, 4.73510169983, 2.1905567646, 1.57805478573, 1.31988322735, 1.1787468195, 1.03954207897, 0.770392537117, 0.484424561262, 0.263134986162, 0.127998888493, 0.0485083647072, 0.00729292444885, 0.000249465432717, 4.76126369904e-05],
        "median": [0.169246762991, 0.645716667175, 1.19975614548, 1.11031210423, 0.796593546867, 1.34156775475, 2.05538988113, 3.44717168808, 4.74762535095, 5.18636322021, 4.95417165756, 7.09467792511, 14.7213764191, 15.144285202, 11.4782762527, 10.7120132446, 8.95905017853, 8.86411952972, 9.96775150299, 7.12186813354, 7.71796703339, 5.67241668701, 5.50645303726, 4.93245410919, 3.38801431656, 2.48485326767, 2.01897096634, 1.08048915863, 0.560396611691, 0.360579192638, 0.341670006514, 0.294356942177, 0.184022694826, 0.0878978669643, 0.0445578806102, 0.0214115865529, 0.00730449985713, 0.000608873786405, 3.49137662852e-05, 3.51309718098e-05],
        "min": [3.00308870545e-21, 8.39654641593e-21, 1.8219136052e-20, 1.93334048827e-20, 2.43552296906e-20, 7.96514636177e-20, 3.40565431782e-19, 8.85490538486e-19, 9.42314641243e-19, 8.36259902053e-19, 1.36524360984e-18, 2.67829646573e-18, 1.14929994252e-18, 2.94925188308e-18, 3.15015068601e-18, 3.0080700081e-18, 7.4875164821e-18, 5.65922150805e-18, 4.35521842165e-18, 5.81275160641e-18, 9.31363018087e-18, 8.27986617342e-18, 1.01676850643e-17, 6.23301932819e-18, 1.55974251638e-17, 1.65244779091e-17, 1.73698482234e-17, 2.24105429468e-17, 2.00518357758e-17, 1.39669396799e-17, 1.78545264315e-17, 1.69392097247e-17, 1.35259994738e-17, 1.07139336342e-17, 6.6356300526e-18, 5.25032462457e-18, 4.32251087305e-18, 1.48028664866e-18, 3.87122775572e-19, 3.47507170257e-20],
        "var": [0.714323222637, 8.19408416748, 18.2290554047, 9.87908744812, 5.28558921814, 18.4564247131, 48.5814743042, 266.61050415, 627.02923584, 689.229614258, 2236.94482422, 13618.9365234, 17207.4160156, 17455.5859375, 22077.2246094, 14079.8007812, 8331.84667969, 12865.5986328, 29860.4023438, 3166.609375, 1431.52246094, 1005.85595703, 457.195007324, 303.740142822, 108.640449524, 87.2124938965, 44.5514068604, 9.06508541107, 7.45154237747, 6.18470430374, 6.51934242249, 7.19169282913, 5.13418102264, 2.03711628914, 0.491882532835, 0.127544179559, 0.0137289119884, 0.000330825452693, 5.32075262072e-07, 2.20456231048e-09]
    },
    "gfcc": {
        "mean": [-34.2142372131, 112.393684387, -128.893341064, 19.2920284271, -41.1985244751, 20.8053836823, -21.061422348, 16.420375824, -16.2200603485, 6.19023036957, -8.24598884583, 0.619997560978, -3.83904218674],
        "cov": [[8509.05664062, -2817.37963867, 74.3741760254, 165.927581787, -790.406860352, 833.494018555, -480.552429199, 411.102355957, -539.071472168, 450.028015137, -366.215026855, 243.079925537, -306.511627197], [-2817.37963867, 2687.66918945, 119.72328949, 126.588829041, 904.143310547, -517.797180176, 550.863037109, -334.100524902, 378.492919922, -221.341812134, 384.652618408, -194.027130127, 273.881835938], [74.3741760254, 119.72328949, 1272.95727539, 289.689300537, 393.634918213, 96.6748199463, -28.4765472412, 79.2549667358, -40.7377204895, 157.886978149, -15.0706806183, 186.909332275, -99.8016357422], [165.927581787, 126.588829041, 289.689300537, 535.906921387, 94.2529678345, 14.4206628799, 44.0771255493, -42.0233306885, 89.5723342896, -5.2602314949, 55.9765625, 34.6248931885, 27.6228523254], [-790.406860352, 904.143310547, 393.634918213, 94.2529678345, 627.710327148, -117.362182617, 214.241073608, -69.449508667, 93.655166626, 15.3078193665, 114.067108154, 8.11555862427, 64.1641387939], [833.494018555, -517.797180176, 96.6748199463, 14.4206628799, -117.362182617, 377.587738037, -44.240322113, 61.7970848083, -89.0119857788, 78.3463516235, -39.6373100281, 19.3485450745, -41.6421356201], [-480.552429199, 550.863037109, -28.4765472412, 44.0771255493, 214.241073608, -44.240322113, 300.079620361, -65.4754180908, 109.860969543, -29.9387531281, 88.4679718018, -46.2750549316, 66.5428466797], [411.102355957, -334.100524902, 79.2549667358, -42.0233306885, -69.449508667, 61.7970848083, -65.4754180908, 204.154953003, -37.7523345947, 45.9046440125, -50.1480445862, 29.6940460205, -23.7114124298], [-539.071472168, 378.492919922, -40.7377204895, 89.5723342896, 93.655166626, -89.0119857788, 109.860969543, -37.7523345947, 201.719802856, -54.0928688049, 78.3391418457, -37.5333061218, 59.2473182678], [450.028015137, -221.341812134, 157.886978149, -5.2602314949, 15.3078193665, 78.3463516235, -29.9387531281, 45.9046440125, -54.0928688049, 162.178756714, -30.6022853851, 57.4994277954, -48.55103302], [-366.215026855, 384.652618408, -15.0706806183, 55.9765625, 114.067108154, -39.6373100281, 88.4679718018, -50.1480445862, 78.3391418457, -30.6022853851, 181.477844238, -25.6232032776, 75.6749267578], [243.079925537, -194.027130127, 186.909332275, 34.6248931885, 8.11555862427, 19.3485450745, -46.2750549316, 29.6940460205, -37.5333061218, 57.4994277954, -25.6232032776, 134.577804565, -30.7799625397], [-306.511627197, 273.881835938, -99.8016357422, 27.6228523254, 64.1641387939, -41.6421356201, 66.5428466797, -23.7114124298, 59.2473182678, -48.55103302, 75.6749267578, -30.7799625397, 139.752426147]],
        "icov": [[0.000220038418774, 0.00010159402882, 0.000115353817819, -0.000211833103094, -2.0892757675e-06, -0.000198925714358, -2.38260145125e-05, -0.00017071160255, 0.000287490896881, -0.000304143235553, 4.79952677779e-06, -6.75870251143e-05, 8.67852504598e-05], [0.00010159402882, 0.00258903065696, -0.000565034861211, 0.000375590636395, -0.00188451260328, 0.00173183262814, -0.00139732449315, 0.00157778721768, -0.000590518175159, 0.000839371408802, -0.00158860685769, 0.00218910677359, -0.00113020488061], [0.000115353817819, -0.000565034861211, 0.00210340716876, -0.00105248682667, -0.00109475885984, -0.00101296324283, 0.000968104286585, -0.00114549940918, 0.000415597023675, -0.0006791818887, 0.000380177836632, -0.00204375688918, 0.001547823078], [-0.000211833103094, 0.000375590636395, -0.00105248682667, 0.00287116039544, 0.000103872655018, 0.000250340352068, -0.000280915206531, 0.00118856562767, -0.00162855675444, 0.000727324339096, -0.00051792972954, 0.000177866051672, -0.000894739874639], [-2.0892757675e-06, -0.00188451260328, -0.00109475885984, 0.000103872655018, 0.00513530243188, -0.000256617175182, -0.00105149962474, -0.000508186058141, 0.000613382842857, -0.00137136108242, 0.000461395567982, -0.000973276852164, -0.000334153563017], [-0.000198925714358, 0.00173183262814, -0.00101296324283, 0.000250340352068, -0.000256617175182, 0.00511701917276, -0.00172952341381, 0.000850495067425, 0.000607209338341, -0.000369906279957, -0.00140143709723, 0.00251270597801, -0.00106644420885], [-2.38260145125e-05, -0.00139732449315, 0.000968104286585, -0.000280915206531, -0.00105149962474, -0.00172952341381, 0.00668025575578, -0.000284812151222, -0.00162877643015, -0.000727045990061, 0.000421782955527, -0.000577172206249, 0.000253777165199], [-0.00017071160255, 0.00157778721768, -0.00114549940918, 0.00118856562767, -0.000508186058141, 0.000850495067425, -0.000284812151222, 0.00739067327231, -0.0012867776677, -0.00019113298913, 3.60479280062e-05, 0.00134600291494, -0.00188710109796], [0.000287490896881, -0.000590518175159, 0.000415597023675, -0.00162855675444, 0.000613382842857, 0.000607209338341, -0.00162877643015, -0.0012867776677, 0.00886350963265, 0.000290625612251, -0.00114141160157, 0.000169611506863, -0.000138226881973], [-0.000304143235553, 0.000839371408802, -0.0006791818887, 0.000727324339096, -0.00137136108242, -0.000369906279957, -0.000727045990061, -0.00019113298913, 0.000290625612251, 0.00997104961425, -0.00081039959332, -0.00158727355301, 0.0013223857386], [4.79952677779e-06, -0.00158860685769, 0.000380177836632, -0.00051792972954, 0.000461395567982, -0.00140143709723, 0.000421782955527, 3.60479280062e-05, -0.00114141160157, -0.00081039959332, 0.0095431720838, -0.00111863412894, -0.00253802794032], [-6.75870251143e-05, 0.00218910677359, -0.00204375688918, 0.000177866051672, -0.000973276852164, 0.00251270597801, -0.000577172206249, 0.00134600291494, 0.000169611506863, -0.00158727355301, -0.00111863412894, 0.0128930648789, -0.00141222716775], [8.67852504598e-05, -0.00113020488061, 0.001547823078, -0.000894739874639, -0.000334153563017, -0.00106644420885, 0.000253777165199, -0.00188710109796, -0.000138226881973, 0.0013223857386, -0.00253802794032, -0.00141222716775, 0.0118189156055]]
    },
    "melbands": {
        "dmean": [0.00287513062358, 0.00116924464237, 0.000252753816312, 8.17597319838e-05, 8.58226921991e-05, 9.18682853808e-05, 0.000105679726403, 9.96887538349e-05, 0.000112580717541, 0.000178119677003, 0.000183531970833, 0.000148678707774, 9.92172062979e-05, 0.000124105281429, 4.44073848485e-05, 4.80928501929e-05, 5.21358488186e-05, 7.02903780621e-05, 2.66658371402e-05, 1.37883334901e-05, 1.19418655231e-05, 7.32021590011e-06, 6.44960391583e-06, 6.01599276706e-06, 4.4869480007e-06, 2.8023316645e-06, 2.11522205973e-06, 2.00885574486e-06, 1.80062522759e-06, 7.77359616677e-07, 5.64319236673e-07, 4.73214015528e-07, 4.65034190711e-07, 3.79019354568e-07, 3.6858946828e-07, 3.65555365534e-07, 3.28246926529e-07, 3.14936471568e-07, 2.58716056578e-07, 2.31860994404e-07],
        "dmean2": [0.00501852855086, 0.00196829903871, 0.000427757884609, 0.000141819284181, 0.000142012737342, 0.00014727798407, 0.000170764091308, 0.000157248301548, 0.000178155503818, 0.000278072111541, 0.000286283961032, 0.000228568809689, 0.000155565649038, 0.000195129439817, 6.75792762195e-05, 7.65591757954e-05, 8.1301703176e-05, 0.00010843945347, 4.26195474574e-05, 2.09616937354e-05, 1.86024899449e-05, 1.17794170365e-05, 1.0014046893e-05, 9.55787163548e-06, 7.15018541086e-06, 4.54292239738e-06, 3.40613132721e-06, 3.20801586895e-06, 2.9254722449e-06, 1.2587333913e-06, 9.13747101094e-07, 7.50292258545e-07, 7.40051461889e-07, 5.98167162025e-07, 5.72466774429e-07, 5.63447827062e-07, 4.89499086598e-07, 4.66117114684e-07, 3.81799310389e-07, 3.42423192023e-07],
        "dvar": [2.7969281291e-05, 5.67327242607e-06, 2.4246708108e-07, 3.1213062357e-08, 3.02244345107e-08, 4.1002824247e-08, 4.54621122969e-08, 5.75906042855e-08, 9.18228622027e-08, 1.83430728384e-07, 1.53956946747e-07, 1.07956488193e-07, 5.35747162189e-08, 1.13782178346e-07, 2.22689795493e-08, 2.06096864019e-08, 1.57242805443e-08, 4.20291215164e-08, 5.19652498809e-09, 1.6383723267e-09, 9.09456843168e-10, 3.97556765286e-10, 2.151991918e-10, 1.72315842151e-10, 1.01653498119e-10, 4.28014602927e-11, 2.00293167468e-11, 1.7331117444e-11, 1.24228275236e-11, 3.15645860144e-12, 1.23823217305e-12, 1.2246346515e-12, 1.34198826097e-12, 8.42904847483e-13, 1.78039744406e-12, 1.03184160435e-12, 1.06670867885e-12, 1.07348862872e-12, 9.00013136934e-13, 7.15068791939e-13],
        "dvar2": [8.64854810061e-05, 1.52847660502e-05, 6.47353203931e-07, 9.03563446286e-08, 7.88038363453e-08, 1.01930538676e-07, 1.03049842437e-07, 1.31855401264e-07, 2.17381241896e-07, 4.18058874629e-07, 3.65633809452e-07, 2.36793624708e-07, 1.21586566593e-07, 2.8578705269e-07, 4.36739355791e-08, 5.02104597899e-08, 3.72050372732e-08, 1.00634522937e-07, 1.33606521402e-08, 3.23753135412e-09, 1.83560699973e-09, 9.43150335608e-10, 4.99778884944e-10, 4.34858704601e-10, 2.45798742471e-10, 1.00692364169e-10, 5.0082410441e-11, 4.14933226667e-11, 3.14706975757e-11, 7.40685117406e-12, 3.11609158615e-12, 2.97322691641e-12, 3.31480958134e-12, 1.89795987086e-12, 4.2696662178e-12, 2.26423307187e-12, 2.09932592143e-12, 2.15705318191e-12, 1.8901948149e-12, 1.42342268614e-12],
        "max": [0.0636629238725, 0.0353472530842, 0.00876788422465, 0.00268414686434, 0.00430515455082, 0.00664086733013, 0.00562986917794, 0.00533004570752, 0.00914204493165, 0.00801166705787, 0.0089063225314, 0.00888345111161, 0.00589461019263, 0.00678387330845, 0.00429149204865, 0.00393588561565, 0.00233187177218, 0.00451301597059, 0.00198834994808, 0.00117439031601, 0.0010518609779, 0.000636571494397, 0.000321074447129, 0.00040017045103, 0.000231914513279, 0.000343443069141, 9.66579900705e-05, 0.000117064642836, 9.1628440714e-05, 5.63111934753e-05, 2.63732999883e-05, 2.24762898142e-05, 2.67155173788e-05, 2.87018028757e-05, 7.43843847886e-05, 2.61940331256e-05, 3.46216875187e-05, 2.99887979054e-05, 3.07235059154e-05, 2.91400174319e-05],
        "mean": [0.00409302953631, 0.00161735282745, 0.000354824354872, 0.000135821901495, 0.000154585650307, 0.000167187623447, 0.000188681427971, 0.00016325119941, 0.00019117424381, 0.00037473696284, 0.00034897311707, 0.000272625649814, 0.000217972134124, 0.000276099308394, 7.32366461307e-05, 8.79982253537e-05, 0.000109699554741, 0.000142555611092, 5.06803953613e-05, 2.42433270614e-05, 2.07105458685e-05, 1.50446348925e-05, 1.29994887175e-05, 1.1904117855e-05, 8.55754205986e-06, 5.71904092794e-06, 4.16235889134e-06, 3.84231771022e-06, 3.62653531738e-06, 1.55505506427e-06, 1.11524730073e-06, 8.83935456386e-07, 8.24796472898e-07, 7.05632146492e-07, 6.78605999838e-07, 6.57203941046e-07, 6.27716701729e-07, 5.63194589631e-07, 4.51555393965e-07, 3.97888783255e-07],
        "median": [0.00148022978101, 0.000790417310782, 0.000195181841264, 7.5360374467e-05, 7.48072270653e-05, 7.5022893725e-05, 7.49354949221e-05, 5.2424846217e-05, 3.28220703523e-05, 4.24526078859e-05, 6.87702049618e-05, 4.84895135742e-05, 3.05192152155e-05, 2.78646712104e-05, 1.82589301403e-05, 1.64637986018e-05, 1.42051358125e-05, 1.49828138092e-05, 1.04141818156e-05, 7.43923374102e-06, 8.12516373117e-06, 5.03174032929e-06, 4.80600101582e-06, 4.31407124779e-06, 3.49441825165e-06, 2.7248661354e-06, 1.67277050878e-06, 1.45343256008e-06, 1.28923466036e-06, 7.80382720222e-07, 5.04371655552e-07, 3.13556938636e-07, 2.19150820158e-07, 1.85241390227e-07, 1.91895395574e-07, 1.87225111858e-07, 1.68318422311e-07, 1.35463295692e-07, 8.95238301268e-08, 6.50603908525e-08],
        "min": [2.06538378914e-23, 9.53784268143e-24, 3.33208732693e-24, 3.10393080656e-24, 9.71603531587e-24, 1.95732862001e-23, 1.52388173812e-23, 8.29118764911e-24, 1.33990328226e-23, 1.57881075404e-23, 4.8095200672e-24, 1.17610262617e-23, 1.02733521348e-23, 7.36590744983e-24, 1.42330071052e-23, 1.44490682186e-23, 9.76126386701e-24, 5.4851415672e-24, 9.33823247342e-24, 6.17248277924e-24, 1.26766444927e-23, 8.37364096865e-24, 1.00828816692e-23, 7.43177339111e-24, 4.43772085067e-24, 8.07202315698e-24, 1.48552668982e-23, 9.55129197101e-24, 9.82982771259e-24, 1.30496297616e-23, 1.30361268294e-23, 1.1598885369e-23, 1.07893854959e-23, 6.19001205741e-24, 9.51488525137e-24, 1.16854628534e-23, 1.00381398452e-23, 8.91912487397e-24, 9.2879851892e-24, 8.97756447869e-24],
        "var": [3.82399812224e-05, 6.35739888821e-06, 2.65227527052e-07, 3.9049634637e-08, 5.37983773086e-08, 1.17233810215e-07, 1.42673599157e-07, 9.76358833782e-08, 1.88507982557e-07, 6.58749399918e-07, 4.53139648471e-07, 3.31721281555e-07, 2.51079029567e-07, 4.60839174821e-07, 5.1207887708e-08, 4.56182895903e-08, 5.57597630291e-08, 1.46988156757e-07, 1.37948452661e-08, 3.61942498195e-09, 1.91020133045e-09, 1.39194633597e-09, 5.78084691227e-10, 3.90978305287e-10, 2.21296675429e-10, 9.18170262043e-11, 4.76064916655e-11, 4.10050327027e-11, 3.03413960623e-11, 6.20391585326e-12, 2.60905663393e-12, 2.47344592724e-12, 2.53779918087e-12, 1.88724491763e-12, 2.55921260746e-12, 2.26552067037e-12, 3.3741113202e-12, 2.95093073241e-12, 1.82783193962e-12, 1.50496867572e-12]
    },
    "mfcc": {
        "mean": [-673.488464355, 142.345153809, -16.4492015839, 11.6833429337, 5.16848707199, 7.39296913147, 11.026930809, 9.44640827179, 6.54519414902, 10.0538454056, 1.17883419991, 5.11536693573, 0.570847153664],
        "cov": [[7096.53125, -1630.17053223, -349.890441895, -262.09475708, -375.102661133, 35.7554168701, 64.7786102295, -42.1465606689, -107.030761719, 150.308609009, -20.2342472076, -151.808441162, -123.776695251], [-1630.17053223, 1544.58105469, 53.045753479, 358.380310059, 255.358230591, 96.9121017456, 152.709075928, 17.6006698608, 43.7441482544, 35.3895645142, 4.02748060226, 125.224067688, 52.9167747498], [-349.890441895, 53.045753479, 755.365844727, 232.718902588, 292.418670654, 160.395629883, 60.3347663879, 38.7571754456, 7.10769796371, -30.0581092834, 52.4283256531, 39.7735977173, 94.7151107788], [-262.09475708, 358.380310059, 232.718902588, 562.409118652, 212.230316162, 86.6663665771, 27.1121387482, 46.0744934082, 24.9096889496, -7.24700784683, -4.27525806427, 112.190689087, 41.3781280518], [-375.102661133, 255.358230591, 292.418670654, 212.230316162, 328.874725342, 94.2846679688, 64.5482330322, 21.6384296417, 18.8044300079, -7.92013311386, 6.44425630569, 51.5101051331, 52.0440864563], [35.7554168701, 96.9121017456, 160.395629883, 86.6663665771, 94.2846679688, 269.181335449, 90.6129455566, 22.8128223419, 6.35324525833, 16.8251533508, 52.2655525208, -18.4326057434, 42.625629425], [64.7786102295, 152.709075928, 60.3347663879, 27.1121387482, 64.5482330322, 90.6129455566, 197.625778198, 15.0904102325, 16.5483226776, 25.3992938995, 23.3085441589, 9.08745861053, 16.1664600372], [-42.1465606689, 17.6006698608, 38.7571754456, 46.0744934082, 21.6384296417, 22.8128223419, 15.0904102325, 114.081253052, 27.0494289398, 19.8446407318, 10.6534318924, 9.59774684906, 1.3730700016], [-107.030761719, 43.7441482544, 7.10769796371, 24.9096889496, 18.8044300079, 6.35324525833, 16.5483226776, 27.0494289398, 111.977081299, 21.8445682526, 19.6368751526, 1.92053568363, 2.35483765602], [150.308609009, 35.3895645142, -30.0581092834, -7.24700784683, -7.92013311386, 16.8251533508, 25.3992938995, 19.8446407318, 21.8445682526, 106.512001038, 18.004983902, 4.30074119568, -3.96200251579], [-20.2342472076, 4.02748060226, 52.4283256531, -4.27525806427, 6.44425630569, 52.2655525208, 23.3085441589, 10.6534318924, 19.6368751526, 18.004983902, 102.094467163, -0.177062898874, 26.4794807434], [-151.808441162, 125.224067688, 39.7735977173, 112.190689087, 51.5101051331, -18.4326057434, 9.08745861053, 9.59774684906, 1.92053568363, 4.30074119568, -0.177062898874, 123.785011292, 13.1587123871], [-123.776695251, 52.9167747498, 94.7151107788, 41.3781280518, 52.0440864563, 42.625629425, 16.1664600372, 1.3730700016, 2.35483765602, -3.96200251579, 26.4794807434, 13.1587123871, 99.0666275024]],
