{
"lowlevel": {
    "average_loudness": 0.742582023144,
    "barkbands_crest": {
        "dmean": 2.58032441139,
        "dmean2": 4.33151388168,
        "dvar": 4.86510419846,
        "dvar2": 13.2118940353,
        "max": 23.7235355377,
        "mean": 9.18546676636,
        "median": 8.57836818695,
        "min": 2.30350184441,
        "var": 12.4093341827
    },
    "barkbands_flatness_db": {
        "dmean": 0.0217497199774,
        "dmean2": 0.0354981161654,
        "dvar": 0.000380113197025,
        "dvar2": 0.001049305778,
        "max": 0.300524920225,
        "mean": 0.118959054351,
        "median": 0.110879093409,
        "min": 0.0246604960412,
        "var": 0.00196165638044
    },
    "barkbands_kurtosis": {
        "dmean": 2.21384191513,
        "dmean2": 3.74049711227,
        "dvar": 19.6763095856,
        "dvar2": 57.2091789246,
        "max": 98.5464477539,
        "mean": 2.34285306931,
        "median": 0.734004735947,
        "min": -1.85085427761,
        "var": 26.8371925354
    },
    "barkbands_skewness": {
        "dmean": 0.516568481922,
        "dmean2": 0.844272792339,
        "dvar": 0.308343827724,
        "dvar2": 0.828415870667,
        "max": 8.68233394623,
        "mean": 1.08880615234,
        "median": 0.879851460457,
        "min": -1.83660364151,
        "var": 1.09656488895
    },
    "barkbands_spread": {
        "dmean": 5.87031793594,
        "dmean2": 9.36883831024,
        "dvar": 44.7210350037,
        "dvar2": 101.644134521,
        "max": 104.597984314,
        "mean": 23.9943561554,
        "median": 22.1494350433,
        "min": 1.62132680416,
        "var": 171.729751587
    },
    "dissonance": {
        "dmean": 0.0176111329347,
        "dmean2": 0.0301071647555,
        "dvar": 0.00032144683064,
        "dvar2": 0.000900677172467,
        "max": 0.500000119209,
        "mean": 0.4703335464,
        "median": 0.477677464485,
        "min": 0.204221531749,
        "var": 0.000672127702273
    },
    "dynamic_complexity": 2.8471570015,
    "erbbands_crest": {
        "dmean": 2.51637005806,
        "dmean2": 4.1424908638,
        "dvar": 5.60970640182,
        "dvar2": 14.2416820526,
        "max": 30.1910877228,
        "mean": 9.33558750153,
        "median": 8.44067001343,
        "min": 2.34751176834,
        "var": 21.0982913971
    },
    "erbbands_flatness_db": {
        "dmean": 0.0162049438804,
        "dmean2": 0.0232766419649,
        "dvar": 0.000211347316508,
        "dvar2": 0.000430725631304,
        "max": 0.370970875025,
        "mean": 0.158690497279,
        "median": 0.153336390853,
        "min": 0.0492339134216,
        "var": 0.00324645987712
    },
    "erbbands_kurtosis": {
        "dmean": 0.902264177799,
        "dmean2": 1.45302128792,
        "dvar": 1.4583427906,
        "dvar2": 3.91757082939,
        "max": 22.7309436798,
        "mean": 0.884760797024,
        "median": 0.243547916412,
        "min": -1.71401619911,
        "var": 4.67016172409
    },
    "erbbands_skewness": {
        "dmean": 0.347590625286,
        "dmean2": 0.55034583807,
        "dvar": 0.0941331833601,
        "dvar2": 0.237139731646,
        "max": 3.93425107002,
        "mean": 0.351079374552,
        "median": 0.289662480354,
        "min": -2.48982262611,
        "var": 0.628784775734
    },
    "erbbands_spread": {
        "dmean": 6.20315408707,
        "dmean2": 9.34426403046,
        "dvar": 49.4950904846,
        "dvar2": 107.325668335,
        "max": 147.273971558,
        "mean": 30.9343452454,
        "median": 27.4783840179,
        "min": 2.70617842674,
        "var": 291.802398682
    },
    "hfc": {
        "dmean": 5.18335676193,
        "dmean2": 7.48950195312,
        "dvar": 31.6604251862,
        "dvar2": 70.670249939,
        "max": 109.727760315,
        "mean": 24.5802726746,
        "median": 22.4114265442,
        "min": 1.18845101717e-16,
        "var": 275.861999512
    },
    "melbands_crest": {
        "dmean": 4.25871801376,
        "dmean2": 7.37668275833,
        "dvar": 14.5570287704,
        "dvar2": 43.3604354858,
        "max": 36.1164741516,
        "mean": 13.3939943314,
        "median": 12.3429288864,
        "min": 2.50493812561,
        "var": 29.3042449951
    },
    "melbands_flatness_db": {
        "dmean": 0.0263911709189,
        "dmean2": 0.0440210253,
        "dvar": 0.000616959703621,
        "dvar2": 0.00168635649607,
        "max": 0.392935574055,
        "mean": 0.175994515419,
        "median": 0.170742690563,
        "min": 0.00657682679594,
        "var": 0.00211988342926
    },
    "melbands_kurtosis": {
        "dmean": 5.32148504257,
        "dmean2": 9.02325248718,
        "dvar": 132.532150269,
        "dvar2": 387.454193115,
        "max": 271.312683105,
        "mean": 7.95615530014,
        "median": 3.44982624054,
        "min": -1.65426683426,
        "var": 185.109451294
    },
    "melbands_skewness": {
        "dmean": 0.694486439228,
        "dmean2": 1.13677895069,
        "dvar": 0.637921273708,
        "dvar2": 1.72217655182,
        "max": 12.2543325424,
        "mean": 1.92362761497,
        "median": 1.59785652161,
        "min": -1.2087546587,
        "var": 2.44998979568
    },
    "melbands_spread": {
        "dmean": 7.28071928024,
        "dmean2": 11.8678312302,
        "dvar": 61.7740592957,
        "dvar2": 149.727645874,
        "max": 141.201126099,
        "mean": 27.0156974792,
        "median": 26.3040142059,
        "min": 1.17448043823,
        "var": 200.608825684
    },
    "pitch_salience": {
        "dmean": 0.077571682632,
        "dmean2": 0.131866276264,
        "dvar": 0.00476079666987,
        "dvar2": 0.0138222053647,
        "max": 0.916698396206,
        "mean": 0.559349894524,
        "median": 0.560365319252,
        "min": 0.156645566225,
        "var": 0.011392429471
    },
    "silence_rate_20dB": {
        "dmean": 0,
        "dmean2": 0,
        "dvar": 0,
        "dvar2": 0,
        "max": 1,
        "mean": 1,
        "median": 1,
        "min": 1,
        "var": 0
    },
    "silence_rate_30dB": {
        "dmean": 0.00216502277181,
        "dmean2": 0.00433056661859,
        "dvar": 0.00216029537842,
        "dvar2": 0.00551479030401,
        "max": 1,
        "mean": 0.998316287994,
        "median": 1,
        "min": 0,
        "var": 0.00168087298516
    },
    "silence_rate_60dB": {
        "dmean": 0.00457060383633,
        "dmean2": 0.00914230756462,
        "dvar": 0.004548846744,
        "dvar2": 0.0105025824159,
        "max": 1,
        "mean": 0.0192423332483,
        "median": 0,
        "min": 0,
        "var": 0.0188681092113
    },
    "spectral_centroid": {
        "dmean": 234.525939941,
        "dmean2": 370.510620117,
        "dvar": 63626.9101562,
        "dvar2": 135790.734375,
        "max": 11005.8769531,
        "mean": 1526.05456543,
        "median": 1481.62683105,
        "min": 267.890014648,
        "var": 229637.609375
    },
    "spectral_complexity": {
        "dmean": 3.43829679489,
        "dmean2": 5.3776011467,
        "dvar": 10.040353775,
        "dvar2": 21.3135643005,
        "max": 51,
        "mean": 22.5348167419,
        "median": 23,
        "min": 0,
        "var": 81.0702514648
    },
    "spectral_decrease": {
        "dmean": 2.46562459338e-09,
        "dmean2": 4.13289225065e-09,
        "dvar": 7.72305864307e-18,
        "dvar2": 2.11886879942e-17,
        "max": -1.26891940687e-29,
        "mean": -6.94689195058e-09,
        "median": -6.25818064037e-09,
        "min": -3.36532117728e-08,
        "var": 1.99334529952e-17
    },
    "spectral_energy": {
        "dmean": 0.00962488725781,
        "dmean2": 0.0160288326442,
        "dvar": 0.000115135298984,
        "dvar2": 0.000314123812132,
        "max": 0.136365130544,
        "mean": 0.0284487511963,
        "median": 0.0258242506534,
        "min": 1.08275009893e-20,
        "var": 0.000325168570271
    },
    "spectral_energyband_high": {
        "dmean": 0.000218187109567,
        "dmean2": 0.000306986126816,
        "dvar": 9.78614451697e-08,
        "dvar2": 1.83697054013e-07,
        "max": 0.00977084226906,
        "mean": 0.00064343365375,
        "median": 0.000471456849482,
        "min": 8.02644448413e-21,
        "var": 3.81223685508e-07
    },
    "spectral_energyband_low": {
        "dmean": 0.00618717540056,
        "dmean2": 0.0110376710072,
        "dvar": 7.84908479545e-05,
        "dvar2": 0.00022887281375,
        "max": 0.0810958072543,
        "mean": 0.0083219492808,
        "median": 0.00472320523113,
        "min": 5.34031506693e-23,
        "var": 8.40866705403e-05
    },
    "spectral_energyband_middle_high": {
        "dmean": 0.00271838949993,
        "dmean2": 0.00404108036309,
        "dvar": 1.59448918566e-05,
        "dvar2": 3.83860824513e-05,
        "max": 0.097308203578,
        "mean": 0.00972740352154,
        "median": 0.00660088239238,
        "min": 1.62375231127e-21,
        "var": 9.10444141482e-05
    },
    "spectral_energyband_middle_low": {
        "dmean": 0.00443134317175,
        "dmean2": 0.00721957487985,
        "dvar": 3.65447740478e-05,
        "dvar2": 9.77395247901e-05,
        "max": 0.117820769548,
        "mean": 0.0105563541874,
        "median": 0.0079355686903,
        "min": 2.54791520583e-22,
        "var": 9.60650213528e-05
    },
    "spectral_entropy": {
        "dmean": 0.124759763479,
        "dmean2": 0.186623767018,
        "dvar": 0.014048284851,
        "dvar2": 0.0296160448343,
        "max": 9.7892332077,
        "mean": 7.66503143311,
        "median": 7.6717247963,
        "min": 5.63258171082,
        "var": 0.102282226086
    },
    "spectral_flux": {
        "dmean": 0.0246779266745,
        "dmean2": 0.0387948676944,
        "dvar": 0.000554819649551,
        "dvar2": 0.00119184458163,
        "max": 0.276934087276,
        "mean": 0.098462253809,
        "median": 0.095086991787,
        "min": 1.04055278283e-10,
        "var": 0.00184220611118
    },
    "spectral_kurtosis": {
        "dmean": 1.21780109406,
        "dmean2": 2.0097849369,
        "dvar": 1.57242929935,
        "dvar2": 4.43759727478,
        "max": 23.9555644989,
        "mean": 5.28607797623,
        "median": 4.99766635895,
        "min": -1.23209047318,
        "var": 4.78300333023
    },
    "spectral_rms": {
        "dmean": 0.00086298584938,
        "dmean2": 0.00140748533886,
        "dvar": 6.98505800756e-07,
        "dvar2": 1.86228885468e-06,
        "max": 0.0115342596546,
        "mean": 0.00499296328053,
        "median": 0.00501940166578,
        "min": 3.25014082488e-12,
        "var": 2.82510359284e-06
    },
    "spectral_rolloff": {
        "dmean": 471.499084473,
        "dmean2": 796.254272461,
        "dvar": 615517.1875,
        "dvar2": 1405362.125,
        "max": 18690.8203125,
        "mean": 1550.91064453,
        "median": 1442.72460938,
        "min": 43.06640625,
        "var": 1170547.375
    },
    "spectral_skewness": {
        "dmean": 0.165580451488,
        "dmean2": 0.266471475363,
        "dvar": 0.0229236017913,
        "dvar2": 0.0570421665907,
        "max": 3.83660531044,
        "mean": 1.72705435753,
        "median": 1.71192932129,
        "min": 0.0393501594663,
        "var": 0.108927801251
    },
    "spectral_spread": {
        "dmean": 472440.9375,
        "dmean2": 654192.75,
        "dvar": 431361458176,
        "dvar2": 606853398528,
        "max": 39059268,
        "mean": 4377333.5,
        "median": 4198458,
        "min": 1711314.25,
        "var": 1.76335015117e+12
    },
    "spectral_strongpeak": {
        "dmean": 0.798674225807,
        "dmean2": 1.37496352196,
        "dvar": 1.2946639061,
        "dvar2": 3.45190477371,
        "max": 11.0630788803,
        "mean": 1.33041667938,
        "median": 0.48986390233,
        "min": 0,
        "var": 2.52224707603
    },
    "zerocrossingrate": {
        "dmean": 0.00914426147938,
        "dmean2": 0.0114297047257,
        "dvar": 0.000148725186591,
        "dvar2": 0.000189723956282,
        "max": 0.65869140625,
        "mean": 0.0640992000699,
        "median": 0.06005859375,
        "min": 0.0068359375,
        "var": 0.000708056497388
    },
    "barkbands": {
        "dmean": [0.00140727544203, 0.00307961623184, 0.00248198979534, 0.00145842565689, 0.00107613566797, 0.0004913341254, 0.000607880356256, 0.000512274331413, 0.00217842659913, 0.00164512835909, 0.000887066067662, 0.00047178947716, 0.000476960587548, 0.000505588017404, 0.000469421502203, 0.000341579550877, 0.000233608865528, 0.000223513998208, 0.000144507168443, 0.000121243749163, 6.9693014666e-05, 3.56044438377e-05, 3.76519383281e-05, 3.67980646843e-05, 3.59347832273e-05, 2.53984180745e-05, 2.56634893958e-06],
        "dmean2": [0.00246851332486, 0.00542930047959, 0.00444677099586, 0.00254061003216, 0.00189870526083, 0.000788556120824, 0.000963006634265, 0.000814316503238, 0.00349014089443, 0.00268762512133, 0.00142602482811, 0.000739138573408, 0.000773137842771, 0.000795150350314, 0.000724993180484, 0.000538755673915, 0.000366744148778, 0.000353307463229, 0.00023294526909, 0.000190562364878, 0.000107496802229, 5.4580053984e-05, 5.62612767681e-05, 5.35477920494e-05, 5.28073469468e-05, 3.62548344128e-05, 4.06851677326e-06],
        "dvar": [7.87772023614e-06, 2.10905309359e-05, 2.60911328951e-05, 7.68671634432e-06, 3.42315206581e-06, 1.54121028118e-06, 1.50112430219e-06, 1.14258409667e-06, 2.16519583773e-05, 1.25113356262e-05, 4.51568939752e-06, 1.10487542315e-06, 1.16878379686e-06, 1.07863115772e-06, 9.45345959735e-07, 4.43069808398e-07, 2.04066736842e-07, 1.15591838323e-07, 4.17041690071e-08, 3.16734443118e-08, 1.44224863163e-08, 6.54497167574e-09, 4.9394999202e-09, 5.44446177031e-09, 5.5031477153e-09, 1.85562820665e-09, 3.96785729273e-11],
        "dvar2": [2.28145199799e-05, 6.27844565315e-05, 7.27299920982e-05, 2.11655969906e-05, 9.52234313445e-06, 3.65749815501e-06, 3.36803054779e-06, 2.6474256174e-06, 5.80689520575e-05, 3.39325706591e-05, 1.14257736641e-05, 2.31013677876e-06, 2.74559693025e-06, 2.4645164558e-06, 2.07133734875e-06, 1.02794399481e-06, 4.78637900869e-07, 2.76939289279e-07, 1.03550199526e-07, 7.40214929351e-08, 3.35191110423e-08, 1.47285970087e-08, 9.84506520751e-09, 1.10158859812e-08, 1.15935616662e-08, 4.01109723214e-09, 9.63936847009e-11],
        "max": [0.0237326696515, 0.0536760278046, 0.0493527129292, 0.0429968573153, 0.0217573493719, 0.0281688868999, 0.0417785979807, 0.023559872061, 0.109312951565, 0.0825694948435, 0.0653970390558, 0.0231016986072, 0.0396134145558, 0.0242790263146, 0.0237119030207, 0.0166730899364, 0.00943684205413, 0.00626643421128, 0.00517253670841, 0.00334538309835, 0.00351944752038, 0.00357075571083, 0.00287801539525, 0.00308253383264, 0.00192726647947, 0.00101923476905, 0.000132401110022],
        "mean": [0.00130975805223, 0.00413890369236, 0.00245060492307, 0.00160076492466, 0.00128928769846, 0.000823044916615, 0.00114222930279, 0.000812648970168, 0.0041977269575, 0.00289614195935, 0.00146256980952, 0.00082872400526, 0.000892667565495, 0.000932452559937, 0.000877208949532, 0.000675053510349, 0.000490135280415, 0.000512428930961, 0.000341204256983, 0.000277118611848, 0.000143878205563, 7.48044039938e-05, 8.27544135973e-05, 8.055017679e-05, 6.86885905452e-05, 4.49508443126e-05, 2.43121417043e-06],
        "median": [2.92060831271e-05, 0.00237969076261, 0.00102502503432, 0.000719821488019, 0.000741283758543, 0.000313888478559, 0.000534456048626, 0.000251100253081, 0.00128149136435, 0.000588104303461, 0.000304272572976, 0.000273640005616, 0.000260021566646, 0.000331903749611, 0.000308238697471, 0.000285904185148, 0.000242546113441, 0.000303101434838, 0.000238548527705, 0.000174786648131, 7.92740611359e-05, 4.43076096417e-05, 5.08944831381e-05, 5.13806917297e-05, 4.14430942328e-05, 2.50008561125e-05, 2.32389453458e-07],
        "min": [4.25874606065e-24, 2.33857200041e-23, 2.19346340348e-23, 7.56078212583e-24, 2.70323320904e-23, 2.02073599739e-23, 2.8572213821e-23, 2.58262300307e-23, 1.41111804757e-22, 5.04038320879e-23, 1.10358106544e-22, 4.77157885533e-23, 1.03480457451e-22, 1.67751990936e-22, 1.93296203193e-22, 2.16172121838e-22, 1.51059933996e-22, 2.21419018734e-22, 2.50922643781e-22, 2.8590828414e-22, 2.85883040591e-22, 4.46428780847e-22, 1.00113602894e-21, 9.50846941407e-22, 1.23013338827e-21, 1.79734290789e-21, 2.28991947109e-21],
        "var": [8.1715061242e-06, 2.53484467976e-05, 1.96557903109e-05, 6.71043335387e-06, 3.09278902932e-06, 3.29239992425e-06, 4.23661413151e-06, 3.02405078401e-06, 5.72802819079e-05, 2.66819315584e-05, 1.23832787722e-05, 2.80649783235e-06, 3.28116630044e-06, 2.88184355668e-06, 2.57400006376e-06, 1.26936947709e-06, 6.50190600027e-07, 3.9430705101e-07, 1.23851592093e-07, 9.88065451679e-08, 3.33845129319e-08, 1.23295329502e-08, 1.22980168271e-08, 1.27459838239e-08, 1.12284324061e-08, 3.88177001653e-09, 3.9473719432e-11]
    },
    "erbbands": {
        "dmean": [0.127111747861, 0.630842864513, 2.67064189911, 3.67730045319, 4.3921751976, 3.7114918232, 2.79743385315, 4.49233675003, 7.89271688461, 9.570728302, 15.496383667, 48.162322998, 47.2252120972, 44.2046127319, 27.0742092133, 16.9163017273, 21.1050930023, 20.3854866028, 24.3587779999, 22.7913227081, 14.9315519333, 12.735209465, 11.8246097565, 8.92224502563, 5.81763410568, 5.69416046143, 3.93998503685, 1.83520710468, 1.29157733917, 1.10300970078, 1.13338387012, 0.88477653265, 0.568668246269, 0.417824476957, 0.249794185162, 0.132624939084, 0.0435088016093, 0.00761932227761, 0.000365651096217, 1.86906945601e-05],
        "dmean2": [0.220213040709, 1.11419916153, 4.82218599319, 6.42255306244, 7.71928691864, 6.525639534, 4.66987514496, 7.17803192139, 12.5560684204, 15.1777935028, 24.1834506989, 76.1458435059, 77.0279922485, 70.8086242676, 42.8800735474, 26.3648586273, 33.6419639587, 32.0479354858, 37.7721290588, 34.6586227417, 23.5076560974, 19.8392086029, 18.575012207, 14.2803564072, 9.37118530273, 8.91933822632, 6.11207914352, 2.84162211418, 1.9918448925, 1.6527005434, 1.70537292957, 1.31770253181, 0.83053278923, 0.624987363815, 0.365705162287, 0.194296091795, 0.0629422813654, 0.0110792517662, 0.000552511308342, 2.88768023893e-05],
        "dvar": [0.0529897175729, 1.13809788227, 30.4588603973, 51.8317222595, 60.7204933167, 40.8736152649, 35.9779090881, 157.744232178, 279.050598145, 373.151519775, 1017.61016846, 12418.5537109, 8495.74511719, 9080.19824219, 3221.78173828, 1455.76940918, 2489.06469727, 1780.12719727, 2382.66235352, 2184.05371094, 947.133972168, 631.054199219, 349.415130615, 180.996810913, 55.9031219482, 77.7449188232, 46.509513855, 13.7962064743, 7.20307016373, 4.00700473785, 4.64207983017, 2.65846443176, 1.45924675465, 0.809048235416, 0.2437171489, 0.0590227358043, 0.00487065082416, 0.000202096707653, 9.8070063359e-07, 1.17661713706e-09],
        "dvar2": [0.151982098818, 3.3867225647, 85.681968689, 142.918228149, 165.917892456, 115.88911438, 86.3243865967, 381.009277344, 616.721679688, 851.002075195, 2451.65673828, 31998.9492188, 23307.2363281, 23648.3867188, 7928.84912109, 2997.84814453, 5816.33789062, 4205.53515625, 5387.48583984, 4826.50390625, 2121.79248047, 1442.42138672, 841.161437988, 464.878234863, 132.704666138, 182.171646118, 108.137214661, 32.3313674927, 16.2916545868, 7.77888250351, 9.54400348663, 5.35380220413, 3.03333830833, 1.75818455219, 0.517398297787, 0.133895576, 0.0103158215061, 0.00045489743934, 2.29610895985e-06, 2.73202616086e-09],
        "max": [1.958360672, 11.4344053268, 54.9856147766, 108.55606842, 105.58417511, 91.3371429443, 167.097808838, 328.646942139, 546.849121094, 802.19732666, 629.005065918, 3207.11010742, 1810.30371094, 2263.85424805, 1122.04052734, 859.277893066, 2057.18481445, 762.84588623, 1533.74914551, 870.574890137, 1030.02807617, 552.639953613, 423.773834229, 323.165008545, 330.92565918, 186.71270752, 235.10975647, 158.516937256, 97.8620452881, 64.2746658325, 83.0752105713, 46.9252929688, 49.0670166016, 21.7172317505, 13.5976104736, 5.79541492462, 1.32960104942, 0.313686311245, 0.0303802639246, 0.00133128080051],
        "mean": [0.14078886807, 0.848778665066, 2.76778841019, 4.21786594391, 4.86611032486, 4.55020427704, 4.10791301727, 7.95106077194, 14.0216464996, 18.273317337, 29.8971233368, 91.1837539673, 95.0098495483, 81.6203460693, 49.4020271301, 33.3724899292, 42.5592651367, 39.6498222351, 52.0118675232, 44.9660263062, 33.0062255859, 29.0855522156, 28.4608192444, 21.6582508087, 14.9636154175, 13.1650066376, 8.72045612335, 3.92956495285, 2.72901844978, 2.32966017723, 2.43680858612, 1.90382397175, 1.2146884203, 0.81158643961, 0.446152329445, 0.233404994011, 0.0744288042188, 0.0102383550256, 0.000427203834988, 4.80103881273e-05],
        "median": [0.0368645600975, 0.536460042, 1.37797832489, 2.07175254822, 2.64392113686, 2.52494239807, 2.02065944672, 3.03000473976, 6.57019233704, 7.69974279404, 10.428601265, 27.2062797546, 32.6479454041, 21.8843975067, 15.1714334488, 13.522313118, 13.5487108231, 15.6758422852, 20.5430965424, 19.596364975, 16.0092582703, 14.8662538528, 17.3263530731, 14.1340074539, 11.3880319595, 8.31266212463, 4.94638824463, 2.19522047043, 1.60015678406, 1.39233064651, 1.46640741825, 1.19833815098, 0.767175078392, 0.506490707397, 0.242979377508, 0.124915160239, 0.0426118299365, 0.00350395357236, 0.000100726429082, 4.03199010179e-05],
        "min": [6.65919318658e-22, 5.87196331754e-21, 1.68147966294e-20, 3.61836329535e-20, 4.7776950517e-20, 8.36861016789e-20, 1.93294040427e-19, 1.39000192691e-19, 4.1630542324e-19, 4.04195912662e-19, 6.29943944983e-19, 2.69480637037e-18, 2.46210495442e-18, 3.85455701615e-18, 3.18641242291e-18, 2.07210459844e-18, 4.51912674157e-18, 8.66517682891e-18, 1.05472865193e-17, 9.34088660924e-18, 1.19158899299e-17, 1.02580942509e-17, 1.22699439116e-17, 8.78658212742e-18, 1.64665851924e-17, 1.20063247591e-17, 1.14324094794e-17, 1.42474184276e-17, 1.667742195e-17, 1.88937382504e-17, 3.61365761995e-17, 1.84214677515e-17, 1.61223969939e-17, 1.12334237384e-17, 1.13376195442e-17, 6.21218016701e-18, 3.12990936963e-18, 1.02776818878e-18, 3.64468418245e-19, 3.87359278141e-20],
        "var": [0.0591650418937, 1.09002804756, 21.9556503296, 43.8323326111, 50.5466003418, 40.8721389771, 61.4558753967, 348.609344482, 778.280212402, 1274.3828125, 2922.25341797, 32872.7226562, 22186.7519531, 24248.0058594, 7783.38916016, 3777.45605469, 7301.76806641, 4152.11572266, 8523.60253906, 5429.53173828, 2649.69311523, 2226.4309082, 1254.94274902, 519.765930176, 220.715179443, 240.643661499, 114.309425354, 32.4762611389, 15.6225624084, 10.4902172089, 10.9177331924, 6.23714590073, 3.27461647987, 1.55683553219, 0.525666415691, 0.119845718145, 0.00996450707316, 0.000295120262308, 1.07466280497e-06, 1.72929592868e-09]
    },
    "gfcc": {
        "mean": [20.5024814606, 78.8062667847, -127.866653442, 22.2893791199, -51.3160705566, 20.9104366302, -32.9767913818, 24.2528209686, -25.6351242065, 2.7116484642, -20.6161594391, -3.54899692535, -13.3421354294],
        "cov": [[3355.59643555, -201.001602173, 522.964660645, 269.952972412, 174.211456299, 29.5816822052, -54.0714912415, 100.173080444, -86.4134063721, 108.57472229, -180.777099609, 68.021446228, -148.082351685], [-201.001602173, 586.476318359, 12.8783388138, 33.1409759521, 102.360801697, 11.9319200516, 71.644241333, 10.8123378754, 21.248500824, -0.388539582491, 83.6458892822, -32.983631134, 36.1129188538], [522.964660645, 12.8783388138, 1248.8392334, 518.001403809, 308.378662109, -18.876750946, -166.463745117, -2.22681641579, -64.4144973755, 177.264160156, -56.9067611694, 177.246398926, -130.159790039], [269.952972412, 33.1409759521, 518.001403809, 471.612213135, 194.971252441, -26.9944038391, -92.9177856445, 9.45597743988, 2.1303653717, 75.8846817017, -19.395980835, 78.4281692505, -28.1734580994], [174.211456299, 102.360801697, 308.378662109, 194.971252441, 262.121887207, 43.5924110413, -16.5329055786, 3.487200737, -21.8368148804, 60.6289825439, -9.07194232941, 49.7363128662, -13.4432249069], [29.5816822052, 11.9319200516, -18.876750946, -26.9944038391, 43.5924110413, 171.24005127, 91.8112030029, 0.241228029132, -18.888715744, 14.5704221725, 18.778049469, -22.4449939728, -7.11629772186], [-54.0714912415, 71.644241333, -166.463745117, -92.9177856445, -16.5329055786, 91.8112030029, 182.408493042, 19.3551692963, 1.91217303276, -13.1819572449, 28.82239151, -44.7050437927, 8.9379863739], [100.173080444, 10.8123378754, -2.22681641579, 9.45597743988, 3.487200737, 0.241228029132, 19.3551692963, 113.205558777, 57.9933853149, 3.91591501236, -2.92741775513, 11.0272884369, 11.8129196167], [-86.4134063721, 21.248500824, -64.4144973755, 2.1303653717, -21.8368148804, -18.888715744, 1.91217303276, 57.9933853149, 120.944137573, 0.823713958263, 11.580534935, 6.44340229034, 24.5602474213], [108.57472229, -0.388539582491, 177.264160156, 75.8846817017, 60.6289825439, 14.5704221725, -13.1819572449, 3.91591501236, 0.823713958263, 108.215568542, 18.7847537994, 38.1575050354, -21.8361682892], [-180.777099609, 83.6458892822, -56.9067611694, -19.395980835, -9.07194232941, 18.778049469, 28.82239151, -2.92741775513, 11.580534935, 18.7847537994, 99.9263000488, 8.68679523468, 21.4805030823], [68.021446228, -32.983631134, 177.246398926, 78.4281692505, 49.7363128662, -22.4449939728, -44.7050437927, 11.0272884369, 6.44340229034, 38.1575050354, 8.68679523468, 105.007453918, 9.09171581268], [-148.082351685, 36.1129188538, -130.159790039, -28.1734580994, -13.4432249069, -7.11629772186, 8.9379863739, 11.8129196167, 24.5602474213, -21.8361682892, 21.4805030823, 9.09171581268, 91.871925354]],
        "icov": [[0.000398923963076, 1.16093051474e-05, 7.54474167479e-05, -0.000158622278832, -2.1913798264e-05, -8.39515632833e-05, -4.85569944431e-06, -0.000558833708055, 0.000439816416474, -0.000323741609463, 0.000658732489683, -0.000215847161599, 0.000432120228652], [1.16093051474e-05, 0.00268681463785, -0.000539380765986, 0.000294443889288, -0.00169922329951, 0.00122459186241, -0.00110945629422, 4.73307864013e-06, -0.000518579734489, 0.000811688310932, -0.00260091992095, 0.00216209865175, -0.0010320385918], [7.54474167479e-05, -0.000539380765986, 0.00280856247991, -0.00175568286795, -0.000465507939225, -0.00047693925444, 0.000940869678743, -0.000487760698888, 0.00117934367154, -0.00162662484217, 0.00140871666372, -0.00292617082596, 0.00289870332927], [-0.000158622278832, 0.000294443889288, -0.00175568286795, 0.00480507407337, -0.00210684048943, 0.000829690252431, 0.000531722849701, 0.000319255981594, -0.00133293843828, 0.000321625149809, -0.000833149126265, 0.00107581063639, -0.00120093906298], [-2.1913798264e-05, -0.00169922329951, -0.000465507939225, -0.00210684048943, 0.00799543224275, -0.00274992990308, 0.000341969891451, -0.000180676375749, 0.0012222280493, -0.00170332321431, 0.0023716960568, -0.00195179099683, -0.000819053559098], [-8.39515632833e-05, 0.00122459186241, -0.00047693925444, 0.000829690252431, -0.00274992990308, 0.00978783890605, -0.00486796721816, 0.00025031104451, 0.000582222768571, -0.000607819645666, -0.00205640634522, 0.00230044662021, -0.000287732895231], [-4.85569944431e-06, -0.00110945629422, 0.000940869678743, 0.000531722849701, 0.000341969891451, -0.00486796721816, 0.0100724445656, -0.00221351301298, 0.000760110036936, -0.000234481951338, -0.000752800202463, 0.00102623738348, 0.000717499642633], [-0.000558833708055, 4.73307864013e-06, -0.000487760698888, 0.000319255981594, -0.000180676375749, 0.00025031104451, -0.00221351301298, 0.0133974496275, -0.00683940527961, 0.000480736605823, 0.000771663268097, -0.000981071265414, -0.00115077616647], [0.000439816416474, -0.000518579734489, 0.00117934367154, -0.00133293843828, 0.0012222280493, 0.000582222768571, 0.000760110036936, -0.00683940527961, 0.0130819985643, -0.00181256781798, 0.000282249879092, -0.000962821184658, -0.000694513379131], [-0.000323741609463, 0.000811688310932, -0.00162662484217, 0.000321625149809, -0.00170332321431, -0.000607819645666, -0.000234481951338, 0.000480736605823, -0.00181256781798, 0.0147958789021, -0.00494025740772, -0.00152665923815, 0.00192531256471], [0.000658732489683, -0.00260091992095, 0.00140871666372, -0.000833149126265, 0.0023716960568, -0.00205640634522, -0.000752800202463, 0.000771663268097, 0.000282249879092, -0.00494025740772, 0.0162781979889, -0.00447819940746, -0.000626269727945], [-0.000215847161599, 0.00216209865175, -0.00292617082596, 0.00107581063639, -0.00195179099683, 0.00230044662021, 0.00102623738348, -0.000981071265414, -0.000962821184658, -0.00152665923815, -0.00447819940746, 0.0179313998669, -0.00592756364495], [0.000432120228652, -0.0010320385918, 0.00289870332927, -0.00120093906298, -0.000819053559098, -0.000287732895231, 0.000717499642633, -0.00115077616647, -0.000694513379131, 0.00192531256471, -0.000626269727945, -0.00592756364495, 0.0170376878232]]
    },
    "melbands": {
        "dmean": [0.0010160759557, 0.00117138726637, 0.000668373832013, 0.000284500070848, 0.000103073231003, 9.98853211058e-05, 0.000118195050163, 0.000102662554127, 0.000166129786521, 0.00031466447399, 0.000249191769399, 0.000196601875359, 0.000112057598017, 5.05890384375e-05, 5.75093945372e-05, 4.24901445513e-05, 4.16709917772e-05, 4.57917958556e-05, 3.5191365896e-05, 2.88231494778e-05, 1.82590520126e-05, 1.5094686205e-05, 1.21180855785e-05, 1.23344007079e-05, 7.94664174464e-06, 5.46653200217e-06, 4.31345233665e-06, 4.14797659687e-06, 3.14652902489e-06, 1.66617166997e-06, 1.02443709693e-06, 8.11320774119e-07, 7.28932377569e-07, 6.47285787636e-07, 7.2728437317e-07, 6.47142826438e-07, 5.72389353692e-07, 4.25318233965e-07, 4.4889989681e-07, 3.64869435998e-07],
        "dmean2": [0.00179065903649, 0.00210011703894, 0.00116145494394, 0.00050382129848, 0.000172720014234, 0.000159317685757, 0.00018743473629, 0.000162090422236, 0.000259730411926, 0.000501893751789, 0.000408309046179, 0.000316361896694, 0.000178678790689, 7.93544750195e-05, 9.09829395823e-05, 6.88067084411e-05, 6.57232740195e-05, 7.19071758795e-05, 5.43751229998e-05, 4.46972917416e-05, 2.9024993637e-05, 2.39794626395e-05, 1.96198125195e-05, 1.95159518626e-05, 1.28386791403e-05, 8.89632701728e-06, 7.00816872268e-06, 6.48506738798e-06, 4.96379516335e-06, 2.59244234257e-06, 1.61366642715e-06, 1.27577709463e-06, 1.13807459456e-06, 9.91921069726e-07, 1.11816996196e-06, 9.93178559838e-07, 8.60456907503e-07, 6.32196986317e-07, 7.00107250395e-07, 5.55868155061e-07],
        "dvar": [2.58714248957e-06, 5.3038529586e-06, 1.59387798249e-06, 2.36926851471e-07, 3.69504213893e-08, 6.9594889851e-08, 5.9818752618e-08, 4.01678548201e-08, 1.44222539689e-07, 4.72577994515e-07, 2.35308050378e-07, 1.81340197969e-07, 6.05991630209e-08, 1.53724055707e-08, 1.65534075336e-08, 9.53530587822e-09, 7.90384202531e-09, 9.07300101716e-09, 6.03612626549e-09, 3.52868045894e-09, 1.54625579007e-09, 1.07601794141e-09, 4.9381643219e-10, 4.25619067768e-10, 1.64623634169e-10, 6.0155033732e-11, 3.43400759217e-11, 4.81545463227e-11, 3.39388274428e-11, 7.86562221605e-12, 7.61107930153e-12, 3.64229306438e-12, 1.79072978234e-12, 1.3877199086e-12, 1.93306286776e-12, 1.38770776554e-12, 1.36303067357e-12, 1.12987646583e-12, 7.94632317846e-13, 6.87656528942e-13],
        "dvar2": [7.60989541959e-06, 1.50535233843e-05, 4.34916910308e-06, 6.57021530515e-07, 9.0881862036e-08, 1.6563838301e-07, 1.31830873329e-07, 9.19505396269e-08, 3.52133525894e-07, 1.25652627503e-06, 6.45258751319e-07, 4.78934907733e-07, 1.50991056103e-07, 3.49974556002e-08, 3.66701300436e-08, 2.33928307836e-08, 1.84446733442e-08, 2.0775495102e-08, 1.38943141437e-08, 8.05535638193e-09, 3.45091111242e-09, 2.59652077617e-09, 1.24299237569e-09, 1.01814556785e-09, 4.34490943224e-10, 1.47006781748e-10, 8.53842690995e-11, 1.12464919322e-10, 8.22943380108e-11, 1.82842300328e-11, 1.92485090367e-11, 8.59625651911e-12, 4.00054685559e-12, 2.74504919663e-12, 4.13074652608e-12, 3.08714425551e-12, 2.93926341599e-12, 2.55816895445e-12, 1.8320839637e-12, 1.54726253511e-12],
        "max": [0.016305392608, 0.0245326049626, 0.0193584859371, 0.00529698422179, 0.0046690297313, 0.00663361651823, 0.00873364601284, 0.00758823752403, 0.00986430700868, 0.0177049320191, 0.0101670902222, 0.00851352512836, 0.005232215859, 0.00283443275839, 0.003367487574, 0.00278758839704, 0.0018843379803, 0.00266216532327, 0.00161460565869, 0.00138100457843, 0.00125176855363, 0.000739128445275, 0.000575723592192, 0.000477008026792, 0.000281171378447, 0.00034173799213, 0.000117282259453, 0.000174145970959, 0.000181426934432, 7.26231955923e-05, 0.00013802202011, 8.99976803339e-05, 3.77965916414e-05, 3.7268109736e-05, 4.42013224529e-05, 5.15053543495e-05, 4.45443183708e-05, 5.68797040614e-05, 2.94861893053e-05, 2.12188970181e-05],
        "mean": [0.00125306472182, 0.00136861356441, 0.000783961848356, 0.000338390411343, 0.000154684603331, 0.000179826922249, 0.000214415980736, 0.000190064194612, 0.00031463673804, 0.000587464135606, 0.000482110481244, 0.000349089998053, 0.0001917656773, 8.76833073562e-05, 0.000107653126179, 7.73995343479e-05, 7.38184171496e-05, 9.02268875507e-05, 6.13179872744e-05, 5.4347106925e-05, 3.4467993828e-05, 3.03666238324e-05, 2.51863420999e-05, 2.58977961494e-05, 1.65625115187e-05, 1.24520038298e-05, 9.19272679312e-06, 8.63318928168e-06, 6.27123426966e-06, 3.19639957524e-06, 1.93153141481e-06, 1.56254134254e-06, 1.35393838718e-06, 1.26989698401e-06, 1.42589965435e-06, 1.32499235406e-06, 1.09297809558e-06, 8.15423447875e-07, 8.58601197251e-07, 6.32849378235e-07],
        "median": [0.000551156583242, 0.000805098738056, 0.000407237414038, 0.000200732392841, 8.10467972769e-05, 7.06096398062e-05, 0.000103228441731, 7.38702947274e-05, 8.68287243065e-05, 0.000173089589225, 0.000144520454342, 8.24362577987e-05, 4.69446931675e-05, 2.68679614237e-05, 3.54821058863e-05, 2.45660339715e-05, 2.64021855401e-05, 3.11240364681e-05, 2.2913545763e-05, 2.12079794437e-05, 1.56429032359e-05, 1.39407957249e-05, 1.51496260514e-05, 1.37429979077e-05, 1.02064686871e-05, 8.67860308063e-06, 6.5433173404e-06, 4.74312037113e-06, 3.29320118908e-06, 1.67135567608e-06, 1.01966406874e-06, 8.94915785921e-07, 7.53425183575e-07, 7.3853630056e-07, 7.98960684278e-07, 8.3164542275e-07, 6.48270599868e-07, 4.55360975593e-07, 5.85505006256e-07, 3.53943221398e-07],
        "min": [7.33351682106e-24, 8.70596361333e-24, 6.3842181738e-24, 4.47270091536e-24, 6.59992745516e-24, 3.17472870622e-24, 6.15336394634e-24, 4.68149030887e-24, 4.95918512472e-24, 2.03752011756e-23, 1.2258394385e-23, 1.45347211579e-23, 1.34894646813e-23, 4.92198047228e-24, 5.58800547937e-24, 1.22610378579e-23, 1.60784856618e-23, 1.77167872566e-23, 1.13582346724e-23, 1.27999923615e-23, 1.41511091438e-23, 1.05168963732e-23, 9.53911748066e-24, 1.01413630836e-23, 6.07353792805e-24, 1.16245580583e-23, 9.23710129423e-24, 8.16289125579e-24, 7.37569563594e-24, 8.23500655316e-24, 7.50313848176e-24, 9.2474432607e-24, 8.45784477053e-24, 1.05801961499e-23, 2.52049405366e-23, 1.02670175817e-23, 1.19486568281e-23, 1.12971058409e-23, 1.06365705168e-23, 8.4364989833e-24],
        "var": [3.09245524477e-06, 4.03951253247e-06, 1.36203880174e-06, 2.03837572599e-07, 6.4727437632e-08, 1.59534579325e-07, 1.55877714292e-07, 1.35245230126e-07, 4.25390282999e-07, 1.18432183172e-06, 5.98893223014e-07, 4.45149396455e-07, 1.54489896431e-07, 3.40299379786e-08, 4.98748455868e-08, 2.09587955879e-08, 1.74754575255e-08, 3.04726519573e-08, 1.27226531532e-08, 9.18922893334e-09, 3.60777741015e-09, 3.16013260004e-09, 1.13690878933e-09, 1.28139010513e-09, 3.70259406468e-10, 2.09715092514e-10, 8.92477342029e-11, 1.40941369686e-10, 7.30316015995e-11, 1.877428768e-11, 1.30411410837e-11, 6.37645491963e-12, 3.93870396367e-12, 3.35846693338e-12, 4.24835730831e-12, 2.94260275868e-12, 2.61958358651e-12, 1.99441960343e-12, 1.43016588156e-12, 1.17208185432e-12]
    },
    "mfcc": {
        "mean": [-621.445556641, 115.253913879, -15.1478872299, 11.2956819534, 5.41859960556, -2.00945210457, 8.14157676697, 10.2597150803, 5.68737745285, 11.1544027328, -0.687704861164, -1.65304529667, -3.52534508705],
        "cov": [[2666.59838867, -205.232818604, 109.189964294, 145.252685547, 66.2731628418, 14.8708753586, 29.2321300507, 42.8278007507, 63.3776092529, 111.822471619, -10.6271457672, -27.31823349, -64.1022872925], [-205.232818604, 508.264984131, -2.89277005196, 22.7369995117, 43.3338432312, 18.0338897705, 83.6146697998, 10.3859434128, -22.4764652252, 46.3055000305, 11.5357027054, 9.05844116211, 23.1273822784], [109.189964294, -2.89277005196, 727.018737793, 419.330932617, 309.394042969, 115.409934998, 1.32865715027, -35.6656494141, -31.3852958679, -44.2232666016, 17.4627056122, 69.0803070068, 70.4809036255], [145.252685547, 22.7369995117, 419.330932617, 515.802307129, 309.813232422, 69.4350509644, -18.3071804047, -32.8674430847, 9.7288608551, -43.9482841492, -25.9132900238, 74.9269790649, 76.1195449829], [66.2731628418, 43.3338432312, 309.394042969, 309.813232422, 349.639587402, 67.189704895, -9.77282428741, -20.2373180389, 8.31145572662, -23.4979286194, -33.8447647095, 47.9189300537, 70.0306854248], [14.8708753586, 18.0338897705, 115.409934998, 69.4350509644, 67.189704895, 186.390792847, 95.7747039795, -7.00653123856, -13.8619527817, 4.9019742012, 29.587518692, -10.3562822342, 0.214742183685], [29.2321300507, 83.6146697998, 1.32865715027, -18.3071804047, -9.77282428741, 95.7747039795, 187.132507324, 15.0720834732, -22.3555603027, 37.6953125, 16.6795864105, -13.828953743, -20.3589267731], [42.8278007507, 10.3859434128, -35.6656494141, -32.8674430847, -20.2373180389, -7.00653123856, 15.0720834732, 98.0820846558, 37.2974433899, 20.8171653748, 14.6008958817, -2.98388957977, 2.38454151154], [63.3776092529, -22.4764652252, -31.3852958679, 9.7288608551, 8.31145572662, -13.8619527817, -22.3555603027, 37.2974433899, 105.278305054, 17.5523548126, 1.08039200306, 3.13949012756, -0.7829220891], [111.822471619, 46.3055000305, -44.2232666016, -43.9482841492, -23.4979286194, 4.9019742012, 37.6953125, 20.8171653748, 17.5523548126, 98.7583618164, 26.2537994385, -8.26513957977, -11.4414892197], [-10.6271457672, 11.5357027054, 17.4627056122, -25.9132900238, -33.8447647095, 29.587518692, 16.6795864105, 14.6008958817, 1.08039200306, 26.2537994385, 98.4309768677, 13.8850221634, -1.09637129307], [-27.31823349, 9.05844116211, 69.0803070068, 74.9269790649, 47.9189300537, -10.3562822342, -13.828953743, -2.98388957977, 3.13949012756, -8.26513957977, 13.8850221634, 83.9817962646, 38.7813568115], [-64.1022872925, 23.1273822784, 70.4809036255, 76.1195449829, 70.0306854248, 0.214742183685, -20.3589267731, 2.38454151154, -0.7829220891, -11.4414892197, -1.09637129307, 38.7813568115, 87.2381973267]],
