{
"lowlevel": {
    "average_loudness": 0.41396522522,
    "barkbands_crest": {
        "dmean": 2.57286262512,
        "dmean2": 4.24642276764,
        "dvar": 5.91283988953,
        "dvar2": 15.1558046341,
        "max": 25.00664711,
        "mean": 10.1964492798,
        "median": 9.1108007431,
        "min": 2.75409388542,
        "var": 20.2987937927
    },
    "barkbands_flatness_db": {
        "dmean": 0.024370258674,
        "dmean2": 0.0369247421622,
        "dvar": 0.000621211715043,
        "dvar2": 0.00146009295713,
        "max": 0.583600878716,
        "mean": 0.172221541405,
        "median": 0.165438368917,
        "min": 0.0257452707738,
        "var": 0.00419944757596
    },
    "barkbands_kurtosis": {
        "dmean": 2.37768816948,
        "dmean2": 3.98160433769,
        "dvar": 31.504442215,
        "dvar2": 86.3776016235,
        "max": 100.029197693,
        "mean": 2.52176094055,
        "median": 0.552458524704,
        "min": -1.87019872665,
        "var": 43.5728912354
    },
    "barkbands_skewness": {
        "dmean": 0.507549583912,
        "dmean2": 0.812799811363,
        "dvar": 0.386993706226,
        "dvar2": 0.99143576622,
        "max": 8.28207015991,
        "mean": 0.91305744648,
        "median": 0.751315414906,
        "min": -5.24584102631,
        "var": 1.42540299892
    },
    "barkbands_spread": {
        "dmean": 4.47403669357,
        "dmean2": 7.05412387848,
        "dvar": 28.307094574,
        "dvar2": 63.8453865051,
        "max": 90.9744949341,
        "mean": 19.1938114166,
        "median": 17.6082515717,
        "min": 0.525819599628,
        "var": 127.909996033
    },
    "dissonance": {
        "dmean": 0.0227170046419,
        "dmean2": 0.0388340577483,
        "dvar": 0.000518016342539,
        "dvar2": 0.00143883877899,
        "max": 0.500000059605,
        "mean": 0.460183262825,
        "median": 0.468569159508,
        "min": 0.268204182386,
        "var": 0.0010138801299
    },
    "dynamic_complexity": 4.93280935287,
    "erbbands_crest": {
        "dmean": 2.72145962715,
        "dmean2": 4.39154481888,
        "dvar": 6.27740764618,
        "dvar2": 15.3900356293,
        "max": 32.2717704773,
        "mean": 11.1769323349,
        "median": 9.8108549118,
        "min": 2.39430570602,
        "var": 29.7522544861
    },
    "erbbands_flatness_db": {
        "dmean": 0.0200419910252,
        "dmean2": 0.0280436687171,
        "dvar": 0.000382003287086,
        "dvar2": 0.000629203859717,
        "max": 0.473627656698,
        "mean": 0.224746286869,
        "median": 0.224002212286,
        "min": 0.0548647120595,
        "var": 0.00473101204261
    },
    "erbbands_kurtosis": {
        "dmean": 1.04848778248,
        "dmean2": 1.6650018692,
        "dvar": 2.48051738739,
        "dvar2": 6.1478395462,
        "max": 47.4711418152,
        "mean": 0.977425277233,
        "median": 0.0239717960358,
        "min": -1.82047367096,
        "var": 9.18296813965
    },
    "erbbands_skewness": {
        "dmean": 0.360038161278,
        "dmean2": 0.554653465748,
        "dvar": 0.103994630277,
        "dvar2": 0.243774488568,
        "max": 4.48909902573,
        "mean": 0.275593310595,
        "median": 0.247805312276,
        "min": -5.07320165634,
        "var": 0.886236190796
    },
    "erbbands_spread": {
        "dmean": 4.80799150467,
        "dmean2": 7.33249855042,
        "dvar": 32.5682945251,
        "dvar2": 68.936958313,
        "max": 124.989547729,
        "mean": 24.3399066925,
        "median": 21.9989681244,
        "min": 1.387830019,
        "var": 175.129318237
    },
    "hfc": {
        "dmean": 3.76259040833,
        "dmean2": 5.60605478287,
        "dvar": 35.4516563416,
        "dvar2": 78.9539642334,
        "max": 121.277908325,
        "mean": 16.6532249451,
        "median": 10.2600488663,
        "min": 1.15298071841e-16,
        "var": 304.822784424
    },
    "melbands_crest": {
        "dmean": 3.77696228027,
        "dmean2": 6.27520084381,
        "dvar": 14.1042900085,
        "dvar2": 37.3008270264,
        "max": 38.3442077637,
        "mean": 14.4947462082,
        "median": 12.7368335724,
        "min": 2.42352390289,
        "var": 48.6430168152
    },
    "melbands_flatness_db": {
        "dmean": 0.0260534305125,
        "dmean2": 0.0396989770234,
        "dvar": 0.000731479376554,
        "dvar2": 0.00165332737379,
        "max": 0.738315761089,
        "mean": 0.217783868313,
        "median": 0.206902697682,
        "min": 0.00690230960026,
        "var": 0.00548943318427
    },
    "melbands_kurtosis": {
        "dmean": 4.16184949875,
        "dmean2": 6.88632631302,
        "dvar": 102.007492065,
        "dvar2": 274.737701416,
        "max": 179.839080811,
        "mean": 5.82155704498,
        "median": 2.45296382904,
        "min": -1.83187425137,
        "var": 143.765579224
    },
    "melbands_skewness": {
        "dmean": 0.5954439044,
        "dmean2": 0.94974064827,
        "dvar": 0.571910262108,
        "dvar2": 1.4507317543,
        "max": 11.7147254944,
        "mean": 1.52511048317,
        "median": 1.29445791245,
        "min": -3.15961527824,
        "var": 2.02201533318
    },
    "melbands_spread": {
        "dmean": 6.39870119095,
        "dmean2": 10.0991296768,
        "dvar": 58.2735443115,
        "dvar2": 131.116943359,
        "max": 165.060134888,
        "mean": 26.0897922516,
        "median": 23.6333637238,
        "min": 0.3746047616,
        "var": 251.195571899
    },
    "pitch_salience": {
        "dmean": 0.0734885558486,
        "dmean2": 0.121701091528,
        "dvar": 0.00492651155218,
        "dvar2": 0.0125224608928,
        "max": 0.88064032793,
        "mean": 0.551451683044,
        "median": 0.569518387318,
        "min": 0.0770488902926,
        "var": 0.019595772028
    },
    "silence_rate_20dB": {
        "dmean": 0,
        "dmean2": 0,
        "dvar": 0,
        "dvar2": 0,
        "max": 1,
        "mean": 1,
        "median": 1,
        "min": 1,
        "var": 0
    },
    "silence_rate_30dB": {
        "dmean": 0.00237304228358,
        "dmean2": 0.00474664755166,
        "dvar": 0.00236747227609,
        "dvar2": 0.00662301201373,
        "max": 1,
        "mean": 0.998457729816,
        "median": 1,
        "min": 0,
        "var": 0.00153978716116
    },
    "silence_rate_60dB": {
        "dmean": 0.0317987650633,
        "dmean2": 0.0636050775647,
        "dvar": 0.0307848751545,
        "dvar2": 0.0700097903609,
        "max": 1,
        "mean": 0.196108669043,
        "median": 0,
        "min": 0,
        "var": 0.157644674182
    },
    "spectral_centroid": {
        "dmean": 183.506439209,
        "dmean2": 281.515014648,
        "dvar": 44780.9140625,
        "dvar2": 88441.6015625,
        "max": 10842.9873047,
        "mean": 1442.38818359,
        "median": 1388.56994629,
        "min": 153.513458252,
        "var": 257982.09375
    },
    "spectral_complexity": {
        "dmean": 2.42121505737,
        "dmean2": 3.87231516838,
        "dvar": 5.89175891876,
        "dvar2": 13.8112249374,
        "max": 45,
        "mean": 15.2484283447,
        "median": 15,
        "min": 0,
        "var": 68.4854736328
    },
    "spectral_decrease": {
        "dmean": 1.79857984062e-09,
        "dmean2": 2.95011592932e-09,
        "dvar": 1.01998127593e-17,
        "dvar2": 2.78860980988e-17,
        "max": -9.58483032286e-29,
        "mean": -4.94060392597e-09,
        "median": -3.07305847436e-09,
        "min": -4.90107510132e-08,
        "var": 2.7782286932e-17
    },
    "spectral_energy": {
        "dmean": 0.00704020773992,
        "dmean2": 0.0115009732544,
        "dvar": 0.000149943967699,
        "dvar2": 0.000407377374358,
        "max": 0.185830667615,
        "mean": 0.0201574657112,
        "median": 0.0127598531544,
        "min": 1.08196346955e-20,
        "var": 0.000445143232355
    },
    "spectral_energyband_high": {
        "dmean": 8.78290229593e-05,
        "dmean2": 0.000137492912472,
        "dvar": 1.52140543719e-07,
        "dvar2": 4.11720151305e-07,
        "max": 0.0112353833392,
        "mean": 0.000196690554731,
        "median": 5.86888527323e-05,
        "min": 7.6974309721e-21,
        "var": 2.07525474138e-07
    },
    "spectral_energyband_low": {
        "dmean": 0.00409328518435,
        "dmean2": 0.00695144571364,
        "dvar": 8.76801714185e-05,
        "dvar2": 0.000238555847318,
        "max": 0.110282301903,
        "mean": 0.00576654169708,
        "median": 0.00119440583512,
        "min": 1.312484686e-22,
        "var": 0.000121697579743
    },
    "spectral_energyband_middle_high": {
        "dmean": 0.00219052098691,
        "dmean2": 0.00325526134111,
        "dvar": 1.66893496498e-05,
        "dvar2": 3.83634687751e-05,
        "max": 0.0870279073715,
        "mean": 0.0077213011682,
        "median": 0.00358396396041,
        "min": 1.91819872097e-21,
        "var": 0.000107829779154
    },
    "spectral_energyband_middle_low": {
        "dmean": 0.0023504474666,
        "dmean2": 0.00364452204667,
        "dvar": 1.81501363841e-05,
        "dvar2": 4.20597243647e-05,
        "max": 0.0832269638777,
        "mean": 0.00647508539259,
        "median": 0.00377048086375,
        "min": 2.94889433991e-22,
        "var": 6.92418761901e-05
    },
    "spectral_entropy": {
        "dmean": 0.132839515805,
        "dmean2": 0.191766306758,
        "dvar": 0.0181667152792,
        "dvar2": 0.0322829857469,
        "max": 9.79463577271,
        "mean": 7.3112821579,
        "median": 7.33931398392,
        "min": 5.47102642059,
        "var": 0.197101637721
    },
    "spectral_flux": {
        "dmean": 0.0220321249217,
        "dmean2": 0.0355072021484,
        "dvar": 0.000698453106452,
        "dvar2": 0.00179314764682,
        "max": 0.390390068293,
        "mean": 0.0746299549937,
        "median": 0.0641557052732,
        "min": 1.04017475189e-10,
        "var": 0.00252259895205
    },
    "spectral_kurtosis": {
        "dmean": 3.60087609291,
        "dmean2": 6.23059082031,
        "dvar": 24.1822071075,
        "dvar2": 71.6712722778,
        "max": 107.607643127,
        "mean": 8.386054039,
        "median": 6.54199790955,
        "min": -1.20999515057,
        "var": 46.0497283936
    },
    "spectral_rms": {
        "dmean": 0.000669454573654,
        "dmean2": 0.00106664781924,
        "dvar": 8.01985265753e-07,
        "dvar2": 2.07535322261e-06,
        "max": 0.0134647022933,
        "mean": 0.00384710379876,
        "median": 0.00352826248854,
        "min": 3.24896012871e-12,
        "var": 4.86559156343e-06
    },
    "spectral_rolloff": {
        "dmean": 365.26574707,
        "dmean2": 613.397155762,
        "dvar": 463112.90625,
        "dvar2": 952636,
        "max": 18475.4882812,
        "mean": 1597.68859863,
        "median": 1421.19140625,
        "min": 21.533203125,
        "var": 1326222.5
    },
    "spectral_skewness": {
        "dmean": 0.339507162571,
        "dmean2": 0.57561570406,
        "dvar": 0.142009958625,
        "dvar2": 0.431760132313,
        "max": 7.02867841721,
        "mean": 1.81200039387,
        "median": 1.76105189323,
        "min": -0.0870217382908,
        "var": 0.317318409681
    },
    "spectral_spread": {
        "dmean": 386657.6875,
        "dmean2": 542116.625,
        "dvar": 389704089600,
        "dvar2": 496605134848,
        "max": 40446288,
        "mean": 3123760.25,
        "median": 2898770.5,
        "min": 738135,
        "var": 2.22162924339e+12
    },
    "spectral_strongpeak": {
        "dmean": 0.686300516129,
        "dmean2": 1.16353166103,
        "dvar": 1.28506982327,
        "dvar2": 3.41063213348,
        "max": 12.0289497375,
        "mean": 1.35647952557,
        "median": 0.499645292759,
        "min": 0,
        "var": 3.23452019691
    },
    "zerocrossingrate": {
        "dmean": 0.00721043301746,
        "dmean2": 0.00866071972996,
        "dvar": 0.000124313228298,
        "dvar2": 0.000149593062815,
        "max": 0.685546875,
        "mean": 0.0564785413444,
        "median": 0.052734375,
        "min": 0.00146484375,
        "var": 0.000879921019077
    },
    "barkbands": {
        "dmean": [0.00217198068276, 0.00248343031853, 0.000656520074699, 0.000254019047134, 0.000329534872435, 0.000424588622991, 0.000340133206919, 0.000640311045572, 0.00106615270488, 0.00118652835954, 0.000607665569987, 0.000393364869524, 0.0003750542528, 0.000331464543706, 0.000343515159329, 0.000303540262394, 0.000331268791342, 0.000241821049713, 8.17930413177e-05, 4.19441857957e-05, 2.19228259084e-05, 1.88768990483e-05, 1.68629521795e-05, 1.32355316964e-05, 9.33384308155e-06, 7.43624423194e-06, 5.19707214153e-07],
        "dmean2": [0.00380985415541, 0.00418187957257, 0.00113456055988, 0.000433939159848, 0.00054759363411, 0.00066849734867, 0.000540650973562, 0.00100284011569, 0.0016838851152, 0.00187824119348, 0.000936045777053, 0.000612885516603, 0.000576279475354, 0.000518401851878, 0.000527326134034, 0.000461289513623, 0.000530249788426, 0.000380577490432, 0.000129737498355, 7.0872658398e-05, 3.5932771425e-05, 3.04545083054e-05, 2.8237753213e-05, 1.95790762518e-05, 1.36947428473e-05, 1.09496550067e-05, 8.42207157348e-07],
        "dvar": [5.77000755584e-05, 4.01103970944e-05, 4.47992897534e-06, 4.70213080916e-07, 6.0213181996e-07, 1.09329937459e-06, 5.95848916873e-07, 2.5211825232e-06, 8.73839508131e-06, 1.26993636513e-05, 3.98907241106e-06, 1.37169763548e-06, 1.37261167765e-06, 1.26687393731e-06, 9.30793248699e-07, 7.29831299395e-07, 5.47126717265e-07, 2.83826153691e-07, 3.83364238132e-08, 3.52690854299e-08, 3.9192076251e-09, 4.13160172741e-09, 6.86437484632e-09, 3.06179148701e-09, 1.19771503826e-09, 1.23300691879e-09, 1.95597080199e-11],
        "dvar2": [0.000173170381458, 0.000101942045148, 1.21136172311e-05, 1.29947829919e-06, 1.61927027875e-06, 2.50760331255e-06, 1.37074232498e-06, 6.04658453085e-06, 2.06243639695e-05, 3.27985835611e-05, 9.05947126739e-06, 3.2561883927e-06, 2.82475161839e-06, 2.87715511149e-06, 1.94333051695e-06, 1.53757559929e-06, 1.31158162731e-06, 6.75254568705e-07, 8.8222350314e-08, 9.84867796205e-08, 9.97428983851e-09, 1.02764703414e-08, 1.93338784982e-08, 6.8748993165e-09, 2.50991938344e-09, 2.7109952061e-09, 4.89586947372e-11],
        "max": [0.157666906714, 0.0810306966305, 0.0390304401517, 0.0226554628462, 0.0154609745368, 0.0490696020424, 0.02290016599, 0.0397467575967, 0.0690537020564, 0.0773231089115, 0.0570704378188, 0.0288743879646, 0.0400615744293, 0.0442519150674, 0.0218269303441, 0.0223506875336, 0.0199875235558, 0.0113703552634, 0.00447628181428, 0.00549053121358, 0.00123532360885, 0.0017605869798, 0.00189770455472, 0.00121118943207, 0.00079094490502, 0.00132488715462, 0.000250363606028],
        "mean": [0.00209525297396, 0.00351440161467, 0.000709850748535, 0.000347933149897, 0.000545604038052, 0.000758152047638, 0.000585421046708, 0.00113169313408, 0.00206683436409, 0.00256915693171, 0.00105642294511, 0.000699954398442, 0.000612005998846, 0.000644488784019, 0.000584368070122, 0.000552817131393, 0.000725686142687, 0.000573809782509, 0.000149688712554, 6.89970402163e-05, 4.53746906715e-05, 3.80068413506e-05, 2.7002144634e-05, 2.42331152549e-05, 1.78968602995e-05, 1.18054795166e-05, 6.01497561092e-07],
        "median": [2.53461748798e-05, 0.000429003237514, 0.000123996404, 8.25124589028e-05, 0.000309015187668, 0.000399871787522, 0.00025451782858, 0.000351135851815, 0.000367921951693, 0.000351295806468, 0.0001976180356, 0.000135579160997, 0.000121201192087, 0.000103873418993, 0.000136574846692, 0.000151560874656, 0.000190713151824, 0.000142199016409, 5.4662781622e-05, 2.13181228901e-05, 1.42474036693e-05, 1.07400210254e-05, 6.1791324697e-06, 4.27612758358e-06, 1.98564180209e-06, 5.53315828711e-07, 9.9580066415e-10],
        "min": [1.995078612e-23, 8.12502751006e-23, 2.76054237609e-23, 1.53660117358e-23, 9.57159078205e-23, 2.96913234556e-23, 2.78367524881e-23, 5.99385224811e-23, 3.29780019766e-23, 5.53809070002e-23, 4.45622918412e-23, 8.65240122004e-23, 1.56869042593e-22, 8.093431422e-23, 1.41582016344e-22, 2.44376461419e-22, 2.06952268987e-22, 3.22397506006e-22, 3.51594421933e-22, 5.47985900748e-22, 4.14592020787e-22, 4.56786814833e-22, 6.1198541606e-22, 7.93168918801e-22, 1.08577340771e-21, 1.78089259579e-21, 2.35648105516e-21],
        "var": [5.45216134924e-05, 5.43844798813e-05, 4.01859779231e-06, 9.87557541521e-07, 7.21681999494e-07, 1.76061587354e-06, 1.06578875148e-06, 5.36052493771e-06, 2.72664965451e-05, 5.1246570365e-05, 1.17591043818e-05, 4.10025222664e-06, 2.97207361655e-06, 5.87598651691e-06, 2.12910003938e-06, 1.67609528035e-06, 2.00538033823e-06, 1.03728211798e-06, 7.86484761761e-08, 3.41562405026e-08, 7.65739471831e-09, 7.93784504793e-09, 6.74149358559e-09, 5.93980065133e-09, 3.17780490811e-09, 3.05040903648e-09, 3.50682920203e-11]
    },
    "erbbands": {
        "dmean": [0.118811912835, 0.443471550941, 0.860276043415, 0.717976868153, 0.914019227028, 1.22170126438, 1.64968061447, 4.36348581314, 4.18213176727, 8.26079654694, 14.6797437668, 24.2257823944, 37.0508079529, 28.2436771393, 21.2340812683, 14.3534173965, 15.6803064346, 17.52876091, 14.2736701965, 16.7352581024, 14.257525444, 14.957408905, 12.1296377182, 5.77490377426, 2.99921226501, 1.91560471058, 1.12630748749, 0.781166672707, 0.769281744957, 0.521935284138, 0.476832509041, 0.291739344597, 0.222468286753, 0.123935997486, 0.0612501464784, 0.0318145230412, 0.0149228898808, 0.00240214937367, 6.75812334521e-05, 9.5756004157e-06],
        "dmean2": [0.203247591853, 0.732634842396, 1.46677649021, 1.21849811077, 1.57286393642, 2.0027089119, 2.65557003021, 6.82220029831, 6.62978839874, 12.9473848343, 22.8545894623, 37.6126785278, 57.1184654236, 43.3051490784, 31.9078807831, 22.4710464478, 23.8330307007, 26.9592227936, 21.8401126862, 25.4398860931, 22.0092887878, 23.3841590881, 18.8076152802, 8.88464260101, 4.74471855164, 3.23724412918, 1.89855933189, 1.28218364716, 1.24414598942, 0.859969139099, 0.793307960033, 0.450691908598, 0.328340649605, 0.185741603374, 0.0921933427453, 0.0481348894536, 0.0224714279175, 0.00352448131889, 0.000103005484561, 1.54278186528e-05],
        "dvar": [0.0878669768572, 1.98695588112, 8.59388542175, 3.72631692886, 6.70388650894, 7.3116941452, 9.29051208496, 127.251464844, 90.2347335815, 321.633056641, 1602.90014648, 4794.08886719, 12332.1503906, 7720.65234375, 4290.84570312, 1712.2088623, 2532.72460938, 3525.13305664, 1626.66186523, 2571.23413086, 1641.77001953, 1137.7644043, 626.776916504, 145.993988037, 80.8294219971, 79.7527999878, 23.229724884, 5.42436408997, 7.98939990997, 4.58079814911, 5.06016111374, 1.30943977833, 0.904047131538, 0.211593031883, 0.0573650039732, 0.0174085851759, 0.00623796740547, 0.000238826585701, 1.80078913559e-07, 3.71243924491e-10],
        "dvar2": [0.251438945532, 4.82714557648, 22.5310707092, 10.2376432419, 18.6599750519, 19.0696983337, 24.5494670868, 286.84753418, 206.042221069, 699.931030273, 4072.48901367, 11455.0556641, 30211.9902344, 19686.6132812, 8676.61816406, 4075.30883789, 5180.59570312, 8181.05615234, 3664.86791992, 5704.37841797, 3723.31762695, 2732.18457031, 1460.55383301, 330.047088623, 179.785842896, 227.682128906, 66.5335693359, 13.4001913071, 19.9578647614, 12.465294838, 14.1355876923, 3.01516985893, 2.03557658195, 0.457334756851, 0.126610502601, 0.0403092764318, 0.0143163874745, 0.000448221951956, 3.41893553468e-07, 8.54320891808e-10],
        "max": [4.55709886551, 21.1271629333, 44.5343208313, 66.3739242554, 61.1455383301, 61.6011810303, 61.4342079163, 493.743896484, 319.402008057, 718.337036133, 1011.77679443, 1859.46582031, 3050.37963867, 2759.59863281, 2030.78308105, 1172.86474609, 2225.31005859, 2365.15429688, 1229.41442871, 1337.50793457, 1369.35266113, 820.332702637, 626.31640625, 303.118469238, 262.176818848, 271.744506836, 143.688232422, 60.9009399414, 97.76171875, 53.3271636963, 44.6462135315, 24.1595077515, 21.1155147552, 8.91644191742, 5.96829128265, 3.52596688271, 3.21336388588, 0.735408306122, 0.0175779908895, 0.000756508379709],
        "mean": [0.146909162402, 0.615665555, 0.982708275318, 1.02368807793, 1.21217358112, 1.9842672348, 3.11627292633, 7.44699716568, 7.867664814, 15.1834259033, 27.1251583099, 49.1182899475, 79.1611099243, 61.9078063965, 40.3406562805, 28.4863510132, 28.6139850616, 35.9978866577, 27.9876060486, 32.7028121948, 31.9391460419, 39.5658569336, 34.2465820312, 14.6993160248, 6.03142929077, 3.30902647972, 2.14535355568, 1.59879291058, 1.49886476994, 0.926947295666, 0.771225214005, 0.528546333313, 0.39417937398, 0.231001213193, 0.111475922167, 0.0512133054435, 0.0224799625576, 0.00349362427369, 0.000107203552034, 2.74471094599e-05],
        "median": [0.0129128228873, 0.0911154597998, 0.181914120913, 0.279493570328, 0.461320370436, 1.0362432003, 1.7380644083, 3.60181570053, 3.80742883682, 6.7176194191, 7.98927736282, 9.89820289612, 12.8941326141, 11.7760925293, 9.21165847778, 6.61155080795, 6.74300527573, 6.82236719131, 7.17412900925, 8.27985858917, 10.5385866165, 10.8417320251, 9.03767490387, 4.79776906967, 2.25445055962, 1.09625267982, 0.690228462219, 0.481690764427, 0.391507267952, 0.269895911217, 0.168458938599, 0.115101262927, 0.0568351186812, 0.0273091346025, 0.00987835973501, 0.00348062999547, 0.000647036009468, 3.53672985511e-05, 1.42092158057e-05, 1.73124153662e-05],
        "min": [3.73568375951e-21, 1.30092221666e-20, 2.71425650142e-20, 5.02314474261e-20, 1.22549483162e-19, 4.46170313967e-19, 2.67897072132e-19, 2.1061257874e-19, 2.64015346162e-19, 1.04688991621e-18, 1.078369205e-18, 6.10246396454e-19, 1.96641097529e-18, 1.58679463113e-18, 2.15514463975e-18, 4.49883724192e-18, 7.14545496493e-18, 3.49110998502e-18, 6.16023157018e-18, 1.0715146281e-17, 1.08111066766e-17, 1.27714114046e-17, 1.19654595553e-17, 2.56729532089e-17, 1.44734901978e-17, 3.07306663463e-17, 1.50695929431e-17, 1.7351279673e-17, 1.75641512949e-17, 1.37341669196e-17, 2.14722289646e-17, 1.42793045859e-17, 1.44437580178e-17, 1.32929462993e-17, 7.5088792486e-18, 5.67314916161e-18, 3.3702384248e-18, 1.42124311692e-18, 3.36300540243e-19, 3.40438201064e-20],
        "var": [0.112681590021, 2.24657273293, 7.79963588715, 7.59687852859, 6.56151866913, 10.2323904037, 18.6713237762, 201.421936035, 170.448852539, 730.351928711, 3499.36230469, 15703.5683594, 46185.8476562, 31212.65625, 14215.5097656, 5192.44921875, 5644.54394531, 16098.1826172, 4319.3828125, 6615.37451172, 4000.9519043, 5672.70898438, 3548.07739258, 590.619995117, 161.618743896, 71.3523254395, 23.9329109192, 10.6040477753, 15.3637638092, 5.45067119598, 5.30278110504, 2.33019161224, 1.80487978458, 0.534999191761, 0.130564272404, 0.0355947948992, 0.0142791466787, 0.000646119588055, 5.22732420905e-07, 1.18020349049e-09]
    },
    "gfcc": {
        "mean": [-68.2755126953, 117.517372131, -157.629760742, 13.8501644135, -53.3130264282, 4.09703874588, -30.8682861328, 14.8120546341, -9.12899684906, -6.3195643425, -9.00554943085, 1.54653739929, -5.51991891861],
        "cov": [[8154.08154297, -1404.39294434, 578.875366211, 672.861328125, 82.0571975708, 961.786743164, -35.7802352905, 531.426940918, -59.7469825745, 387.717041016, -243.713516235, 199.61541748, 55.2521324158], [-1404.39294434, 2561.23461914, -230.037338257, 283.155517578, 759.853759766, -561.884521484, 444.979064941, -268.878540039, 430.721343994, -396.284057617, 428.661560059, -135.542160034, 106.543113708], [578.875366211, -230.037338257, 1214.95349121, 379.094970703, 70.4768600464, 187.450332642, -109.744865417, 105.511238098, -164.444946289, 285.666748047, -144.034759521, 164.849716187, -16.529718399], [672.861328125, 283.155517578, 379.094970703, 691.93737793, 140.370773315, 106.782897949, 35.4150428772, 22.5809803009, 76.2760467529, 23.5364589691, 80.7448272705, 0.864653766155, 75.8573226929], [82.0571975708, 759.853759766, 70.4768600464, 140.370773315, 540.066162109, -128.00958252, 140.206771851, -14.7756175995, 155.120330811, -44.9787864685, 122.786651611, 17.3071880341, -11.5900287628], [961.786743164, -561.884521484, 187.450332642, 106.782897949, -128.00958252, 448.934844971, -8.26804256439, 115.905090332, -64.4643859863, 138.942214966, -68.853553772, -7.90014028549, 50.5627937317], [-35.7802352905, 444.979064941, -109.744865417, 35.4150428772, 140.206771851, -8.26804256439, 371.053314209, -33.304851532, 86.0838165283, -61.6960411072, 88.4432373047, -7.34867954254, 58.1610412598], [531.426940918, -268.878540039, 105.511238098, 22.5809803009, -14.7756175995, 115.905090332, -33.304851532, 227.820617676, -3.3264837265, 47.0269584656, -19.6821842194, 41.7165184021, 8.1221780777], [-59.7469825745, 430.721343994, -164.444946289, 76.2760467529, 155.120330811, -64.4643859863, 86.0838165283, -3.3264837265, 301.431427002, -99.9652023315, 124.649780273, -41.7632827759, 54.4117088318], [387.717041016, -396.284057617, 285.666748047, 23.5364589691, -44.9787864685, 138.942214966, -61.6960411072, 47.0269584656, -99.9652023315, 289.576416016, -90.4006118774, 53.9984436035, -2.50843954086], [-243.713516235, 428.661560059, -144.034759521, 80.7448272705, 122.786651611, -68.853553772, 88.4432373047, -19.6821842194, 124.649780273, -90.4006118774, 231.364456177, -23.7909889221, 36.209148407], [199.61541748, -135.542160034, 164.849716187, 0.864653766155, 17.3071880341, -7.90014028549, -7.34867954254, 41.7165184021, -41.7632827759, 53.9984436035, -23.7909889221, 177.007736206, -15.7114810944], [55.2521324158, 106.543113708, -16.529718399, 75.8573226929, -11.5900287628, 50.5627937317, 58.1610412598, 8.1221780777, 54.4117088318, -2.50843954086, 36.209148407, -15.7114810944, 170.000366211]],
        "icov": [[0.000214707368286, 6.88796644681e-05, 0.000123828780488, -0.000229090481298, -0.000203900795896, -0.000337468984071, -1.81728537427e-05, -0.000235784013057, -3.86801220884e-05, -3.50650079781e-05, 0.000228365883231, -0.000207257573493, 4.93350526085e-05], [6.88796644681e-05, 0.00217689736746, -0.000578188686632, -0.000229611672694, -0.00177721644286, 0.00157974637114, -0.00115323194768, 0.0010354014812, -0.000459739938378, 0.00121117045637, -0.00127909751609, 0.00134037970565, -0.00102506775875], [0.000123828780488, -0.000578188686632, 0.00197317521088, -0.00105437962338, -6.23216619715e-05, -0.000779262045398, 0.000575591402594, -0.000652943213936, 0.000653744325973, -0.00133090501186, 0.00123172067106, -0.00150304799899, 0.000416115770349], [-0.000229090481298, -0.000229611672694, -0.00105437962338, 0.00256762467325, 4.29576466559e-05, -0.000315921730362, 0.000216535801883, 0.000437253998825, -0.00033340259688, 0.000413697067415, -0.00103313941509, 0.000538574939128, -0.000645318883471], [-0.000203900795896, -0.00177721644286, -6.23216619715e-05, 4.29576466559e-05, 0.00447992375121, -0.000206703261938, -1.13148826131e-05, -0.000836516031995, -0.000786800228525, -0.00121576758102, 0.000102815807622, -0.000974841415882, 0.00168750260491], [-0.000337468984071, 0.00157974637114, -0.000779262045398, -0.000315921730362, -0.000206703261938, 0.00548786018044, -0.00148304563481, -0.000393432885176, -5.8271249145e-05, -0.000302550033666, -0.000985364895314, 0.00242795515805, -0.00148687767796], [-1.81728537427e-05, -0.00115323194768, 0.000575591402594, 0.000216535801883, -1.13148826131e-05, -0.00148304563481, 0.0041384533979, 5.35668368684e-05, 0.000198882553377, -0.000219066132559, 0.000148056875332, -0.00121640379075, -0.000500928726979], [-0.000235784013057, 0.0010354014812, -0.000652943213936, 0.000437253998825, -0.000836516031995, -0.000393432885176, 5.35668368684e-05, 0.00639968179166, -0.000825518916827, 0.000833166472148, -0.00104897900019, -0.00042330895667, -0.000634155003354], [-3.86801220884e-05, -0.000459739938378, 0.000653744325973, -0.00033340259688, -0.000786800228525, -5.8271249145e-05, 0.000198882553377, -0.000825518916827, 0.00553266052157, 0.000407158251619, -0.00103446270805, 0.000308858114295, -0.00106781488284], [-3.50650079781e-05, 0.00121117045637, -0.00133090501186, 0.000413697067415, -0.00121576758102, -0.000302550033666, -0.000219066132559, 0.000833166472148, 0.000407158251619, 0.0062664267607, -0.000138147050166, 0.000180463845027, -0.00101118953899], [0.000228365883231, -0.00127909751609, 0.00123172067106, -0.00103313941509, 0.000102815807622, -0.000985364895314, 0.000148056875332, -0.00104897900019, -0.00103446270805, -0.000138147050166, 0.0079149575904, -0.00130627502222, 0.000130227752379], [-0.000207257573493, 0.00134037970565, -0.00150304799899, 0.000538574939128, -0.000974841415882, 0.00242795515805, -0.00121640379075, -0.00042330895667, 0.000308858114295, 0.000180463845027, -0.00130627502222, 0.00835247710347, -0.000557396851946], [4.93350526085e-05, -0.00102506775875, 0.000416115770349, -0.000645318883471, 0.00168750260491, -0.00148687767796, -0.000500928726979, -0.000634155003354, -0.00106781488284, -0.00101118953899, 0.000130227752379, -0.000557396851946, 0.00784371700138]]
    },
    "melbands": {
        "dmean": [0.000936664873734, 0.000496070075314, 0.000128928586491, 7.27640290279e-05, 5.64135953027e-05, 9.25285567064e-05, 6.59606303088e-05, 9.89417167148e-05, 0.000126319297124, 0.000163399978192, 0.00019040821644, 0.000122545287013, 7.90958947618e-05, 4.80874296045e-05, 3.64368570445e-05, 3.82596663258e-05, 3.47953209712e-05, 2.45578266913e-05, 2.58271193161e-05, 2.14674309973e-05, 1.8929660655e-05, 1.79762337211e-05, 1.60329927894e-05, 1.01515070128e-05, 4.90904812978e-06, 2.54101610153e-06, 1.79235200903e-06, 1.35547816171e-06, 8.11149277524e-07, 5.91902107772e-07, 4.63017244101e-07, 4.96168013342e-07, 3.71603704252e-07, 3.05773937725e-07, 3.06675815409e-07, 2.35265801507e-07, 1.74370967443e-07, 1.74927279772e-07, 1.36464279876e-07, 1.03450361166e-07],
        "dmean2": [0.00158824305981, 0.000828689488117, 0.000218030429096, 0.000122105120681, 9.05311389943e-05, 0.000145090263686, 0.000104507314973, 0.000154687761096, 0.000195834174519, 0.000253453763435, 0.00029247670318, 0.000187280034879, 0.000119283402455, 7.37622467568e-05, 5.63050998608e-05, 5.77404498472e-05, 5.37134146725e-05, 3.82538310078e-05, 3.81646277674e-05, 3.24547072523e-05, 2.94201909128e-05, 2.83560439129e-05, 2.52439585893e-05, 1.58634265972e-05, 7.60063630878e-06, 4.03165449825e-06, 2.92050094686e-06, 2.3495304049e-06, 1.38637733471e-06, 9.7276483757e-07, 7.70139024553e-07, 8.14577731489e-07, 6.03214232342e-07, 5.21478966675e-07, 5.15454416927e-07, 3.86162895438e-07, 2.66335604238e-07, 2.62462123146e-07, 2.03881626248e-07, 1.5975463441e-07],
        "dvar": [4.9892005336e-06, 2.8152358027e-06, 1.05992249644e-07, 3.66553507547e-08, 9.94414595112e-09, 5.60184041376e-08, 2.13686242034e-08, 4.43145751206e-08, 1.14571697907e-07, 2.2049079007e-07, 3.18688677226e-07, 1.47673304696e-07, 6.62197479073e-08, 2.15848743323e-08, 1.16988809751e-08, 1.62573599027e-08, 1.57222856956e-08, 5.56902879367e-09, 6.14188033765e-09, 4.36884750599e-09, 2.60761723325e-09, 1.73851621987e-09, 1.73851555374e-09, 4.59325161239e-10, 1.21081630833e-10, 4.66636729257e-11, 4.36103826662e-11, 6.28588223139e-11, 1.50126248238e-11, 2.8407415309e-12, 2.02454481131e-12, 3.54311068332e-12, 1.42598118643e-12, 2.18781546699e-12, 2.16187874894e-12, 9.28251833038e-13, 4.89824381143e-13, 6.16103739207e-13, 2.52121972388e-13, 1.46691185132e-13],
        "dvar2": [1.39425710586e-05, 7.10146559868e-06, 2.85981457182e-07, 9.9288030242e-08, 2.59554795434e-08, 1.25380609006e-07, 4.91163056893e-08, 9.79357821507e-08, 2.94582321203e-07, 5.22219124832e-07, 7.81398682648e-07, 3.79128721306e-07, 1.39983598046e-07, 4.95451146776e-08, 2.53212935064e-08, 3.21684296978e-08, 3.67364947351e-08, 1.24882122421e-08, 1.23460646151e-08, 9.13628728227e-09, 5.99583005467e-09, 4.18605416996e-09, 4.12060785493e-09, 1.11959019833e-09, 2.75978906394e-10, 1.03813874164e-10, 1.05370483172e-10, 1.82510631608e-10, 4.33305127889e-11, 7.03253818027e-12, 5.22137498168e-12, 8.70051340002e-12, 3.6591038359e-12, 6.15681507513e-12, 6.11142820378e-12, 2.37689100173e-12, 1.10749105199e-12, 1.44560947414e-12, 5.29457066297e-13, 3.39160150702e-13],
        "max": [0.0292987935245, 0.0229519288987, 0.00996890384704, 0.00424007792026, 0.00177849072497, 0.0108994357288, 0.00460782833397, 0.00760630145669, 0.00993971992284, 0.0128003079444, 0.0150472512469, 0.0122742084786, 0.00790649000555, 0.00342443934642, 0.00279281963594, 0.0039713634178, 0.0052915206179, 0.00176780100446, 0.00214567431249, 0.00205601681955, 0.00143581698649, 0.00125300837681, 0.00110121420585, 0.000579266808927, 0.000296414713375, 0.000202237075428, 0.000215667896555, 0.000252133206232, 0.000120046519442, 4.37380003859e-05, 2.67011855613e-05, 7.17072543921e-05, 3.08703274641e-05, 3.89776942029e-05, 2.90355201287e-05, 2.14746632992e-05, 1.85633161891e-05, 1.808475281e-05, 1.31441120175e-05, 7.62919489716e-06],
        "mean": [0.00125842227135, 0.000634914380498, 0.000184049029485, 0.000110281354864, 0.000109393178718, 0.0001606108126, 0.000122282363009, 0.000180191374966, 0.000225801981287, 0.000322156120092, 0.000396487361286, 0.000256243045442, 0.000143540761201, 8.61306398292e-05, 6.19717538939e-05, 6.35301403236e-05, 6.76916388329e-05, 4.26513215643e-05, 4.35125220974e-05, 4.04956190323e-05, 3.78699696739e-05, 4.07861371059e-05, 3.95499155275e-05, 2.47475763899e-05, 1.05520002762e-05, 4.5005699576e-06, 3.2380050925e-06, 1.9613164568e-06, 1.37296774483e-06, 1.08596452719e-06, 8.57048235048e-07, 9.00298061879e-07, 6.41208316665e-07, 4.69666389336e-07, 4.62740104012e-07, 3.70791440218e-07, 3.01740328723e-07, 2.82793223505e-07, 2.43753277118e-07, 1.77748788133e-07],
        "median": [0.000129093255964, 0.000120598509966, 5.83196197113e-05, 5.57447419851e-05, 6.48038985673e-05, 7.96485110186e-05, 5.7788205595e-05, 7.57423986215e-05, 5.91863317823e-05, 5.70379415876e-05, 5.73041470489e-05, 4.1292179958e-05, 2.85459136649e-05, 1.78982190846e-05, 1.27194371089e-05, 1.29014233607e-05, 1.05179033199e-05, 9.49440800468e-06, 1.01541045296e-05, 1.01992900454e-05, 1.08454350993e-05, 1.0784551705e-05, 9.14307474886e-06, 6.03516400588e-06, 3.15869897349e-06, 1.49061338561e-06, 9.12237794637e-07, 5.7512352214e-07, 4.12412418882e-07, 3.182842363e-07, 2.4502855922e-07, 2.17452395646e-07, 1.81338108973e-07, 1.16760027424e-07, 9.07571262587e-08, 7.94212056121e-08, 5.81590704485e-08, 3.90040284515e-08, 3.03169436222e-08, 1.73774505896e-08],
        "min": [2.78813673055e-23, 1.51468598654e-23, 9.71547601349e-24, 2.05673676921e-23, 1.26352427058e-23, 4.87334838077e-24, 4.53785924841e-24, 1.26420616194e-23, 7.81803045588e-24, 4.47296478933e-24, 9.39551560805e-24, 5.54350938558e-24, 6.70784520472e-24, 8.07069313749e-24, 2.15337443891e-23, 8.97044895333e-24, 6.39856203164e-24, 8.97979932164e-24, 1.27393384242e-23, 1.96651143426e-23, 9.03110920149e-24, 1.20632459743e-23, 1.38513498884e-23, 1.2836723303e-23, 2.23557548073e-23, 1.06687307982e-23, 1.24081825048e-23, 2.18656607704e-23, 8.00015477307e-24, 1.0644004742e-23, 9.3671521142e-24, 9.32700934932e-24, 1.01111181564e-23, 6.52343555749e-24, 1.33865167554e-23, 8.79863110386e-24, 8.45225963532e-24, 1.01903608121e-23, 9.14964580769e-24, 1.28528192209e-23],
        "var": [6.96048846294e-06, 2.75049683296e-06, 1.88167717852e-07, 3.91853696158e-08, 2.01481284989e-08, 8.97669920619e-08, 4.07960492055e-08, 1.01563649935e-07, 2.51363189818e-07, 7.3447330351e-07, 1.19774233553e-06, 6.01298268066e-07, 2.14755743855e-07, 6.50742748576e-08, 2.90615709275e-08, 3.32286624882e-08, 7.2268633744e-08, 1.26145955903e-08, 1.3326088677e-08, 1.12793143714e-08, 6.11087624947e-09, 6.78417100275e-09, 7.82123965593e-09, 1.80760051371e-09, 3.89545562474e-10, 9.3755427033e-11, 7.83515821667e-11, 4.49705758743e-11, 1.31485898558e-11, 4.99755488728e-12, 3.42766570335e-12, 6.66638142258e-12, 2.20347871893e-12, 2.02935389847e-12, 2.12642100109e-12, 1.2177199353e-12, 8.59365855387e-13, 1.01952420031e-12, 6.51836657567e-13, 3.27134939146e-13]
    },
    "mfcc": {
        "mean": [-698.029663086, 144.462142944, -35.426410675, 8.43112182617, -0.215154245496, -8.35003376007, -8.61544418335, 13.0404968262, 3.20626187325, 0.685866236687, 2.66399216652, 2.4048242569, -1.72392821312],
        "cov": [[7030.58984375, -837.222961426, -56.9820823669, 313.562042236, 145.472640991, 454.271697998, 243.109893799, 273.137390137, 378.690582275, 236.412734985, 69.7920150757, 160.186248779, 45.227935791], [-837.222961426, 1604.24072266, -257.763580322, 375.225463867, 315.707000732, -52.1337814331, 5.0187163353, 180.792251587, -67.9311523438, -76.7535324097, 107.868736267, 112.817901611, 10.0449380875], [-56.9820823669, -257.763580322, 933.327941895, 259.592315674, 109.299293518, 151.393661499, 94.4033737183, -87.699005127, 52.5542144775, 32.6159362793, -59.4064941406, -18.5755996704, 86.3991622925], [313.562042236, 375.225463867, 259.592315674, 628.239257812, 233.279083252, 127.677490234, 69.1907730103, 53.7031745911, 29.1670188904, -12.0492553711, 25.3630771637, 70.0653839111, 68.673248291], [145.472640991, 315.707000732, 109.299293518, 233.279083252, 428.669067383, 15.6460514069, -49.958442688, 63.7031707764, -4.98744010925, 17.1717033386, 60.4640922546, 79.0469284058, 9.91211128235], [454.271697998, -52.1337814331, 151.393661499, 127.677490234, 15.6460514069, 291.834228516, 113.097755432, -35.9014968872, 69.5730438232, 73.5048599243, -9.3173084259, 4.29003381729, 44.3295516968], [243.109893799, 5.0187163353, 94.4033737183, 69.1907730103, -49.958442688, 113.097755432, 244.998718262, 21.3123722076, 39.3256607056, 12.488492012, 9.31942653656, 21.1361713409, 36.1831169128], [273.137390137, 180.792251587, -87.699005127, 53.7031745911, 63.7031707764, -35.9014968872, 21.3123722076, 255.316452026, 21.79413414, -23.1558017731, 52.0946846008, 56.5719604492, -9.89202594757], [378.690582275, -67.9311523438, 52.5542144775, 29.1670188904, -4.98744010925, 69.5730438232, 39.3256607056, 21.79413414, 172.128036499, 66.4827575684, -10.7986650467, -6.61949300766, 8.42018032074], [236.412734985, -76.7535324097, 32.6159362793, -12.0492553711, 17.1717033386, 73.5048599243, 12.488492012, -23.1558017731, 66.4827575684, 172.759552002, 6.92321157455, -10.1067352295, 4.83663129807], [69.7920150757, 107.868736267, -59.4064941406, 25.3630771637, 60.4640922546, -9.3173084259, 9.31942653656, 52.0946846008, -10.7986650467, 6.92321157455, 149.088851929, 50.0506210327, -9.65862846375], [160.186248779, 112.817901611, -18.5755996704, 70.0653839111, 79.0469284058, 4.29003381729, 21.1361713409, 56.5719604492, -6.61949300766, -10.1067352295, 50.0506210327, 143.557601929, 15.8112764359], [45.227935791, 10.0449380875, 86.3991622925, 68.673248291, 9.91211128235, 44.3295516968, 36.1831169128, -9.89202594757, 8.42018032074, 4.83663129807, -9.65862846375, 15.8112764359, 107.862442017]],
