{
"lowlevel": {
    "average_loudness": 0.8957208395,
    "barkbands_crest": {
        "dmean": 3.03063297272,
        "dmean2": 4.9872918129,
        "dvar": 7.04890823364,
        "dvar2": 17.4271202087,
        "max": 25.8741989136,
        "mean": 11.0938053131,
        "median": 10.2409496307,
        "min": 2.54647636414,
        "var": 19.8074073792
    },
    "barkbands_flatness_db": {
        "dmean": 0.0243981778622,
        "dmean2": 0.0369176715612,
        "dvar": 0.000511417048983,
        "dvar2": 0.00107940915041,
        "max": 0.655060470104,
        "mean": 0.149457126856,
        "median": 0.136150926352,
        "min": 0.0241097752005,
        "var": 0.00458692014217
    },
    "barkbands_kurtosis": {
        "dmean": 3.24501681328,
        "dmean2": 5.13835573196,
        "dvar": 64.157043457,
        "dvar2": 157.569885254,
        "max": 247.827362061,
        "mean": 4.39713668823,
        "median": 1.29604148865,
        "min": -1.89639389515,
        "var": 147.394042969
    },
    "barkbands_skewness": {
        "dmean": 0.575222909451,
        "dmean2": 0.891660690308,
        "dvar": 0.382527023554,
        "dvar2": 0.877083778381,
        "max": 12.8001775742,
        "mean": 1.44332623482,
        "median": 1.22419095039,
        "min": -1.92827272415,
        "var": 1.72990643978
    },
    "barkbands_spread": {
        "dmean": 5.38889884949,
        "dmean2": 8.34256744385,
        "dvar": 38.3280487061,
        "dvar2": 86.0099639893,
        "max": 93.2939834595,
        "mean": 21.8623161316,
        "median": 21.0084247589,
        "min": 0.205693662167,
        "var": 144.577102661
    },
    "dissonance": {
        "dmean": 0.0199609864503,
        "dmean2": 0.0336552634835,
        "dvar": 0.000417241331888,
        "dvar2": 0.00115078384988,
        "max": 0.5,
        "mean": 0.462116092443,
        "median": 0.470214158297,
        "min": 0.267688781023,
        "var": 0.000925555592403
    },
    "dynamic_complexity": 3.88653182983,
    "erbbands_crest": {
        "dmean": 2.88715600967,
        "dmean2": 4.64249134064,
        "dvar": 7.17763614655,
        "dvar2": 17.5314941406,
        "max": 31.066400528,
        "mean": 10.5426797867,
        "median": 9.68519687653,
        "min": 2.19460821152,
        "var": 23.8044395447
    },
    "erbbands_flatness_db": {
        "dmean": 0.0189377702773,
        "dmean2": 0.0273389220238,
        "dvar": 0.000308117567329,
        "dvar2": 0.000590339361224,
        "max": 0.416714668274,
        "mean": 0.171929121017,
        "median": 0.160689309239,
        "min": 0.0533723197877,
        "var": 0.00389076163992
    },
    "erbbands_kurtosis": {
        "dmean": 1.03880393505,
        "dmean2": 1.65857827663,
        "dvar": 1.92000806332,
        "dvar2": 4.67942523956,
        "max": 22.1711273193,
        "mean": 0.890382230282,
        "median": 0.0880284309387,
        "min": -1.83681869507,
        "var": 5.65201711655
    },
    "erbbands_skewness": {
        "dmean": 0.37818723917,
        "dmean2": 0.590222120285,
        "dvar": 0.116022713482,
        "dvar2": 0.274630188942,
        "max": 4.16884613037,
        "mean": 0.385556280613,
        "median": 0.321084856987,
        "min": -2.78743505478,
        "var": 0.691098928452
    },
    "erbbands_spread": {
        "dmean": 7.07724809647,
        "dmean2": 10.7133274078,
        "dvar": 58.4882392883,
        "dvar2": 123.517364502,
        "max": 124.431793213,
        "mean": 33.8859062195,
        "median": 32.4232635498,
        "min": 2.36707854271,
        "var": 308.50604248
    },
    "hfc": {
        "dmean": 6.17899131775,
        "dmean2": 8.63496875763,
        "dvar": 68.1462860107,
        "dvar2": 135.700744629,
        "max": 123.776596069,
        "mean": 22.0296268463,
        "median": 18.1599025726,
        "min": 1.17667262699e-16,
        "var": 372.930786133
    },
    "melbands_crest": {
        "dmean": 3.97115683556,
        "dmean2": 6.44595146179,
        "dvar": 11.3115921021,
        "dvar2": 28.6594848633,
        "max": 36.2668228149,
        "mean": 15.6699886322,
        "median": 14.4674158096,
        "min": 2.20221233368,
        "var": 39.9532814026
    },
    "melbands_flatness_db": {
        "dmean": 0.0285983458161,
        "dmean2": 0.0433204211295,
        "dvar": 0.000730182160623,
        "dvar2": 0.001566217863,
        "max": 0.820519447327,
        "mean": 0.203325748444,
        "median": 0.189078465104,
        "min": 0.00573758687824,
        "var": 0.00614072009921
    },
    "melbands_kurtosis": {
        "dmean": 7.39326334,
        "dmean2": 11.8092699051,
        "dvar": 312.136352539,
        "dvar2": 785.675048828,
        "max": 510.985290527,
        "mean": 12.3532180786,
        "median": 5.66949558258,
        "min": -1.8078289032,
        "var": 631.89050293
    },
    "melbands_skewness": {
        "dmean": 0.77053463459,
        "dmean2": 1.19980585575,
        "dvar": 0.741052150726,
        "dvar2": 1.71155130863,
        "max": 16.2135944366,
        "mean": 2.38392806053,
        "median": 2.07260084152,
        "min": -0.909257948399,
        "var": 3.22657823563
    },
    "melbands_spread": {
        "dmean": 6.77987146378,
        "dmean2": 10.6805906296,
        "dvar": 61.9302406311,
        "dvar2": 139.694595337,
        "max": 211.741928101,
        "mean": 23.6195983887,
        "median": 21.4573421478,
        "min": 0.18151794374,
        "var": 219.327941895
    },
    "pitch_salience": {
        "dmean": 0.0778408795595,
        "dmean2": 0.126465663314,
        "dvar": 0.00473961280659,
        "dvar2": 0.0119310803711,
        "max": 0.976842045784,
        "mean": 0.516335487366,
        "median": 0.519795119762,
        "min": 0.050048481673,
        "var": 0.0158865470439
    },
    "silence_rate_20dB": {
        "dmean": 0,
        "dmean2": 0,
        "dvar": 0,
        "dvar2": 0,
        "max": 1,
        "mean": 1,
        "median": 1,
        "min": 1,
        "var": 0
    },
    "silence_rate_30dB": {
        "dmean": 0.024934694171,
        "dmean2": 0.0498753115535,
        "dvar": 0.0243135783821,
        "dvar2": 0.0521437041461,
        "max": 1,
        "mean": 0.968301057816,
        "median": 1,
        "min": 0,
        "var": 0.0306955017149
    },
    "silence_rate_60dB": {
        "dmean": 0.0199477560818,
        "dmean2": 0.0397814996541,
        "dvar": 0.0195488072932,
        "dvar2": 0.044137775898,
        "max": 1,
        "mean": 0.104119673371,
        "median": 0,
        "min": 0,
        "var": 0.0932941883802
    },
    "spectral_centroid": {
        "dmean": 215.038848877,
        "dmean2": 331.91418457,
        "dvar": 63976.4882812,
        "dvar2": 130607.757812,
        "max": 10545.2558594,
        "mean": 1345.44812012,
        "median": 1314.44665527,
        "min": 113.967765808,
        "var": 228992.375
    },
    "spectral_complexity": {
        "dmean": 3.18641662598,
        "dmean2": 4.8598742485,
        "dvar": 11.2050743103,
        "dvar2": 22.7105712891,
        "max": 49,
        "mean": 16.8346195221,
        "median": 17,
        "min": 0,
        "var": 85.9221572876
    },
    "spectral_decrease": {
        "dmean": 2.87897061746e-09,
        "dmean2": 4.45184422659e-09,
        "dvar": 1.83791938591e-17,
        "dvar2": 4.36718110767e-17,
        "max": -8.41269611794e-29,
        "mean": -7.6499580004e-09,
        "median": -6.04307093255e-09,
        "min": -6.95010839991e-08,
        "var": 5.48212230434e-17
    },
    "spectral_energy": {
        "dmean": 0.0112636098638,
        "dmean2": 0.0173413008451,
        "dvar": 0.000271697703283,
        "dvar2": 0.000640415644739,
        "max": 0.263485580683,
        "mean": 0.0308708362281,
        "median": 0.0246790926903,
        "min": 1.09902891645e-20,
        "var": 0.000843185523991
    },
    "spectral_energyband_high": {
        "dmean": 0.000251953810221,
        "dmean2": 0.000344022671925,
        "dvar": 1.77739025276e-07,
        "dvar2": 3.75193252466e-07,
        "max": 0.0061859311536,
        "mean": 0.000658176722936,
        "median": 0.000377311342163,
        "min": 7.78639085425e-21,
        "var": 6.14874238636e-07
    },
    "spectral_energyband_low": {
        "dmean": 0.00756002450362,
        "dmean2": 0.0121805174276,
        "dvar": 0.000220959685976,
        "dvar2": 0.000549087766558,
        "max": 0.253951847553,
        "mean": 0.0121951829642,
        "median": 0.00535671692342,
        "min": 5.69320094883e-23,
        "var": 0.000459739589132
    },
    "spectral_energyband_middle_high": {
        "dmean": 0.00248079188168,
        "dmean2": 0.00359745835885,
        "dvar": 1.76582470885e-05,
        "dvar2": 3.89345768781e-05,
        "max": 0.0856024026871,
        "mean": 0.00699005275965,
        "median": 0.00390136567876,
        "min": 1.91708315806e-21,
        "var": 7.70192636992e-05
    },
    "spectral_energyband_middle_low": {
        "dmean": 0.00479373149574,
        "dmean2": 0.00752713251859,
        "dvar": 5.46169394511e-05,
        "dvar2": 0.000125112492242,
        "max": 0.139054089785,
        "mean": 0.0112257841974,
        "median": 0.00733834318817,
        "min": 3.59066992054e-22,
        "var": 0.000134818721563
    },
    "spectral_entropy": {
        "dmean": 0.156617924571,
        "dmean2": 0.220296129584,
        "dvar": 0.0230654552579,
        "dvar2": 0.0423477068543,
        "max": 9.80024528503,
        "mean": 7.55638122559,
        "median": 7.60526895523,
        "min": 4.83019351959,
        "var": 0.204693734646
    },
    "spectral_flux": {
        "dmean": 0.0264187566936,
        "dmean2": 0.0414135344326,
        "dvar": 0.000835217011627,
        "dvar2": 0.001829611836,
        "max": 0.380228668451,
        "mean": 0.0930013656616,
        "median": 0.087570913136,
        "min": 1.04834578518e-10,
        "var": 0.0030484884046
    },
    "spectral_kurtosis": {
        "dmean": 1.76129984856,
        "dmean2": 2.90050530434,
        "dvar": 16.705072403,
        "dvar2": 36.3142547607,
        "max": 285.43649292,
        "mean": 4.88788747787,
        "median": 3.83470678329,
        "min": -1.19634354115,
        "var": 41.192325592
    },
    "spectral_rms": {
        "dmean": 0.000910709088203,
        "dmean2": 0.00138151459396,
        "dvar": 1.00685895177e-06,
        "dvar2": 2.16048397306e-06,
        "max": 0.0160330627114,
        "mean": 0.00491027347744,
        "median": 0.00490684853867,
        "min": 3.27448224785e-12,
        "var": 6.00710427534e-06
    },
    "spectral_rolloff": {
        "dmean": 421.358001709,
        "dmean2": 715.090332031,
        "dvar": 553037.1875,
        "dvar2": 1252571.125,
        "max": 18518.5546875,
        "mean": 1381.06713867,
        "median": 1291.9921875,
        "min": 43.06640625,
        "var": 1032351.25
    },
    "spectral_skewness": {
        "dmean": 0.215266346931,
        "dmean2": 0.344901919365,
        "dvar": 0.0719380229712,
        "dvar2": 0.170705467463,
        "max": 14.3120470047,
        "mean": 1.63728868961,
        "median": 1.57863879204,
        "min": 0.0470213592052,
        "var": 0.262242525816
    },
    "spectral_spread": {
        "dmean": 482221.21875,
        "dmean2": 675424.3125,
        "dvar": 480027115520,
        "dvar2": 721341644800,
        "max": 40508476,
        "mean": 4485021,
        "median": 4463756.5,
        "min": 652068.875,
        "var": 1.94626702541e+12
    },
    "spectral_strongpeak": {
        "dmean": 0.702707946301,
        "dmean2": 1.18290734291,
        "dvar": 1.48599469662,
        "dvar2": 3.84008741379,
        "max": 14.3830871582,
        "mean": 1.21340167522,
        "median": 0.475858956575,
        "min": 0,
        "var": 2.86615562439
    },
    "zerocrossingrate": {
        "dmean": 0.00917565263808,
        "dmean2": 0.0107952430844,
        "dvar": 0.0001153447447,
        "dvar2": 0.000141944168718,
        "max": 0.482421875,
        "mean": 0.0585228540003,
        "median": 0.0556640625,
        "min": 0.00244140625,
        "var": 0.000787462166045
    },
    "barkbands": {
        "dmean": [0.00130199291743, 0.00651448499411, 0.00129646784626, 0.000913791824132, 0.00120503618382, 0.00129373313393, 0.000649836438242, 0.000762342126109, 0.00195553572848, 0.000643015489914, 0.000676381052472, 0.000289907853585, 0.000562676519621, 0.000468738755444, 0.000502276001498, 0.000586668087635, 0.000298115162877, 0.000134029920446, 0.000103245853097, 7.97330212663e-05, 5.55412334506e-05, 7.45891811675e-05, 6.87812207616e-05, 4.53862812719e-05, 3.4210497688e-05, 2.09260324482e-05, 8.05190950359e-07],
        "dmean2": [0.00219133961946, 0.0105308350176, 0.00232482189313, 0.00160363374744, 0.00202654418536, 0.00198552687652, 0.00104159943294, 0.00123035081197, 0.00301161548123, 0.00101372972131, 0.00103645306081, 0.000461506162537, 0.000884203647729, 0.000732965767384, 0.000796877429821, 0.000925530795939, 0.000470923172543, 0.000217359876842, 0.000161580886925, 0.00012698500359, 8.88918730197e-05, 0.000113989648526, 0.000104297534563, 6.53183888062e-05, 4.89258018206e-05, 2.82400251308e-05, 1.30524153974e-06],
        "dvar": [1.29015170387e-05, 0.000186430450412, 1.09269185486e-05, 4.61624858872e-06, 5.82527354709e-06, 9.0058947535e-06, 2.66107349489e-06, 4.93634888699e-06, 2.63334695774e-05, 4.69278256787e-06, 4.74738726552e-06, 7.80252207733e-07, 2.84387260763e-06, 1.47284720242e-06, 2.37028984884e-06, 2.42132387029e-06, 3.57080097046e-07, 4.36338929433e-08, 3.32542278159e-08, 1.86541946334e-08, 8.92998031077e-09, 1.63175926104e-08, 1.62610422905e-08, 7.7230692952e-09, 4.50316850475e-09, 1.77039372051e-09, 3.09382831853e-11],
        "dvar2": [3.26515655615e-05, 0.000437761453213, 3.15355500788e-05, 1.27162620629e-05, 1.55438137881e-05, 1.97022000066e-05, 6.37889161226e-06, 1.16623041322e-05, 5.85777452216e-05, 1.1324683328e-05, 1.10847204269e-05, 1.77947515567e-06, 6.86644125381e-06, 3.39235339197e-06, 5.9225521909e-06, 6.03139142186e-06, 8.51225991028e-07, 1.09866071796e-07, 7.79026336772e-08, 4.43820518115e-08, 2.31889103475e-08, 3.84413425536e-08, 3.91823036239e-08, 1.54496415661e-08, 9.26243792776e-09, 3.2078104617e-09, 8.05246008762e-11],
        "max": [0.0670375823975, 0.215676307678, 0.055624678731, 0.0247545465827, 0.04152854532, 0.0660949423909, 0.0367604009807, 0.0511383675039, 0.125755548477, 0.0613116584718, 0.0759991183877, 0.0254013482481, 0.0411601886153, 0.0218044351786, 0.0452989637852, 0.0401522107422, 0.0166191998869, 0.00348714692518, 0.00461291102692, 0.00362575007603, 0.0013400221942, 0.00167176336981, 0.00163760525174, 0.00163561746012, 0.00114571349695, 0.000873367825989, 0.000291283446131],
        "mean": [0.00169333431404, 0.00907607376575, 0.00135161250364, 0.000923876359593, 0.00181335909292, 0.00257457187399, 0.0011408344144, 0.00107883405872, 0.00345591292717, 0.00105481781065, 0.00111634109635, 0.000423808640335, 0.000875047815498, 0.000724004872609, 0.00074799900176, 0.00101669528522, 0.000587648828514, 0.000256742379861, 0.000206134471227, 0.000152513181092, 0.00010776756244, 0.00015375703515, 0.000134890709887, 9.16694843909e-05, 7.06850551069e-05, 4.11272194469e-05, 8.06444859336e-07],
        "median": [0.000161762232892, 0.00309666618705, 0.000599629594944, 0.000259705935605, 0.000795366766397, 0.000432560627814, 0.000349279493093, 0.000249554199399, 0.000564191897865, 0.000167270074598, 0.000195151369553, 0.000134020418045, 0.000176199333509, 0.000133778361487, 0.000179560724064, 0.000278524996247, 0.000234933657339, 0.000155960500706, 0.000113641683129, 8.18029293441e-05, 5.82456414122e-05, 8.56518236105e-05, 7.15379428584e-05, 3.59519544872e-05, 2.81661268673e-05, 8.77848833625e-06, 1.09319948649e-08],
        "min": [5.06050089736e-24, 2.81493906867e-23, 9.66083714061e-24, 3.14181368216e-23, 3.68608731709e-23, 4.06587304031e-23, 9.68882245454e-23, 8.58647390538e-23, 3.65439751235e-23, 6.74158194574e-23, 6.3155812797e-23, 7.65791267582e-23, 2.46598070433e-22, 2.12391294535e-22, 1.24152809908e-22, 1.25355298985e-22, 2.220526823e-22, 2.85333740965e-22, 3.68789317747e-22, 3.09029607945e-22, 4.96034777948e-22, 5.4248043418e-22, 7.33230636133e-22, 1.02902843399e-21, 9.96026532684e-22, 1.20771257295e-21, 2.75729590423e-21],
        "var": [1.7833779566e-05, 0.000341744016623, 7.60103830544e-06, 3.94550761484e-06, 8.89116472536e-06, 2.91969172395e-05, 6.24832728136e-06, 9.96738344838e-06, 6.27547196927e-05, 1.20034892461e-05, 1.22422370623e-05, 1.27252394577e-06, 5.70827387492e-06, 3.09853680847e-06, 3.93056825487e-06, 5.28351802132e-06, 9.38294476782e-07, 9.6825075957e-08, 7.44624912841e-08, 4.41781367044e-08, 1.87940027985e-08, 3.84693237265e-08, 3.30996563491e-08, 2.07295816068e-08, 1.20463026221e-08, 5.751719101e-09, 2.6921987209e-11]
    },
    "erbbands": {
        "dmean": [0.29401537776, 1.17796325684, 1.57848906517, 2.12842035294, 3.28830289841, 4.41385412216, 7.71532344818, 11.8445386887, 7.90321302414, 11.8776226044, 21.0191726685, 46.9379425049, 22.819360733, 26.3321247101, 18.8092803955, 10.2201051712, 23.151386261, 19.0405597687, 28.1356506348, 24.7515296936, 26.6588573456, 17.2953586578, 8.24611949921, 4.24774980545, 5.66251897812, 3.35547661781, 2.19544100761, 2.52199888229, 2.78889298439, 1.95065283775, 2.18496203423, 1.30838835239, 0.590274572372, 0.423926264048, 0.241292223334, 0.0989211425185, 0.0468962974846, 0.00432333163917, 0.000128070474602, 1.50880523506e-05],
        "dmean2": [0.485010534525, 1.88923490047, 2.74237537384, 3.77919268608, 5.76325941086, 7.46116781235, 12.2416772842, 18.0977401733, 12.5521259308, 19.2405891418, 32.7543029785, 72.8650512695, 35.8101348877, 40.0962219238, 29.1820144653, 16.0359764099, 36.1437606812, 29.3403491974, 44.1691093445, 37.9862709045, 41.5286483765, 27.0041770935, 13.1581058502, 6.73341560364, 8.7924785614, 5.27575683594, 3.50638723373, 3.92390108109, 4.30740785599, 3.00329971313, 3.32793402672, 1.90945410728, 0.863060712814, 0.621891796589, 0.351749926805, 0.137402802706, 0.0644007399678, 0.00634672120214, 0.000189447557204, 2.2713045837e-05],
        "dvar": [0.507136702538, 5.59308815002, 12.9584112167, 28.5325012207, 63.7211380005, 81.5730285645, 334.304656982, 985.046447754, 396.978851318, 1112.61608887, 3435.17919922, 15935.9570312, 4000.94042969, 7511.51611328, 3076.26586914, 1014.91925049, 4647.24169922, 2120.98925781, 5169.55517578, 4366.71191406, 3600.28417969, 1433.93139648, 157.09815979, 49.4199562073, 113.674789429, 33.5781936646, 15.5022096634, 18.5457229614, 21.0036811829, 12.0974435806, 20.8311347961, 6.85406780243, 1.39572203159, 0.656041383743, 0.249030336738, 0.0435954742134, 0.0113960439339, 0.000246683572186, 2.45041263724e-07, 5.10345321558e-10],
        "dvar2": [1.33293831348, 11.8723573685, 36.1345367432, 80.5634460449, 176.395553589, 217.759262085, 802.946228027, 2064.03295898, 931.163269043, 2771.55615234, 7729.22119141, 36227.25, 9520.62988281, 17084.1777344, 7254.23681641, 2350.87939453, 10933.5195312, 4974.95849609, 12336.2929688, 10583.6425781, 8705.27636719, 3430.98291016, 389.995422363, 120.568504333, 266.22277832, 81.7030792236, 40.3859214783, 44.925983429, 49.9984664917, 29.3341712952, 51.7030754089, 14.0882720947, 2.89751696587, 1.39196479321, 0.530140459538, 0.0854441225529, 0.0202994681895, 0.000596300174948, 5.77366165544e-07, 1.1351817264e-09],
        "max": [11.5426692963, 30.6195888519, 57.9249839783, 70.525680542, 109.199745178, 189.32208252, 411.873779297, 792.318054199, 527.876586914, 721.24005127, 1317.15209961, 2327.79663086, 1475.82946777, 2234.53173828, 1380.08178711, 997.078308105, 2009.3770752, 1174.2442627, 1356.20617676, 1884.97717285, 1302.66760254, 1161.43103027, 230.620819092, 127.269500732, 300.568267822, 156.448516846, 65.9665985107, 59.3060531616, 71.1182174683, 66.9460296631, 72.8271713257, 59.2066116333, 22.2844028473, 14.8406772614, 10.9969072342, 5.89462280273, 1.75013041496, 0.864842116833, 0.0191074702889, 0.000596627825871],
        "mean": [0.353850692511, 1.66410076618, 1.90430831909, 2.31056261063, 3.90362381935, 6.79046010971, 13.8855876923, 23.7917499542, 14.4002981186, 19.9694442749, 33.5795097351, 80.8425216675, 42.2100982666, 47.0559921265, 31.5949192047, 17.4385604858, 37.4480361938, 33.7052383423, 44.2638092041, 43.0472717285, 50.2681655884, 36.5023956299, 17.7265968323, 9.07291603088, 11.4228305817, 6.77006387711, 4.22720432281, 5.00548315048, 5.76378440857, 4.02917098999, 4.06617021561, 2.49431467056, 1.21580469608, 0.848930180073, 0.471763789654, 0.198345273733, 0.0830155164003, 0.00721339229494, 0.000203052113648, 4.43927128799e-05],
        "median": [0.0857653841376, 0.612563371658, 0.942377865314, 0.912868976593, 1.57831370831, 2.68540811539, 3.22619771957, 3.84850335121, 5.46869897842, 7.15184831619, 9.2900390625, 13.106716156, 9.57340621948, 9.1620759964, 7.11472940445, 5.92632055283, 8.66782951355, 8.68248081207, 10.5411024094, 13.6807308197, 16.4180431366, 14.6792926788, 11.1373052597, 5.75228309631, 6.14488506317, 3.76153349876, 2.37817263603, 2.66611528397, 3.14679861069, 2.2115252018, 2.04312872887, 1.03559303284, 0.495057672262, 0.353757083416, 0.164500251412, 0.0519193075597, 0.0131781324744, 0.00122148671653, 4.88695695822e-05, 3.53492068825e-05],
        "min": [1.14152641094e-21, 5.09770449273e-21, 7.8509521395e-21, 6.73701902785e-20, 7.79421465806e-20, 1.06156230374e-19, 3.47277149423e-19, 3.86738679425e-19, 1.012518804e-18, 2.00858250407e-18, 1.34749365806e-18, 8.27510709316e-19, 2.14598712999e-18, 1.68692794621e-18, 2.63569500982e-18, 4.54664455901e-18, 1.19213708287e-17, 7.58301779254e-18, 8.46367149579e-18, 8.35366640049e-18, 6.64672089025e-18, 1.29525350075e-17, 1.38279592749e-17, 2.41992482296e-17, 1.32535857371e-17, 1.34794531936e-17, 1.59578426459e-17, 2.4244329573e-17, 1.71598154853e-17, 1.73908685371e-17, 2.38522012949e-17, 2.15435699837e-17, 1.64217817817e-17, 8.42321740076e-18, 8.61047041192e-18, 4.27786669462e-18, 2.57123406545e-18, 1.51536014061e-18, 3.88806191516e-19, 3.7160607574e-20],
        "var": [0.699173271656, 10.6477651596, 11.2857065201, 21.5664386749, 56.3187065125, 151.318130493, 786.833862305, 3476.28759766, 932.001281738, 2218.57739258, 6800.40380859, 35477.3632812, 10374.9296875, 21575.421875, 6645.12451172, 1853.98681641, 9855.76757812, 5056.26367188, 8753.22949219, 9489.63476562, 8147.74609375, 3815.20727539, 424.336456299, 109.862602234, 252.407104492, 83.8465270996, 29.46534729, 41.102771759, 53.1953849792, 27.9036026001, 34.6043357849, 15.8006019592, 3.59954094887, 1.66378724575, 0.612290680408, 0.126519203186, 0.0313352830708, 0.000372962153051, 3.46818040953e-07, 1.76154169029e-09]
    },
    "gfcc": {
        "mean": [-13.6161355972, 88.1078109741, -129.27243042, 29.600851059, -59.7303199768, 19.4104099274, -36.6358451843, 16.2298355103, -10.9402236938, 2.52057337761, -15.8873023987, 3.16247630119, -7.19035148621],
        "cov": [[8495.70703125, -1759.05773926, 1249.76733398, 592.067077637, 252.526870728, 401.798950195, -809.201660156, 308.113311768, -371.571624756, 677.610900879, -469.407714844, 456.175079346, -206.473724365], [-1759.05773926, 1700.87768555, 180.950164795, 271.401641846, 345.571044922, -35.6242027283, 487.580169678, -111.688186646, 237.948165894, -273.563964844, 258.562133789, -196.851135254, 108.46131897], [1249.76733398, 180.950164795, 1499.14367676, 661.648925781, 437.257019043, 205.499191284, -85.1604690552, 112.617576599, -65.7448120117, 235.497039795, -76.0088348389, 202.478088379, -48.1775436401], [592.067077637, 271.401641846, 661.648925781, 682.247924805, 244.576599121, 31.4565086365, -111.630058289, 11.400967598, 69.6527099609, 40.2969932556, 17.0424633026, 84.4837722778, 75.0577392578], [252.526870728, 345.571044922, 437.257019043, 244.576599121, 404.651397705, 122.272605896, 108.165512085, 48.4048233032, 47.6227684021, 43.5068016052, -4.12524414062, 30.6824455261, -2.20224022865], [401.798950195, -35.6242027283, 205.499191284, 31.4565086365, 122.272605896, 323.247283936, 140.812667847, 84.5747375488, -36.3778152466, 77.465133667, -9.5705499649, -27.3866348267, -43.2668800354], [-809.201660156, 487.580169678, -85.1604690552, -111.630058289, 108.165512085, 140.812667847, 450.967010498, 17.503320694, 60.1124000549, -96.4784164429, 93.3581008911, -130.702438354, -23.9654521942], [308.113311768, -111.688186646, 112.617576599, 11.400967598, 48.4048233032, 84.5747375488, 17.503320694, 145.469223022, 9.44173336029, 59.4277648926, -29.1295948029, 10.6054916382, -15.0984134674], [-371.571624756, 237.948165894, -65.7448120117, 69.6527099609, 47.6227684021, -36.3778152466, 60.1124000549, 9.44173336029, 172.043395996, -45.1334648132, 56.4458808899, -33.0352096558, 52.8014945984], [677.610900879, -273.563964844, 235.497039795, 40.2969932556, 43.5068016052, 77.465133667, -96.4784164429, 59.4277648926, -45.1334648132, 193.362182617, -43.661857605, 78.4515151978, -43.3956069946], [-469.407714844, 258.562133789, -76.0088348389, 17.0424633026, -4.12524414062, -9.5705499649, 93.3581008911, -29.1295948029, 56.4458808899, -43.661857605, 146.092285156, -26.9543876648, 42.2965431213], [456.175079346, -196.851135254, 202.478088379, 84.4837722778, 30.6824455261, -27.3866348267, -130.702438354, 10.6054916382, -33.0352096558, 78.4515151978, -26.9543876648, 168.114379883, 13.2759056091], [-206.473724365, 108.46131897, -48.1775436401, 75.0577392578, -2.20224022865, -43.2668800354, -23.9654521942, -15.0984134674, 52.8014945984, -43.3956069946, 42.2965431213, 13.2759056091, 110.288711548]],
        "icov": [[0.000238853041083, 6.25477478025e-05, 8.45746399136e-05, -0.000240592897171, -9.63357451838e-05, -0.000227319906116, 0.000236102801864, -0.000175004519406, 0.000195135799004, -0.000282427325146, 0.000261438981397, -0.000187608544366, 0.000240345616476], [6.25477478025e-05, 0.0027338124346, -0.00100150320213, -1.29334957819e-05, -0.00170948903542, 0.00129626714624, -0.00152173091192, 0.00137437705416, -0.000888619571924, 0.00170376431197, -0.00233696261421, 0.00222767959349, -0.000944318424445], [8.45746399136e-05, -0.00100150320213, 0.00271346839145, -0.00209774193354, -0.000352446251782, -0.00065414205892, 0.000121078948723, -0.00113934685942, 0.00158875714988, -0.00190515187569, 0.00128018052783, -0.00221441802569, 0.00162822240964], [-0.000240592897171, -1.29334957819e-05, -0.00209774193354, 0.0044853030704, -0.000781015900429, -0.000261381472228, 0.00154297729023, 0.000927553570364, -0.00186767929699, 0.00159588817041, -0.00117669173051, 0.00102557474747, -0.0022125125397], [-9.63357451838e-05, -0.00170948903542, -0.000352446251782, -0.000781015900429, 0.00598681718111, -0.00139726279303, -0.000805335759651, -0.000579042884056, -0.00101671810262, -0.00119408417959, 0.00261695333757, -0.00209253584035, 0.000460688344901], [-0.000227319906116, 0.00129626714624, -0.00065414205892, -0.000261381472228, -0.00139726279303, 0.00679326057434, -0.00325217982754, -0.00113329314627, 0.00152908195741, -0.00158157222904, -0.00124051712919, 0.00289775244892, -0.00126035825815], [0.000236102801864, -0.00152173091192, 0.000121078948723, 0.00154297729023, -0.000805335759651, -0.00325217982754, 0.00698135280982, -0.00138227513526, -0.000487938086735, 0.00189583736937, -0.00154071126599, 0.000363028928405, 0.00250394479372], [-0.000175004519406, 0.00137437705416, -0.00113934685942, 0.000927553570364, -0.000579042884056, -0.00113329314627, -0.00138227513526, 0.0106558334082, -0.00309546524659, -0.00102509604767, 0.000774506304879, 0.00127543904819, -0.001477871323], [0.000195135799004, -0.000888619571924, 0.00158875714988, -0.00186767929699, -0.00101671810262, 0.00152908195741, -0.000487938086735, -0.00309546524659, 0.0103475637734, -0.00160815101117, -0.000760360388085, 0.000533773389179, -0.00210531475022], [-0.000282427325146, 0.00170376431197, -0.00190515187569, 0.00159588817041, -0.00119408417959, -0.00158157222904, 0.00189583736937, -0.00102509604767, -0.00160815101117, 0.012712017633, -0.00322945113294, -0.00122333073523, 0.00266225077212], [0.000261438981397, -0.00233696261421, 0.00128018052783, -0.00117669173051, 0.00261695333757, -0.00124051712919, -0.00154071126599, 0.000774506304879, -0.000760360388085, -0.00322945113294, 0.0132195083424, -0.00267425412312, -0.002169997897], [-0.000187608544366, 0.00222767959349, -0.00221441802569, 0.00102557474747, -0.00209253584035, 0.00289775244892, 0.000363028928405, 0.00127543904819, 0.000533773389179, -0.00122333073523, -0.00267425412312, 0.0128453411162, -0.00411631632596], [0.000240345616476, -0.000944318424445, 0.00162822240964, -0.0022125125397, 0.000460688344901, -0.00126035825815, 0.00250394479372, -0.001477871323, -0.00210531475022, 0.00266225077212, -0.002169997897, -0.00411631632596, 0.0159024391323]]
    },
    "melbands": {
        "dmean": [0.00212892796844, 0.000973279238679, 0.00040097424062, 0.000263755384367, 0.000249211676419, 0.000252616562648, 0.000127014878672, 0.000136942297104, 0.000199867718038, 0.000301996769849, 0.000113052446977, 0.00010846308578, 7.55633227527e-05, 3.31679402734e-05, 3.91505745938e-05, 6.059982843e-05, 3.63305734936e-05, 5.06227843289e-05, 3.85776547773e-05, 4.34190260421e-05, 2.89320123557e-05, 2.09206918953e-05, 1.09021220851e-05, 5.42827001482e-06, 3.60376020581e-06, 4.66920437248e-06, 4.05810715165e-06, 2.09133804674e-06, 1.4937220385e-06, 1.41643317875e-06, 1.64023538218e-06, 1.7870066813e-06, 1.39776727792e-06, 1.13057978979e-06, 1.48962874391e-06, 9.39414292134e-07, 7.81177561748e-07, 4.31189562278e-07, 4.22540551881e-07, 3.61631038004e-07],
        "dmean2": [0.00345272268169, 0.00161080190446, 0.000704061007127, 0.000452188804047, 0.000397040770622, 0.00038626533933, 0.000201333168661, 0.000222575603402, 0.000307581678499, 0.000467718346044, 0.000178702059202, 0.00016525182582, 0.000116522583994, 5.26033363712e-05, 6.14583332208e-05, 9.41249309108e-05, 5.67494789721e-05, 8.00722482381e-05, 6.06950197835e-05, 6.84293190716e-05, 4.51482810604e-05, 3.30266848323e-05, 1.74187698576e-05, 8.78652463143e-06, 5.81799167776e-06, 7.40081986805e-06, 6.38725714452e-06, 3.36314496963e-06, 2.43754743678e-06, 2.30073305829e-06, 2.56942394117e-06, 2.8064387152e-06, 2.20415540753e-06, 1.78509810667e-06, 2.32755655816e-06, 1.41058910685e-06, 1.15880402518e-06, 6.50219305953e-07, 6.41305916815e-07, 5.42369093637e-07],
        "dvar": [2.28056196647e-05, 3.50124946635e-06, 9.71875920186e-07, 3.07936801391e-07, 2.90957814286e-07, 4.00069154693e-07, 9.33730248676e-08, 1.60584946229e-07, 3.68186448441e-07, 6.39925417545e-07, 1.05220550495e-07, 1.25592677591e-07, 5.35148600989e-08, 8.97629881536e-09, 2.7518364476e-08, 3.98772677102e-08, 8.68701555135e-09, 1.68375606791e-08, 1.8915155664e-08, 1.96273930442e-08, 3.94105059698e-09, 2.25350982319e-09, 3.2450431231e-10, 7.50843484609e-11, 3.78517252264e-11, 7.88014722919e-11, 5.46893468012e-11, 1.37854710286e-11, 7.53100099643e-12, 6.24594256524e-12, 8.77490788365e-12, 8.68062306064e-12, 6.59093699756e-12, 4.05530470315e-12, 1.08989128486e-11, 2.64821172803e-12, 2.74397149967e-12, 8.25264769716e-13, 6.53146861682e-13, 4.90051467288e-13],
        "dvar2": [5.61152955925e-05, 8.47373394208e-06, 2.72451916317e-06, 8.40465361307e-07, 7.04505566773e-07, 8.48364720696e-07, 2.20094975134e-07, 3.98513918753e-07, 8.16455724362e-07, 1.44296188864e-06, 2.51759729508e-07, 2.86583116349e-07, 1.24696228454e-07, 2.11708233167e-08, 6.49439684253e-08, 9.41317495062e-08, 2.04601136033e-08, 3.88611525182e-08, 4.68691467859e-08, 4.97357817153e-08, 9.21638676488e-09, 5.37527133915e-09, 7.68706209797e-10, 1.92644511454e-10, 9.36704672161e-11, 1.88728949135e-10, 1.26660626432e-10, 3.53889244298e-11, 2.00567860931e-11, 1.64321160845e-11, 2.06575728745e-11, 2.09572220689e-11, 1.64249013695e-11, 1.00242210366e-11, 2.78195123188e-11, 5.75904861994e-12, 5.80422602342e-12, 1.80163165203e-12, 1.42378329179e-12, 1.09333408212e-12],
        "max": [0.0797598510981, 0.0246989838779, 0.0124998288229, 0.0109389489517, 0.0109220603481, 0.0155460257083, 0.00716201867908, 0.00998319778591, 0.0176153834909, 0.0144522050396, 0.00760790565982, 0.00978484656662, 0.00768968183547, 0.00262771151029, 0.00558416731656, 0.00537189049646, 0.00266924942844, 0.00222682789899, 0.00507300300524, 0.00427710218355, 0.0011682267068, 0.00145762937609, 0.000496512337122, 0.000194763677428, 0.000103986472823, 0.000192599458387, 0.00018358550733, 7.97648608568e-05, 5.13563973072e-05, 4.76882632938e-05, 4.99035413668e-05, 4.61964773422e-05, 4.33336099377e-05, 3.85620187444e-05, 5.60594926355e-05, 2.71357475867e-05, 4.06700928579e-05, 1.80989609362e-05, 1.5435512978e-05, 1.12978823381e-05],
        "mean": [0.00292423111387, 0.00142514007166, 0.000459731469164, 0.000368257024093, 0.000456021516584, 0.000507300370373, 0.00023098901147, 0.000223724520765, 0.000307116017211, 0.000526385963894, 0.000202794049983, 0.000187918732991, 0.000124159472762, 5.07410659338e-05, 5.78157960263e-05, 9.21588143683e-05, 5.90681411268e-05, 7.27360165911e-05, 5.89611008763e-05, 7.06628561602e-05, 5.18454071425e-05, 4.01112120016e-05, 2.14841475099e-05, 1.05166036519e-05, 6.681830655e-06, 8.59751708049e-06, 7.32322268959e-06, 3.7928527945e-06, 2.60674050878e-06, 2.53161169894e-06, 3.00620854432e-06, 3.42131124853e-06, 2.66347319666e-06, 2.10097459785e-06, 2.54257179222e-06, 1.79063158612e-06, 1.37527342758e-06, 7.99137580998e-07, 8.1877641378e-07, 6.74223883834e-07],
        "median": [0.000904813990928, 0.000675241928548, 0.000187134181033, 0.000164180615684, 0.000132570334245, 8.40301436256e-05, 8.58169878484e-05, 7.37797963666e-05, 6.27061526757e-05, 7.71332997829e-05, 3.83054793929e-05, 3.23764652421e-05, 2.4665165256e-05, 1.53375185619e-05, 1.36271200972e-05, 1.74082015292e-05, 1.28784440676e-05, 1.45311068991e-05, 1.46247921293e-05, 1.7796870452e-05, 1.69596496562e-05, 1.44322675624e-05, 1.19735450426e-05, 6.25616758043e-06, 3.80878600481e-06, 4.42839018433e-06, 3.47698733094e-06, 1.90293349078e-06, 1.40780946367e-06, 1.27542989503e-06, 1.51533743065e-06, 1.84539010206e-06, 1.30628916395e-06, 1.10816040433e-06, 1.21319817481e-06, 8.40946938752e-07, 4.58747706489e-07, 3.06984503595e-07, 3.27989795323e-07, 2.68814630999e-07],
        "min": [9.22353052008e-24, 4.95389936223e-24, 1.24475742741e-23, 5.00601979667e-24, 1.14445541992e-23, 8.27349428787e-24, 1.67612857961e-23, 2.21798861571e-23, 9.96000553917e-24, 5.24287607232e-24, 1.07034525109e-23, 6.54427568488e-24, 7.69231679316e-24, 6.76839185692e-24, 2.54965051049e-23, 1.95153617216e-23, 1.56490218964e-23, 1.64326684311e-23, 1.02232539453e-23, 1.07989480678e-23, 6.78006147629e-24, 1.06895803919e-23, 1.60924185232e-23, 1.24254285819e-23, 2.16387670191e-23, 1.02854043517e-23, 8.92018510303e-24, 9.01065877139e-24, 9.77838609296e-24, 1.1054669952e-23, 1.41200611563e-23, 8.25794347284e-24, 1.22511329204e-23, 8.03760436682e-24, 1.21938663518e-23, 1.57659200385e-23, 1.29435453247e-23, 1.2096606902e-23, 9.54342545006e-24, 5.90411545473e-24],
        "var": [3.90128006984e-05, 5.50441609448e-06, 7.92126343185e-07, 4.16095332412e-07, 6.76672186728e-07, 1.37761549013e-06, 2.17056552287e-07, 3.13669602292e-07, 6.88656939474e-07, 1.57397653311e-06, 2.75048364529e-07, 3.4955903061e-07, 1.18186136433e-07, 1.72559726508e-08, 4.45263452775e-08, 7.67599104279e-08, 2.07377013339e-08, 2.77672214111e-08, 3.21485913446e-08, 4.1624062419e-08, 8.74372130255e-09, 5.42885869592e-09, 9.06305697157e-10, 1.64348618048e-10, 7.1477226915e-11, 1.60595911569e-10, 1.25200627643e-10, 2.93316967936e-11, 1.236264216e-11, 1.20237118872e-11, 1.71649153224e-11, 1.94742746235e-11, 1.40080091623e-11, 8.46556939132e-12, 1.55659374279e-11, 6.36794826939e-12, 5.77220909959e-12, 1.80287056985e-12, 1.58441369833e-12, 1.11810105445e-12]
    },
    "mfcc": {
        "mean": [-651.651794434, 114.756629944, -7.34751415253, 13.61805439, 3.61461615562, 3.88408279419, -8.36309146881, 10.8348436356, 5.68302202225, 5.3810338974, 2.48551440239, 0.623826086521, 1.39544510841],
        "cov": [[7250.94580078, -1246.93457031, 426.614654541, 352.117919922, 554.532531738, 237.293502808, -219.291748047, -206.034988403, -33.3686141968, 46.8962554932, -104.682540894, -75.0629653931, 152.951431274], [-1246.93457031, 1066.34606934, 144.561248779, 173.791320801, 64.0137939453, 132.84854126, 240.742340088, 173.531433105, 58.1202392578, 70.810508728, 84.149887085, 47.4133872986, 9.65755271912], [426.614654541, 144.561248779, 908.968139648, 494.566894531, 408.556152344, 221.112762451, 110.139839172, 26.4788646698, 64.2017669678, -20.9883651733, 3.10655069351, 89.5704345703, 114.71497345], [352.117919922, 173.791320801, 494.566894531, 622.95123291, 373.408660889, 121.189697266, -36.6599235535, 26.6988449097, 41.591129303, -37.6490707397, -55.7539558411, 48.0842094421, 127.846740723], [554.532531738, 64.0137939453, 408.556152344, 373.408660889, 446.532409668, 137.906448364, 1.97972476482, 12.4110193253, 73.1155014038, -6.07774448395, -22.4381637573, 38.0174102783, 96.2704544067], [237.293502808, 132.84854126, 221.112762451, 121.189697266, 137.906448364, 250.176055908, 150.030426025, 64.1048812866, 40.6114730835, 65.0660705566, 38.3096160889, 31.4210147858, -0.662781834602], [-219.291748047, 240.742340088, 110.139839172, -36.6599235535, 1.97972476482, 150.030426025, 307.300231934, 107.170394897, 46.9217376709, 84.3060455322, 85.3397827148, 24.9192886353, -43.4026031494], [-206.034988403, 173.531433105, 26.4788646698, 26.6988449097, 12.4110193253, 64.1048812866, 107.170394897, 157.242370605, 56.0941162109, 43.507232666, 37.5637626648, 21.0833129883, -5.78956890106], [-33.3686141968, 58.1202392578, 64.2017669678, 41.591129303, 73.1155014038, 40.6114730835, 46.9217376709, 56.0941162109, 130.607849121, 40.1032104492, 16.7025241852, 20.6553001404, 1.70845925808], [46.8962554932, 70.810508728, -20.9883651733, -37.6490707397, -6.07774448395, 65.0660705566, 84.3060455322, 43.507232666, 40.1032104492, 152.928573608, 59.2130699158, 4.66918230057, -30.2820835114], [-104.682540894, 84.149887085, 3.10655069351, -55.7539558411, -22.4381637573, 38.3096160889, 85.3397827148, 37.5637626648, 16.7025241852, 59.2130699158, 106.493713379, 27.2259178162, -21.9076442719], [-75.0629653931, 47.4133872986, 89.5704345703, 48.0842094421, 38.0174102783, 31.4210147858, 24.9192886353, 21.0833129883, 20.6553001404, 4.66918230057, 27.2259178162, 90.6469497681, 31.5947475433], [152.951431274, 9.65755271912, 114.71497345, 127.846740723, 96.2704544067, -0.662781834602, -43.4026031494, -5.78956890106, 1.70845925808, -30.2820835114, -21.9076442719, 31.5947475433, 128.859069824]],
