{
"lowlevel": {
    "average_loudness": 0.738132178783,
    "barkbands_crest": {
        "dmean": 2.8018476963,
        "dmean2": 4.57745265961,
        "dvar": 5.77651023865,
        "dvar2": 14.457025528,
        "max": 25.0481777191,
        "mean": 10.8796348572,
        "median": 10.2553482056,
        "min": 2.23251843452,
        "var": 17.3193473816
    },
    "barkbands_flatness_db": {
        "dmean": 0.0233941096812,
        "dmean2": 0.0358817130327,
        "dvar": 0.000454822991742,
        "dvar2": 0.0010787678184,
        "max": 0.383840441704,
        "mean": 0.134123638272,
        "median": 0.125938549638,
        "min": 0.0200728848577,
        "var": 0.00317268189974
    },
    "barkbands_kurtosis": {
        "dmean": 2.35691070557,
        "dmean2": 3.85222530365,
        "dvar": 21.2154407501,
        "dvar2": 57.1224136353,
        "max": 94.9276504517,
        "mean": 3.05592036247,
        "median": 0.984759092331,
        "min": -1.88823354244,
        "var": 38.0589179993
    },
    "barkbands_skewness": {
        "dmean": 0.522467374802,
        "dmean2": 0.819645941257,
        "dvar": 0.294768214226,
        "dvar2": 0.738449215889,
        "max": 7.92119407654,
        "mean": 1.08496022224,
        "median": 0.922306120396,
        "min": -1.84806084633,
        "var": 1.34596276283
    },
    "barkbands_spread": {
        "dmean": 5.62405967712,
        "dmean2": 8.60489368439,
        "dvar": 47.6336517334,
        "dvar2": 95.336555481,
        "max": 103.16708374,
        "mean": 23.4848136902,
        "median": 21.1841278076,
        "min": 1.01208627224,
        "var": 220.135513306
    },
    "dissonance": {
        "dmean": 0.0240449551493,
        "dmean2": 0.0411623157561,
        "dvar": 0.000554937054403,
        "dvar2": 0.00148054829333,
        "max": 0.500000178814,
        "mean": 0.461404383183,
        "median": 0.469824701548,
        "min": 0.239722713828,
        "var": 0.00103441800456
    },
    "dynamic_complexity": 3.51051259041,
    "erbbands_crest": {
        "dmean": 3.09345388412,
        "dmean2": 4.89331197739,
        "dvar": 8.24228954315,
        "dvar2": 18.7787189484,
        "max": 32.7207221985,
        "mean": 12.1668386459,
        "median": 10.8689184189,
        "min": 2.07057309151,
        "var": 40.5303878784
    },
    "erbbands_flatness_db": {
        "dmean": 0.0203456822783,
        "dmean2": 0.0292428210378,
        "dvar": 0.000352856644895,
        "dvar2": 0.000668193271849,
        "max": 0.423528641462,
        "mean": 0.174341380596,
        "median": 0.169886365533,
        "min": 0.0267244391143,
        "var": 0.00386109366082
    },
    "erbbands_kurtosis": {
        "dmean": 1.67521631718,
        "dmean2": 2.59962916374,
        "dvar": 5.70204162598,
        "dvar2": 13.3163261414,
        "max": 59.9375801086,
        "mean": 2.57705545425,
        "median": 1.21559619904,
        "min": -1.76740217209,
        "var": 17.9668617249
    },
    "erbbands_skewness": {
        "dmean": 0.416057497263,
        "dmean2": 0.637825191021,
        "dvar": 0.147730514407,
        "dvar2": 0.333733141422,
        "max": 5.72519159317,
        "mean": 0.808682978153,
        "median": 0.755258083344,
        "min": -2.67301058769,
        "var": 0.828897178173
    },
    "erbbands_spread": {
        "dmean": 6.82647180557,
        "dmean2": 10.0930137634,
        "dvar": 67.5079574585,
        "dvar2": 138.052368164,
        "max": 135.793746948,
        "mean": 28.4364013672,
        "median": 23.4008026123,
        "min": 1.73631632328,
        "var": 361.025085449
    },
    "hfc": {
        "dmean": 6.61579704285,
        "dmean2": 9.93913841248,
        "dvar": 61.4477653503,
        "dvar2": 142.280990601,
        "max": 159.118545532,
        "mean": 26.9592609406,
        "median": 21.9852237701,
        "min": 1.19730198207e-16,
        "var": 480.930664062
    },
    "melbands_crest": {
        "dmean": 3.98060512543,
        "dmean2": 6.66188812256,
        "dvar": 13.5413513184,
        "dvar2": 39.0969657898,
        "max": 36.7541770935,
        "mean": 15.1794023514,
        "median": 13.984085083,
        "min": 2.2960665226,
        "var": 35.5095291138
    },
    "melbands_flatness_db": {
        "dmean": 0.0271026249975,
        "dmean2": 0.0422315187752,
        "dvar": 0.000668542576022,
        "dvar2": 0.00163469254039,
        "max": 0.508200466633,
        "mean": 0.191362947226,
        "median": 0.183840364218,
        "min": 0.00927952397615,
        "var": 0.00376281421632
    },
    "melbands_kurtosis": {
        "dmean": 4.97013568878,
        "dmean2": 8.14821052551,
        "dvar": 118.768455505,
        "dvar2": 322.760192871,
        "max": 241.906555176,
        "mean": 7.90527582169,
        "median": 3.70152950287,
        "min": -1.77943599224,
        "var": 189.644622803
    },
    "melbands_skewness": {
        "dmean": 0.681028664112,
        "dmean2": 1.07490849495,
        "dvar": 0.559606850147,
        "dvar2": 1.44338572025,
        "max": 14.3592433929,
        "mean": 1.78199017048,
        "median": 1.57985699177,
        "min": -2.48955249786,
        "var": 2.32665038109
    },
    "melbands_spread": {
        "dmean": 6.83595609665,
        "dmean2": 10.6963577271,
        "dvar": 74.2488555908,
        "dvar2": 161.140914917,
        "max": 158.278259277,
        "mean": 27.6018276215,
        "median": 25.6728553772,
        "min": 0.901883900166,
        "var": 295.226989746
    },
    "pitch_salience": {
        "dmean": 0.0732475817204,
        "dmean2": 0.120849810541,
        "dvar": 0.0045548947528,
        "dvar2": 0.012211214751,
        "max": 0.918718338013,
        "mean": 0.528522372246,
        "median": 0.517390847206,
        "min": 0.107073530555,
        "var": 0.0153145231307
    },
    "silence_rate_20dB": {
        "dmean": 0,
        "dmean2": 0,
        "dvar": 0,
        "dvar2": 0,
        "max": 1,
        "mean": 1,
        "median": 1,
        "min": 1,
        "var": 0
    },
    "silence_rate_30dB": {
        "dmean": 0.00387690821663,
        "dmean2": 0.00775475567207,
        "dvar": 0.00386194116436,
        "dvar2": 0.00987588148564,
        "max": 1,
        "mean": 0.996729254723,
        "median": 1,
        "min": 0,
        "var": 0.00326026417315
    },
    "silence_rate_60dB": {
        "dmean": 0.0208383817226,
        "dmean2": 0.0416818112135,
        "dvar": 0.0204018969089,
        "dvar2": 0.0464893877506,
        "max": 1,
        "mean": 0.0752271339297,
        "median": 0,
        "min": 0,
        "var": 0.0695604234934
    },
    "spectral_centroid": {
        "dmean": 229.49180603,
        "dmean2": 344.700561523,
        "dvar": 76470.34375,
        "dvar2": 144389.25,
        "max": 10610.3466797,
        "mean": 1457.5682373,
        "median": 1404.15319824,
        "min": 198.198074341,
        "var": 342337.9375
    },
    "spectral_complexity": {
        "dmean": 3.31839108467,
        "dmean2": 5.21386146545,
        "dvar": 13.3487939835,
        "dvar2": 29.3079929352,
        "max": 50,
        "mean": 18.4708652496,
        "median": 18,
        "min": 0,
        "var": 80.7768249512
    },
    "spectral_decrease": {
        "dmean": 2.49610376812e-09,
        "dmean2": 4.09758138531e-09,
        "dvar": 1.08991840411e-17,
        "dvar2": 3.20019536123e-17,
        "max": 6.25605503824e-30,
        "mean": -7.45742845254e-09,
        "median": -6.33697405661e-09,
        "min": -4.47807693149e-08,
        "var": 3.44773412262e-17
    },
    "spectral_energy": {
        "dmean": 0.00987042766064,
        "dmean2": 0.0161179993302,
        "dvar": 0.000162782351254,
        "dvar2": 0.000474226340884,
        "max": 0.175304636359,
        "mean": 0.0305913146585,
        "median": 0.0260701719671,
        "min": 1.08362703962e-20,
        "var": 0.000562146655284
    },
    "spectral_energyband_high": {
        "dmean": 0.000336158758728,
        "dmean2": 0.000485287921038,
        "dvar": 3.13899249704e-07,
        "dvar2": 6.82651716488e-07,
        "max": 0.0106930471957,
        "mean": 0.00083013495896,
        "median": 0.000447547878139,
        "min": 7.60442323639e-21,
        "var": 1.07407697669e-06
    },
    "spectral_energyband_low": {
        "dmean": 0.00594268087298,
        "dmean2": 0.0103842057288,
        "dvar": 0.000129002786707,
        "dvar2": 0.000397930503823,
        "max": 0.104369536042,
        "mean": 0.00947050191462,
        "median": 0.00559424934909,
        "min": 4.48026419818e-23,
        "var": 0.000167878868524
    },
    "spectral_energyband_middle_high": {
        "dmean": 0.00344663695432,
        "dmean2": 0.00524815404788,
        "dvar": 2.62441644736e-05,
        "dvar2": 6.39374411548e-05,
        "max": 0.102046735585,
        "mean": 0.0119810402393,
        "median": 0.00564552797005,
        "min": 1.86099623317e-21,
        "var": 0.000188769772649
    },
    "spectral_energyband_middle_low": {
        "dmean": 0.00373626756482,
        "dmean2": 0.00592482229695,
        "dvar": 2.81265402009e-05,
        "dvar2": 7.02533216099e-05,
        "max": 0.0914832055569,
        "mean": 0.00848752725869,
        "median": 0.00542074395344,
        "min": 1.94950072169e-22,
        "var": 7.82188362791e-05
    },
    "spectral_entropy": {
        "dmean": 0.169363692403,
        "dmean2": 0.244063720107,
        "dvar": 0.0302825700492,
        "dvar2": 0.0591342709959,
        "max": 9.7993850708,
        "mean": 7.580493927,
        "median": 7.5974612236,
        "min": 5.9698138237,
        "var": 0.206288248301
    },
    "spectral_flux": {
        "dmean": 0.0248840712011,
        "dmean2": 0.0393511578441,
        "dvar": 0.000631950038951,
        "dvar2": 0.00139971484896,
        "max": 0.298047244549,
        "mean": 0.0923929810524,
        "median": 0.0855703875422,
        "min": 1.04097411247e-10,
        "var": 0.00242639821954
    },
    "spectral_kurtosis": {
        "dmean": 1.48229801655,
        "dmean2": 2.38543748856,
        "dvar": 4.09020328522,
        "dvar2": 11.2392234802,
        "max": 51.0587463379,
        "mean": 5.01388216019,
        "median": 4.56444835663,
        "min": -1.19954645634,
        "var": 10.6201791763
    },
    "spectral_rms": {
        "dmean": 0.000822374247946,
        "dmean2": 0.00130665441975,
        "dvar": 7.52882101551e-07,
        "dvar2": 2.06380013879e-06,
        "max": 0.0130778020248,
        "mean": 0.0049983728677,
        "median": 0.00504324445501,
        "min": 3.25145682947e-12,
        "var": 4.86155704493e-06
    },
    "spectral_rolloff": {
        "dmean": 462.934356689,
        "dmean2": 759.526733398,
        "dvar": 848769.125,
        "dvar2": 1674488.5,
        "max": 18755.4199219,
        "mean": 1571.72912598,
        "median": 1248.92578125,
        "min": 43.06640625,
        "var": 1911312.625
    },
    "spectral_skewness": {
        "dmean": 0.207654327154,
        "dmean2": 0.320488899946,
        "dvar": 0.0470182746649,
        "dvar2": 0.112539835274,
        "max": 4.901283741,
        "mean": 1.71744918823,
        "median": 1.71866774559,
        "min": 0.0522732809186,
        "var": 0.213705703616
    },
    "spectral_spread": {
        "dmean": 554200.25,
        "dmean2": 767788.3125,
        "dvar": 574671880192,
        "dvar2": 861044604928,
        "max": 40531976,
        "mean": 4847380,
        "median": 4684108,
        "min": 1088358.25,
        "var": 2.66269831987e+12
    },
    "spectral_strongpeak": {
        "dmean": 0.932545423508,
        "dmean2": 1.58262097836,
        "dvar": 2.05997443199,
        "dvar2": 5.29629516602,
        "max": 17.5271492004,
        "mean": 1.91820514202,
        "median": 0.672162234783,
        "min": 0,
        "var": 5.86746883392
    },
    "zerocrossingrate": {
        "dmean": 0.0102747883648,
        "dmean2": 0.0120120858774,
        "dvar": 0.000180515213287,
        "dvar2": 0.000193560743355,
        "max": 0.54052734375,
        "mean": 0.0672464743257,
        "median": 0.06201171875,
        "min": 0.00390625,
        "var": 0.00111975439359
    },
    "barkbands": {
        "dmean": [0.00137493247166, 0.00381078664213, 0.00151920190547, 0.000769583100919, 0.000918143312447, 0.000729326508008, 0.000580468447879, 0.00092239852529, 0.00135077245068, 0.000980665558018, 0.00151536695193, 0.00131901353598, 0.000733221648261, 0.000605672306847, 0.000412840716308, 0.000262289948296, 0.000140020565595, 0.000142060569488, 0.000181701820111, 0.000134259127663, 7.93930448708e-05, 6.99473457644e-05, 7.50941762817e-05, 5.99649174546e-05, 5.51698940399e-05, 3.24346074194e-05, 5.68407176615e-06],
        "dmean2": [0.00233570719138, 0.00647664070129, 0.00252490886487, 0.00134490150958, 0.00153002864681, 0.00120119273197, 0.000934363750275, 0.00144246337004, 0.00212991912849, 0.00153820542619, 0.00233276328072, 0.00196986924857, 0.00109747378156, 0.000923266576137, 0.000642598723061, 0.000401983066695, 0.000223673763685, 0.000223822935368, 0.000280788517557, 0.000211441991269, 0.000127726772917, 0.000105998253275, 0.000115070717584, 9.25179338083e-05, 7.92985811131e-05, 4.73356594739e-05, 8.69947962201e-06],
        "dvar": [1.66983354575e-05, 6.79854274495e-05, 2.19016583287e-05, 3.07814275402e-06, 3.02626040138e-06, 2.16273338083e-06, 2.56261409959e-06, 5.02955253978e-06, 1.23535892271e-05, 6.88626687406e-06, 1.34714091473e-05, 9.16031876841e-06, 5.07108688907e-06, 2.16003900277e-06, 1.44642399391e-06, 4.78440256302e-07, 1.30622055394e-07, 8.18405041514e-08, 1.17900178509e-07, 5.17956770807e-08, 2.41029276538e-08, 1.68937788203e-08, 1.81997066306e-08, 1.20127694458e-08, 9.35953714531e-09, 2.69072608639e-09, 1.39178807368e-10],
        "dvar2": [4.85474774905e-05, 0.000193995525478, 5.69127951167e-05, 8.44059832161e-06, 8.08437471278e-06, 5.31842169949e-06, 6.40209691483e-06, 1.1415148947e-05, 2.97611823044e-05, 1.68330079759e-05, 3.11694711854e-05, 1.98279649339e-05, 1.08749754872e-05, 4.60031196781e-06, 3.04831974063e-06, 1.03190859591e-06, 3.19359230616e-07, 1.9137226559e-07, 2.60671100705e-07, 1.20556407524e-07, 6.01089311658e-08, 3.76159086102e-08, 4.34173941244e-08, 2.69513602547e-08, 1.93156743933e-08, 5.96355453908e-09, 3.23955418047e-10],
        "max": [0.0478407144547, 0.0938716083765, 0.0512748993933, 0.0184861104935, 0.0300419926643, 0.0332692936063, 0.0485170707107, 0.0572387911379, 0.0841358006001, 0.0534325540066, 0.0705467686057, 0.0894354581833, 0.0972577705979, 0.0400081425905, 0.024417579174, 0.017831325531, 0.00808627251536, 0.00616720598191, 0.00654563354328, 0.00500843767077, 0.00319463922642, 0.00374233955517, 0.00242843991145, 0.00186302012298, 0.00191127625294, 0.000769889447838, 0.000155451140017],
        "mean": [0.00161341298372, 0.00641076825559, 0.00145111384336, 0.000768291822169, 0.00158322462812, 0.00105333083775, 0.000937549979426, 0.00141802767757, 0.00236729043536, 0.00158387271222, 0.00313333771192, 0.00276902411133, 0.00150081748143, 0.00110848271288, 0.000627289817203, 0.000441715616034, 0.000233001454035, 0.000249332428211, 0.00034979567863, 0.000265826616669, 0.000153814267833, 0.000143648241647, 0.000139683135785, 0.000110630142444, 0.000109891290776, 6.21114159003e-05, 6.03377020525e-06],
        "median": [8.23179143481e-05, 0.00331779220141, 0.000339915859513, 0.00027853823849, 0.00076210097177, 0.000390159868402, 0.000278964143945, 0.000389763270505, 0.000433094828622, 0.000314427335979, 0.000346581073245, 0.000384009850677, 0.000227817203267, 0.000257856736425, 0.000184768243344, 0.000146725593368, 0.000108044063381, 0.000127913852339, 0.000178434696863, 0.000145674915984, 5.61886045034e-05, 5.1933729992e-05, 6.13425363554e-05, 5.00435235153e-05, 5.46713417862e-05, 3.45557746186e-05, 5.65659945551e-07],
        "min": [1.92145311931e-23, 2.51895624822e-23, 1.20547696639e-23, 9.63260380881e-24, 1.60043974233e-23, 8.18071288582e-23, 3.87185301621e-23, 1.27253124773e-23, 2.13723623806e-23, 1.10419246419e-22, 1.7236290186e-22, 1.08622334873e-22, 4.70718508627e-23, 1.90981584323e-22, 1.04189990504e-22, 2.49924917752e-22, 1.04545836192e-22, 2.54082227344e-22, 4.06578733846e-22, 2.2050853441e-22, 6.26232168278e-22, 5.80100036925e-22, 4.39842738922e-22, 7.37999495943e-22, 1.15131394072e-21, 1.96744201876e-21, 2.2718303478e-21],
        "var": [2.12398917938e-05, 9.2365546152e-05, 1.71619703906e-05, 2.36998380387e-06, 6.80871153236e-06, 4.54162409369e-06, 5.77612672714e-06, 1.05102681118e-05, 3.14993703796e-05, 1.54903245857e-05, 5.05459247506e-05, 3.8263231545e-05, 2.97830647469e-05, 6.45735826765e-06, 2.49017125498e-06, 1.01088619431e-06, 2.09349366287e-07, 1.46759305153e-07, 2.68264955139e-07, 1.32544812459e-07, 6.65908217456e-08, 5.95945266468e-08, 4.0806689583e-08, 2.47776767992e-08, 2.35816131067e-08, 5.8915783363e-09, 1.670185934e-10]
    },
    "erbbands": {
        "dmean": [0.198570743203, 0.597005009651, 1.41021430492, 2.35653686523, 2.20071983337, 3.64111828804, 5.12453746796, 6.59838056564, 8.01102542877, 11.5412836075, 20.3642196655, 31.6370811462, 27.5522937775, 40.8498916626, 60.3682861328, 39.420009613, 32.2773284912, 25.6504306793, 24.997089386, 18.0887012482, 10.783493042, 7.67909145355, 6.94903039932, 9.32944965363, 8.06317520142, 5.39624738693, 3.39132499695, 2.97390294075, 2.56712651253, 2.401055336, 2.19350886345, 1.40394723415, 0.970584869385, 0.630369305611, 0.417275905609, 0.172609597445, 0.0542129948735, 0.0145919956267, 0.000696293544024, 2.67599789368e-05],
        "dmean2": [0.350274324417, 0.974899709225, 2.36303448677, 3.94533133507, 3.76903128624, 6.1387424469, 8.33057403564, 10.8477602005, 12.9029302597, 18.2589759827, 31.7461948395, 49.812625885, 43.53099823, 62.8211021423, 92.3888626099, 57.3965415955, 47.8554916382, 39.0332603455, 38.0502204895, 27.7816619873, 16.6390895844, 12.282948494, 10.8690872192, 14.501742363, 12.3543291092, 8.55838489532, 5.46018314362, 4.73928689957, 3.93298864365, 3.63997554779, 3.43099594116, 2.16765761375, 1.47859489918, 0.934041798115, 0.608328282833, 0.258891373873, 0.0791384130716, 0.0215008910745, 0.00101791333873, 4.00578246627e-05],
        "dvar": [0.242230564356, 1.51107692719, 16.813243866, 38.0402946472, 15.8074398041, 55.7274894714, 123.849029541, 197.136032104, 609.334228516, 750.768493652, 2334.07006836, 7975.54492188, 6064.96826172, 11410.2734375, 20513.8300781, 8922.8515625, 10269.7744141, 4126.27880859, 3223.47412109, 3040.66064453, 526.423339844, 382.155883789, 220.301651001, 373.213256836, 185.295593262, 80.9231796265, 39.37525177, 35.6345748901, 25.1674823761, 18.5240345001, 17.0868015289, 6.91533517838, 3.11840033531, 1.35880887508, 0.518202722073, 0.0774104744196, 0.00812847819179, 0.000719262228813, 2.1775344976e-06, 2.20565943287e-09],
        "dvar2": [0.749935805798, 3.62335157394, 44.8875350952, 98.1113815308, 43.4750022888, 157.05027771, 284.002227783, 476.166473389, 1495.72729492, 1798.2890625, 5220.39208984, 19303.1113281, 15392.6542969, 26489.5839844, 49134.890625, 18102.3613281, 22076.9296875, 9032.7265625, 6987.68212891, 6602.30566406, 1134.44458008, 941.658447266, 491.133880615, 822.273925781, 399.417053223, 192.201583862, 99.8236694336, 86.2047576904, 58.8812484741, 41.694896698, 42.2294273376, 16.0429134369, 6.99473571777, 2.94387173653, 1.09006893635, 0.175931215286, 0.0180920716375, 0.00160873611458, 4.65812354378e-06, 4.81915130024e-09],
        "max": [4.4882144928, 14.5735225677, 44.3185997009, 63.6063842773, 60.3655166626, 130.938476562, 252.034118652, 401.674591064, 848.925292969, 578.288513184, 1219.3527832, 2382.21630859, 2301.70678711, 1887.57739258, 3229.02832031, 3703.63598633, 4330.61181641, 2219.10644531, 1424.6529541, 1180.9543457, 584.97644043, 495.228149414, 355.37677002, 554.603759766, 345.701385498, 222.225631714, 136.974502563, 128.776077271, 134.024459839, 130.612228394, 46.5273361206, 34.8676528931, 40.9763221741, 22.6600017548, 13.2628908157, 4.35791349411, 1.47481882572, 0.458072900772, 0.0181661956012, 0.000821040477604],
        "mean": [0.278061926365, 1.0794454813, 1.63059914112, 2.34585356712, 2.95979714394, 5.90054273605, 8.15215587616, 9.83538627625, 13.3638877869, 18.8779697418, 33.2797012329, 54.8071174622, 49.2056274414, 89.318145752, 135.625839233, 89.8827514648, 75.2936096191, 52.0718193054, 46.5945739746, 30.6207180023, 20.3812332153, 13.8904266357, 13.1641674042, 17.8070545197, 17.1091423035, 11.4507608414, 6.93312168121, 5.74420261383, 5.08721160889, 4.77002668381, 3.90669608116, 2.52975988388, 1.74681842327, 1.20681369305, 0.797081589699, 0.337315678596, 0.0961519703269, 0.0203242767602, 0.000866020855028, 6.24885506113e-05],
        "median": [0.0647063776851, 0.581274092197, 0.585267901421, 0.686185181141, 1.72001457214, 2.58613777161, 2.91208720207, 3.48513364792, 3.71163487434, 6.95618534088, 11.3584680557, 10.9756040573, 13.2670583725, 15.2713985443, 19.5113391876, 16.833360672, 14.3167524338, 15.9029493332, 16.7458438873, 11.5464801788, 8.62328243256, 6.98320913315, 6.97870016098, 9.48219585419, 9.08801078796, 6.40722084045, 3.15466141701, 1.91142141819, 1.78093898296, 2.00143671036, 1.70036232471, 1.10328006744, 0.806946575642, 0.555465519428, 0.396857142448, 0.183076113462, 0.0479860976338, 0.00682014180347, 0.000191195664229, 4.54364235338e-05],
        "min": [6.42086177259e-22, 6.21472789946e-21, 1.41142942675e-20, 1.58700675126e-20, 4.79869186833e-20, 8.01258904731e-20, 7.40367554901e-20, 9.6066533294e-19, 7.45047523087e-19, 3.43588647674e-19, 3.66637932046e-19, 5.38430058684e-19, 1.66529396786e-18, 4.36410606375e-18, 8.59023674696e-18, 4.32374709448e-18, 3.04125938941e-18, 8.07850228818e-18, 5.98341633758e-18, 8.61351609094e-18, 1.30048310202e-17, 6.5524276771e-18, 1.55632377891e-17, 1.49524558966e-17, 1.93119177548e-17, 1.12422356934e-17, 2.74412850332e-17, 2.20567958491e-17, 2.20104042517e-17, 1.37102994502e-17, 1.3533186019e-17, 1.22750914566e-17, 1.38706417945e-17, 1.21928308262e-17, 8.53675869318e-18, 6.12555326377e-18, 4.41395610336e-18, 1.29647760398e-18, 3.13149486807e-19, 3.3800548227e-20],
        "var": [0.251888513565, 2.50083327293, 14.0673551559, 30.9464035034, 17.8088436127, 113.740501404, 304.533477783, 447.713745117, 1554.23010254, 1386.23010254, 5285.99072266, 18522.4453125, 14100.5625, 49405.8242188, 78143.25, 40802.671875, 64769.4414062, 13135.2138672, 8264.70117188, 5069.33447266, 1489.12573242, 659.898742676, 428.173675537, 726.197814941, 576.68347168, 227.012756348, 110.334777832, 104.823509216, 80.9272689819, 58.0520210266, 31.6494503021, 13.6397180557, 6.26420545578, 3.0942735672, 1.26253044605, 0.171271190047, 0.0167749412358, 0.0010928864358, 3.06242577608e-06, 4.29157642756e-09]
    },
    "gfcc": {
        "mean": [4.32462787628, 74.2278823853, -124.447273254, 14.5570516586, -58.2899246216, 21.3099117279, -32.8870277405, 16.3505706787, -27.0866355896, 5.69736671448, -12.5166225433, 1.5584141016, -12.2525320053],
        "cov": [[6303.81689453, -1446.82446289, 1172.85864258, 487.166931152, 624.401062012, 930.074707031, 218.656600952, 302.113037109, -145.473342896, 640.398986816, -22.2020740509, 556.907165527, -153.819763184], [-1446.82446289, 1554.05114746, -1.75556921959, 58.9638404846, 144.784393311, -341.589874268, 107.465637207, -73.9743804932, 93.4884719849, -218.122695923, 185.707015991, -215.8487854, 63.4702148438], [1172.85864258, -1.75556921959, 1456.96228027, 512.026855469, 248.352340698, 143.161727905, -112.485488892, 108.253479004, -91.2302780151, 139.38494873, 4.06253910065, 180.021972656, -111.18270874], [487.166931152, 58.9638404846, 512.026855469, 557.76776123, 164.387237549, 60.9050064087, -32.312587738, -17.5478630066, 26.5611724854, 61.3664627075, 22.6503887177, 69.3251953125, -20.533782959], [624.401062012, 144.784393311, 248.352340698, 164.387237549, 445.817352295, 137.531768799, 130.771652222, 46.467918396, 6.36104869843, 118.135269165, 48.2200889587, 83.1666030884, -15.9253501892], [930.074707031, -341.589874268, 143.161727905, 60.9050064087, 137.531768799, 452.907226562, 150.727676392, 47.077003479, -22.3687057495, 147.570327759, 12.1746749878, 116.229629517, 9.067445755], [218.656600952, 107.465637207, -112.485488892, -32.312587738, 130.771652222, 150.727676392, 304.461364746, 12.5132627487, 29.2494564056, 47.5336380005, 52.6922874451, 23.7870693207, 30.3761768341], [302.113037109, -73.9743804932, 108.253479004, -17.5478630066, 46.467918396, 47.077003479, 12.5132627487, 190.914413452, 20.3266811371, 34.9388923645, 11.8889398575, 33.5105819702, 10.3124847412], [-145.473342896, 93.4884719849, -91.2302780151, 26.5611724854, 6.36104869843, -22.3687057495, 29.2494564056, 20.3266811371, 174.953033447, 0.419596672058, 7.80979061127, -14.0886268616, 36.508934021], [640.398986816, -218.122695923, 139.38494873, 61.3664627075, 118.135269165, 147.570327759, 47.5336380005, 34.9388923645, 0.419596672058, 185.563598633, 18.3239326477, 90.5614242554, -19.3084163666], [-22.2020740509, 185.707015991, 4.06253910065, 22.6503887177, 48.2200889587, 12.1746749878, 52.6922874451, 11.8889398575, 7.80979061127, 18.3239326477, 138.550018311, 4.40033245087, 14.9294652939], [556.907165527, -215.8487854, 180.021972656, 69.3251953125, 83.1666030884, 116.229629517, 23.7870693207, 33.5105819702, -14.0886268616, 90.5614242554, 4.40033245087, 169.25213623, 14.3794145584], [-153.819763184, 63.4702148438, -111.18270874, -20.533782959, -15.9253501892, 9.067445755, 30.3761768341, 10.3124847412, 36.508934021, -19.3084163666, 14.9294652939, 14.3794145584, 112.518264771]],
        "icov": [[0.00038116145879, 0.000202329087188, -9.43851919146e-05, -0.000112545480079, -0.000193550265976, -0.000249199598329, -0.000129371823277, -0.000266439164989, 0.00012017411791, -0.000376402313123, -4.87039687869e-06, -0.000325057393638, 0.000283773610136], [0.000202329087188, 0.00213904702105, -0.000752035586629, 0.000181638955837, -0.00131190777756, 0.00112344603986, -0.00100228737574, 0.00070761522511, -0.000613730226178, 0.00153538433369, -0.00226545124315, 0.00194951798767, -0.00119639816694], [-9.43851919146e-05, -0.000752035586629, 0.00174020789564, -0.00121586606838, 0.000219162218855, -0.000474760890938, 0.000853515870403, -0.00110802566633, 0.000867540366016, -0.000409377535107, 0.000771610997617, -0.0015378461685, 0.00147566699889], [-0.000112545480079, 0.000181638955837, -0.00121586606838, 0.00327979261056, -0.000815243576653, 1.63040658663e-05, 0.000424907862907, 0.0014976861421, -0.00133540388197, 0.000374342314899, -0.000681408331729, 0.000349372538039, -0.000684586761054], [-0.000193550265976, -0.00131190777756, 0.000219162218855, -0.000815243576653, 0.00435347529128, -0.000481268449221, -0.000882558932062, -0.000818246102426, 0.000422533950768, -0.0020610538777, 0.000965698389336, -0.00143662770279, 0.00107611145359], [-0.000249199598329, 0.00112344603986, -0.000474760890938, 1.63040658663e-05, -0.000481268449221, 0.00473940139636, -0.00221389112994, 0.000335072283633, 0.00029835398891, -0.00079663679935, -0.000734820845537, 0.000578103412408, -0.00153351807967], [-0.000129371823277, -0.00100228737574, 0.000853515870403, 0.000424907862907, -0.000882558932062, -0.00221389112994, 0.00577183905989, -5.06746300744e-06, -0.000448847305961, -0.000305369932903, -0.000381763704354, -0.000657446042169, 3.31119372277e-05], [-0.000266439164989, 0.00070761522511, -0.00110802566633, 0.0014976861421, -0.000818246102426, 0.000335072283633, -5.06746300744e-06, 0.00690744118765, -0.00165921845473, 0.000584268942475, -0.00137264642399, 0.000874431803823, -0.00165046646725], [0.00012017411791, -0.000613730226178, 0.000867540366016, -0.00133540388197, 0.000422533950768, 0.00029835398891, -0.000448847305961, -0.00165921845473, 0.00733892107382, -0.00172297668178, 0.00113820889965, 4.74404987472e-05, -0.00140099215787], [-0.000376402313123, 0.00153538433369, -0.000409377535107, 0.000374342314899, -0.0020610538777, -0.00079663679935, -0.000305369932903, 0.000584268942475, -0.00172297668178, 0.0117265284061, -0.0028527341783, -0.00148195330985, 0.00122377451044], [-4.87039687869e-06, -0.00226545124315, 0.000771610997617, -0.000681408331729, 0.000965698389336, -0.000734820845537, -0.000381763704354, -0.00137264642399, 0.00113820889965, -0.0028527341783, 0.0106716044247, -0.0017394273309, 0.000281602231553], [-0.000325057393638, 0.00194951798767, -0.0015378461685, 0.000349372538039, -0.00143662770279, 0.000578103412408, -0.000657446042169, 0.000874431803823, 4.74404987472e-05, -0.00148195330985, -0.0017394273309, 0.012433193624, -0.00478030508384], [0.000283773610136, -0.00119639816694, 0.00147566699889, -0.000684586761054, 0.00107611145359, -0.00153351807967, 3.31119372277e-05, -0.00165046646725, -0.00140099215787, 0.00122377451044, 0.000281602231553, -0.00478030508384, 0.0129398191348]]
    },
    "melbands": {
        "dmean": [0.0014100575354, 0.000699472962879, 0.000400550023187, 0.000188111094758, 0.000179936934728, 0.000145128477016, 0.000118782081699, 0.000147556245793, 0.000170054714545, 0.000205075368285, 0.000140821954119, 0.000163545235409, 0.000195056869416, 0.000153995642904, 8.51984659676e-05, 7.31048712623e-05, 5.1454964705e-05, 4.8145531764e-05, 3.38657555403e-05, 2.27907694352e-05, 1.13241039799e-05, 9.05034357856e-06, 6.79644927004e-06, 6.631447377e-06, 8.54017253005e-06, 6.49392450214e-06, 6.75326782584e-06, 3.43266628988e-06, 2.32327761296e-06, 2.18704190047e-06, 1.71291844708e-06, 1.5708369574e-06, 1.48899198393e-06, 1.39916107855e-06, 1.4163592823e-06, 1.087983037e-06, 8.51804657032e-07, 7.322358897e-07, 6.31899979453e-07, 5.51635480406e-07],
        "dmean2": [0.00243427744135, 0.00118026463315, 0.000667901185807, 0.000318874925142, 0.000294293946354, 0.000237984539126, 0.000191104831174, 0.000231951897149, 0.000265777867753, 0.000324510212522, 0.000222740593017, 0.000253783306107, 0.000296256475849, 0.000228757737204, 0.000124357611639, 0.00010881878552, 7.89218102e-05, 7.35051726224e-05, 5.26252952113e-05, 3.4730455809e-05, 1.80074221134e-05, 1.45743852045e-05, 1.08494550659e-05, 1.0450922673e-05, 1.34023321152e-05, 1.01604127849e-05, 1.05129429357e-05, 5.5866476032e-06, 3.7972656628e-06, 3.56625105269e-06, 2.75495449387e-06, 2.45246360464e-06, 2.33021705753e-06, 2.13473049371e-06, 2.26113161261e-06, 1.70998487192e-06, 1.34569211241e-06, 1.13311568839e-06, 9.79079231911e-07, 8.27450151064e-07],
        "dvar": [1.05802510006e-05, 2.60499405158e-06, 9.00667146198e-07, 1.1146909884e-07, 1.44930126567e-07, 9.13712838724e-08, 1.20818938854e-07, 1.24996091699e-07, 1.57808500489e-07, 3.44044735812e-07, 1.59050017601e-07, 1.83447937729e-07, 2.16066382563e-07, 1.13171047644e-07, 6.47469136084e-08, 6.99380393598e-08, 1.97075618047e-08, 1.36265407846e-08, 1.25819541452e-08, 4.35321023673e-09, 6.72199129692e-10, 5.9579130518e-10, 2.3745153066e-10, 2.1385644644e-10, 3.37863764743e-10, 1.60539692651e-10, 1.49761675283e-10, 3.45524373002e-11, 1.77651990341e-11, 1.95929852204e-11, 1.18341551836e-11, 1.03331692161e-11, 8.0572059441e-12, 6.17548460285e-12, 6.93252876979e-12, 4.53329344549e-12, 2.55772291367e-12, 1.75266637141e-12, 1.37158773922e-12, 1.06233956094e-12],
        "dvar2": [3.19923783536e-05, 7.16306158211e-06, 2.30770615417e-06, 3.07738162064e-07, 3.4771233004e-07, 2.2248212872e-07, 3.01278419101e-07, 2.93667085316e-07, 3.54792774715e-07, 8.34450190723e-07, 4.0079100927e-07, 4.24571169333e-07, 5.09688447892e-07, 2.55979415442e-07, 1.3547324329e-07, 1.51864583131e-07, 4.30122639727e-08, 2.95703532771e-08, 2.64314454768e-08, 9.20018017325e-09, 1.53410117942e-09, 1.45977496757e-09, 5.77725034479e-10, 4.84435713766e-10, 7.52050643982e-10, 3.61934732185e-10, 3.28754967693e-10, 8.83916759231e-11, 4.59808788267e-11, 5.02205534103e-11, 2.8558395232e-11, 2.54859883198e-11, 1.88097176723e-11, 1.41767110204e-11, 1.74811450038e-11, 1.11704239608e-11, 6.07345207113e-12, 4.00477524407e-12, 3.14422012732e-12, 2.32753226415e-12],
        "max": [0.0319429449737, 0.018862452358, 0.00963455438614, 0.00801548175514, 0.00762558123097, 0.00786245707422, 0.0113335177302, 0.00767088728026, 0.00994305312634, 0.0154868653044, 0.011283820495, 0.00723424460739, 0.0116926450282, 0.00767901958898, 0.0103813046589, 0.013387975283, 0.00509599316865, 0.00328978477046, 0.00263708620332, 0.00185841403436, 0.000918253033888, 0.000616090255789, 0.000439163210103, 0.000339962774888, 0.000512559316121, 0.000246623385465, 0.000251641700743, 0.000134429676109, 9.94182628347e-05, 0.000111054992885, 7.11547909304e-05, 7.42487245589e-05, 8.00736233941e-05, 7.49653409002e-05, 2.97485494229e-05, 3.06475521938e-05, 2.37901022047e-05, 3.11111580231e-05, 2.19570920308e-05, 2.30816931435e-05],
        "mean": [0.00217675627209, 0.00105517369229, 0.000430753396358, 0.000300565530779, 0.000299285631627, 0.000218028537347, 0.000197024521185, 0.00023784210498, 0.000275843864074, 0.000357265496859, 0.000237692744122, 0.000338854442816, 0.000418517331127, 0.000345571723301, 0.00018065655604, 0.000153792323545, 9.29652887862e-05, 8.33018348203e-05, 5.10402205691e-05, 3.62157006748e-05, 1.96021592274e-05, 1.46589627548e-05, 1.15021848615e-05, 1.15828224807e-05, 1.49896550283e-05, 1.2196714124e-05, 1.24426142065e-05, 6.50235733701e-06, 4.33485411122e-06, 3.98486417907e-06, 3.01233808386e-06, 2.91313062917e-06, 2.7254102406e-06, 2.59764397015e-06, 2.34359708884e-06, 1.85160035926e-06, 1.41750342664e-06, 1.2391016071e-06, 1.07365667645e-06, 1.00402928638e-06],
        "median": [0.000914057367481, 0.000521333480719, 0.000160402007168, 0.000167054735357, 0.000113228328701, 7.62661147746e-05, 5.69517505937e-05, 8.06355965324e-05, 8.69829964358e-05, 5.88065922784e-05, 5.21669280715e-05, 4.8829424486e-05, 5.6448559917e-05, 4.69270999019e-05, 2.37889380514e-05, 2.31764297496e-05, 2.3157312171e-05, 2.35807783611e-05, 1.40410656968e-05, 1.09599595817e-05, 8.0771451394e-06, 6.60411524223e-06, 5.49630431124e-06, 5.88199691265e-06, 7.27106225895e-06, 6.14866758042e-06, 5.78087292524e-06, 3.3749031445e-06, 2.03582135327e-06, 1.31743672682e-06, 9.2543939445e-07, 9.50318451487e-07, 9.90340254248e-07, 1.09752227218e-06, 9.85090309769e-07, 7.79065658207e-07, 5.9980095557e-07, 5.50733147975e-07, 4.65848586373e-07, 4.43635940428e-07],
        "min": [7.71833815898e-24, 7.936340659e-24, 4.62717881327e-24, 4.40581024376e-24, 2.64855315763e-24, 1.98392033226e-23, 1.12487005468e-23, 3.22550926041e-24, 3.1695851359e-24, 3.35142704089e-24, 8.89899787684e-24, 1.74700520759e-23, 2.37893249091e-23, 1.79340032623e-23, 7.85174952641e-24, 6.92725187715e-24, 1.59988675084e-23, 1.04000550291e-23, 7.65935345138e-24, 1.79904257497e-23, 1.38829343013e-23, 6.80851016711e-24, 8.23902895492e-24, 1.43996807927e-23, 1.19143918658e-23, 1.57400753776e-23, 1.11384722237e-23, 5.9011710314e-24, 1.57472335014e-23, 1.40138804784e-23, 1.21838793728e-23, 1.41823590797e-23, 8.4121862902e-24, 6.69995501794e-24, 8.3628848502e-24, 6.9230922136e-24, 7.19294259661e-24, 8.69878576795e-24, 1.11586497079e-23, 9.74530599976e-24],
        "var": [1.27793036881e-05, 2.95597351396e-06, 7.75102989792e-07, 2.13036855712e-07, 3.6406640902e-07, 2.08681186109e-07, 2.91516101925e-07, 2.49311312928e-07, 3.89583078686e-07, 8.37877394133e-07, 3.66748651004e-07, 7.40076927741e-07, 7.52978394303e-07, 5.17559158197e-07, 3.68115479432e-07, 4.43298915798e-07, 5.55783650213e-08, 3.55711087252e-08, 2.09276365126e-08, 8.57256754472e-09, 1.65818980769e-09, 9.54487711091e-10, 3.76158937332e-10, 3.77500836146e-10, 6.12343842299e-10, 3.31869809411e-10, 3.82774700824e-10, 8.53679765767e-11, 4.33192093308e-11, 5.27015514562e-11, 3.01375278899e-11, 3.03723886319e-11, 2.14675065918e-11, 1.78254615929e-11, 1.18730424797e-11, 7.72508099156e-12, 4.65834966087e-12, 3.32485211238e-12, 2.60764825531e-12, 2.36293601873e-12]
    },
    "mfcc": {
        "mean": [-640.455627441, 113.051673889, -8.28322410583, 3.98577189445, -1.1381303072, 1.18376863003, 7.12397909164, 7.13186311722, -4.09117650986, 8.04489994049, 0.467311739922, -3.36194109917, 3.13364052773],
        "cov": [[4930.15527344, -1051.03381348, 330.140594482, 166.191467285, 288.480926514, 758.907165527, 434.897247314, 158.699325562, 259.590179443, 44.6668815613, 150.936019897, 247.296340942, 337.18536377], [-1051.03381348, 1172.3861084, 37.4234466553, 128.484970093, 106.692512512, -215.308517456, 81.4286575317, 45.2154960632, -132.555969238, 113.602416992, 8.32274627686, -86.3797454834, -16.3774147034], [330.140594482, 37.4234466553, 986.686645508, 400.121276855, 295.514068604, 112.404907227, 36.2378997803, 35.5831642151, -47.6676101685, -14.5956201553, 9.0817565918, 49.369342804, 26.0894298553], [166.191467285, 128.484970093, 400.121276855, 524.950256348, 254.268661499, 61.8181228638, 17.8151817322, 15.7433652878, -41.5265655518, 7.30714607239, 11.888012886, 23.5073318481, 42.4565010071], [288.480926514, 106.692512512, 295.514068604, 254.268661499, 374.674072266, 67.3603515625, 61.1805305481, 37.6972618103, -13.1535148621, 42.7243309021, 14.3843450546, 12.4364814758, 68.1145553589], [758.907165527, -215.308517456, 112.404907227, 61.8181228638, 67.3603515625, 425.908111572, 162.053314209, 33.513469696, 95.6281814575, -20.3888664246, 51.7504997253, 94.389251709, 81.6624526978], [434.897247314, 81.4286575317, 36.2378997803, 17.8151817322, 61.1805305481, 162.053314209, 291.705474854, 64.0355377197, 9.30556583405, 48.6682281494, 47.3214836121, 12.6890516281, 79.397819519], [158.699325562, 45.2154960632, 35.5831642151, 15.7433652878, 37.6972618103, 33.513469696, 64.0355377197, 131.974685669, 30.0300769806, 36.4137229919, 5.63780736923, 11.3796834946, 33.9259529114], [259.590179443, -132.555969238, -47.6676101685, -41.5265655518, -13.1535148621, 95.6281814575, 9.30556583405, 30.0300769806, 197.479446411, -9.45592308044, 22.0048103333, 39.0603866577, 26.4095993042], [44.6668815613, 113.602416992, -14.5956201553, 7.30714607239, 42.7243309021, -20.3888664246, 48.6682281494, 36.4137229919, -9.45592308044, 137.465591431, 33.5729484558, -15.7365312576, 11.7931251526], [150.936019897, 8.32274627686, 9.0817565918, 11.888012886, 14.3843450546, 51.7504997253, 47.3214836121, 5.63780736923, 22.0048103333, 33.5729484558, 112.091041565, 29.8499393463, 21.6869716644], [247.296340942, -86.3797454834, 49.369342804, 23.5073318481, 12.4364814758, 94.389251709, 12.6890516281, 11.3796834946, 39.0603866577, -15.7365312576, 29.8499393463, 126.118209839, 37.4226951599], [337.18536377, -16.3774147034, 26.0894298553, 42.4565010071, 68.1145553589, 81.6624526978, 79.397819519, 33.9259529114, 26.4095993042, 11.7931251526, 21.6869716644, 37.4226951599, 128.656692505]],
