{
"lowlevel": {
    "average_loudness": 0.415507316589,
    "barkbands_crest": {
        "dmean": 2.72978591919,
        "dmean2": 4.22272062302,
        "dvar": 5.49440336227,
        "dvar2": 12.3313312531,
        "max": 25.7844429016,
        "mean": 11.3783349991,
        "median": 10.7374229431,
        "min": 2.23283100128,
        "var": 20.8000125885
    },
    "barkbands_flatness_db": {
        "dmean": 0.0235137008131,
        "dmean2": 0.035403445363,
        "dvar": 0.000430208281614,
        "dvar2": 0.00100504187867,
        "max": 0.453041106462,
        "mean": 0.138449847698,
        "median": 0.13291016221,
        "min": 0.017737897113,
        "var": 0.00334207550623
    },
    "barkbands_kurtosis": {
        "dmean": 2.57877206802,
        "dmean2": 4.20523357391,
        "dvar": 29.1208076477,
        "dvar2": 76.8966522217,
        "max": 193.909210205,
        "mean": 3.38604784012,
        "median": 1.22610092163,
        "min": -1.91509985924,
        "var": 55.3159217834
    },
    "barkbands_skewness": {
        "dmean": 0.53234398365,
        "dmean2": 0.839890182018,
        "dvar": 0.310118377209,
        "dvar2": 0.77354568243,
        "max": 12.5719242096,
        "mean": 1.34313058853,
        "median": 1.16620159149,
        "min": -2.51085972786,
        "var": 1.40497350693
    },
    "barkbands_spread": {
        "dmean": 6.27637767792,
        "dmean2": 9.66720581055,
        "dvar": 65.8950271606,
        "dvar2": 134.23651123,
        "max": 120.335609436,
        "mean": 24.8348407745,
        "median": 22.4239463806,
        "min": 1.12813532352,
        "var": 275.050811768
    },
    "dissonance": {
        "dmean": 0.02042834647,
        "dmean2": 0.0347072295845,
        "dvar": 0.000432429136708,
        "dvar2": 0.00118237477727,
        "max": 0.500000059605,
        "mean": 0.463892102242,
        "median": 0.471081674099,
        "min": 0.0858867540956,
        "var": 0.000848558906
    },
    "dynamic_complexity": 2.90266370773,
    "erbbands_crest": {
        "dmean": 2.86041855812,
        "dmean2": 4.66733837128,
        "dvar": 6.6848783493,
        "dvar2": 16.9357051849,
        "max": 29.9786376953,
        "mean": 10.4309654236,
        "median": 9.49932575226,
        "min": 2.40231180191,
        "var": 23.6525058746
    },
    "erbbands_flatness_db": {
        "dmean": 0.0179763045162,
        "dmean2": 0.0262853167951,
        "dvar": 0.000274189951597,
        "dvar2": 0.000547131174244,
        "max": 0.41317242384,
        "mean": 0.166150331497,
        "median": 0.157093286514,
        "min": 0.0412272401154,
        "var": 0.00400813715532
    },
    "erbbands_kurtosis": {
        "dmean": 1.09322452545,
        "dmean2": 1.74952089787,
        "dvar": 1.96782958508,
        "dvar2": 4.93699216843,
        "max": 30.3268051147,
        "mean": 1.28275847435,
        "median": 0.658353924751,
        "min": -1.79393708706,
        "var": 5.7048830986
    },
    "erbbands_skewness": {
        "dmean": 0.359661012888,
        "dmean2": 0.554001748562,
        "dvar": 0.105957023799,
        "dvar2": 0.23834207654,
        "max": 3.69130682945,
        "mean": 0.58007055521,
        "median": 0.569663047791,
        "min": -2.67590308189,
        "var": 0.607720553875
    },
    "erbbands_spread": {
        "dmean": 6.56046199799,
        "dmean2": 10.034995079,
        "dvar": 61.8290100098,
        "dvar2": 132.32711792,
        "max": 141.885864258,
        "mean": 32.0952072144,
        "median": 28.4089431763,
        "min": 3.48610520363,
        "var": 347.516998291
    },
    "hfc": {
        "dmean": 7.14537143707,
        "dmean2": 10.7853126526,
        "dvar": 90.1333084106,
        "dvar2": 200.780593872,
        "max": 230.321014404,
        "mean": 27.4108848572,
        "median": 21.2317466736,
        "min": 1.20997412436e-16,
        "var": 546.392700195
    },
    "melbands_crest": {
        "dmean": 4.05369663239,
        "dmean2": 6.63980531693,
        "dvar": 12.4438228607,
        "dvar2": 32.2411727905,
        "max": 37.611907959,
        "mean": 17.0534305573,
        "median": 15.9553346634,
        "min": 2.26965880394,
        "var": 47.4473457336
    },
    "melbands_flatness_db": {
        "dmean": 0.0269612725824,
        "dmean2": 0.0410065762699,
        "dvar": 0.000581396685448,
        "dvar2": 0.00137697218452,
        "max": 0.579773485661,
        "mean": 0.19525423646,
        "median": 0.192103490233,
        "min": 0.00647937459871,
        "var": 0.00362587044947
    },
    "melbands_kurtosis": {
        "dmean": 6.30969953537,
        "dmean2": 10.23183918,
        "dvar": 197.8306427,
        "dvar2": 526.647521973,
        "max": 338.586456299,
        "mean": 10.9434165955,
        "median": 5.2966799736,
        "min": -1.79455721378,
        "var": 393.081604004
    },
    "melbands_skewness": {
        "dmean": 0.713020384312,
        "dmean2": 1.1243724823,
        "dvar": 0.663244962692,
        "dvar2": 1.65356743336,
        "max": 15.3010730743,
        "mean": 2.27952170372,
        "median": 1.97748613358,
        "min": -1.29911065102,
        "var": 3.09610581398
    },
    "melbands_spread": {
        "dmean": 7.07274913788,
        "dmean2": 10.9764356613,
        "dvar": 83.2708129883,
        "dvar2": 171.456192017,
        "max": 224.470581055,
        "mean": 25.7425670624,
        "median": 23.1562423706,
        "min": 0.758213222027,
        "var": 303.604278564
    },
    "pitch_salience": {
        "dmean": 0.0730298608541,
        "dmean2": 0.11711486429,
        "dvar": 0.00419764593244,
        "dvar2": 0.0104853715748,
        "max": 0.91728836298,
        "mean": 0.508732736111,
        "median": 0.513150036335,
        "min": 0.0644457936287,
        "var": 0.0184706561267
    },
    "silence_rate_20dB": {
        "dmean": 0,
        "dmean2": 0,
        "dvar": 0,
        "dvar2": 0,
        "max": 1,
        "mean": 1,
        "median": 1,
        "min": 1,
        "var": 0
    },
    "silence_rate_30dB": {
        "dmean": 0.00492206728086,
        "dmean2": 0.00984528847039,
        "dvar": 0.00489812809974,
        "dvar2": 0.0120920278132,
        "max": 1,
        "mean": 0.988516509533,
        "median": 1,
        "min": 0,
        "var": 0.0113513590768
    },
    "silence_rate_60dB": {
        "dmean": 0.00750029319897,
        "dmean2": 0.0148851387203,
        "dvar": 0.00744486181065,
        "dvar2": 0.0167770814151,
        "max": 1,
        "mean": 0.0329271145165,
        "median": 0,
        "min": 0,
        "var": 0.0318503156304
    },
    "spectral_centroid": {
        "dmean": 227.916534424,
        "dmean2": 343.982055664,
        "dvar": 76241.7734375,
        "dvar2": 141599.234375,
        "max": 10969.5449219,
        "mean": 1492.13891602,
        "median": 1453.66809082,
        "min": 287.078308105,
        "var": 343991.71875
    },
    "spectral_complexity": {
        "dmean": 3.47310447693,
        "dmean2": 5.48312234879,
        "dvar": 13.0110273361,
        "dvar2": 28.8071365356,
        "max": 53,
        "mean": 19.2614250183,
        "median": 18,
        "min": 0,
        "var": 72.6220016479
    },
    "spectral_decrease": {
        "dmean": 2.53886911494e-09,
        "dmean2": 4.26394919373e-09,
        "dvar": 1.01026223461e-17,
        "dvar2": 2.91987344693e-17,
        "max": -2.59296299125e-30,
        "mean": -8.18580581097e-09,
        "median": -6.99239732782e-09,
        "min": -6.21114608634e-08,
        "var": 3.58951254874e-17
    },
    "spectral_energy": {
        "dmean": 0.00994755607098,
        "dmean2": 0.0166801344603,
        "dvar": 0.000151176558575,
        "dvar2": 0.000435347756138,
        "max": 0.253217071295,
        "mean": 0.0333814844489,
        "median": 0.0285944789648,
        "min": 1.09846039133e-20,
        "var": 0.000574859965127
    },
    "spectral_energyband_high": {
        "dmean": 0.000423866877099,
        "dmean2": 0.000611204188317,
        "dvar": 6.4018786361e-07,
        "dvar2": 1.19142339372e-06,
        "max": 0.0123833194375,
        "mean": 0.00100335897878,
        "median": 0.000498693902045,
        "min": 7.66988844264e-21,
        "var": 2.21266486733e-06
    },
    "spectral_energyband_low": {
        "dmean": 0.00664023216814,
        "dmean2": 0.0113778356463,
        "dvar": 0.000117465911899,
        "dvar2": 0.000344095111359,
        "max": 0.143487975001,
        "mean": 0.0126246968284,
        "median": 0.00734901195392,
        "min": 9.87792945292e-23,
        "var": 0.000247124669841
    },
    "spectral_energyband_middle_high": {
        "dmean": 0.003370935563,
        "dmean2": 0.00527599221095,
        "dvar": 3.42025959981e-05,
        "dvar2": 9.17002907954e-05,
        "max": 0.179188936949,
        "mean": 0.0106241097674,
        "median": 0.00570183293894,
        "min": 1.68735767381e-21,
        "var": 0.000177956128027
    },
    "spectral_energyband_middle_low": {
        "dmean": 0.00358050852083,
        "dmean2": 0.00568246142939,
        "dvar": 3.73066068278e-05,
        "dvar2": 0.000104482489405,
        "max": 0.181618750095,
        "mean": 0.00962404534221,
        "median": 0.00650298735127,
        "min": 3.8055021148e-22,
        "var": 0.00010375148122
    },
    "spectral_entropy": {
        "dmean": 0.147024616599,
        "dmean2": 0.209074959159,
        "dvar": 0.0222943630069,
        "dvar2": 0.040284384042,
        "max": 9.79489707947,
        "mean": 7.66981077194,
        "median": 7.67701530457,
        "min": 6.20219421387,
        "var": 0.208375066519
    },
    "spectral_flux": {
        "dmean": 0.0222612377256,
        "dmean2": 0.0363359637558,
        "dvar": 0.000449938990641,
        "dvar2": 0.00116173899733,
        "max": 0.337392181158,
        "mean": 0.0928570330143,
        "median": 0.087133705616,
        "min": 1.04807461321e-10,
        "var": 0.00193405640312
    },
    "spectral_kurtosis": {
        "dmean": 1.2976089716,
        "dmean2": 2.13087630272,
        "dvar": 2.18628764153,
        "dvar2": 6.20901536942,
        "max": 26.1727848053,
        "mean": 4.33766317368,
        "median": 3.99915122986,
        "min": -1.22197568417,
        "var": 6.51304531097
    },
    "spectral_rms": {
        "dmean": 0.00080413807882,
        "dmean2": 0.00132870220114,
        "dvar": 6.47880312954e-07,
        "dvar2": 1.78981019872e-06,
        "max": 0.0157175399363,
        "mean": 0.00534620182589,
        "median": 0.00528176594526,
        "min": 3.27363505227e-12,
        "var": 3.98546353608e-06
    },
    "spectral_rolloff": {
        "dmean": 512.950073242,
        "dmean2": 845.326049805,
        "dvar": 1118761.375,
        "dvar2": 2232626.25,
        "max": 19207.6171875,
        "mean": 1564.2800293,
        "median": 1291.9921875,
        "min": 43.06640625,
        "var": 2726812
    },
    "spectral_skewness": {
        "dmean": 0.186003923416,
        "dmean2": 0.29092425108,
        "dvar": 0.0323143713176,
        "dvar2": 0.0768138542771,
        "max": 3.52037930489,
        "mean": 1.60618853569,
        "median": 1.60963714123,
        "min": -0.068233795464,
        "var": 0.167532861233
    },
    "spectral_spread": {
        "dmean": 594112.75,
        "dmean2": 810702.0625,
        "dvar": 633951748096,
        "dvar2": 862621859840,
        "max": 41020804,
        "mean": 4968264.5,
        "median": 4641388,
        "min": 1765770.375,
        "var": 3.67733506048e+12
    },
    "spectral_strongpeak": {
        "dmean": 0.672430455685,
        "dmean2": 1.14525949955,
        "dvar": 1.22739970684,
        "dvar2": 3.25719308853,
        "max": 12.7886390686,
        "mean": 1.13393485546,
        "median": 0.415561616421,
        "min": 0,
        "var": 2.38416004181
    },
    "zerocrossingrate": {
        "dmean": 0.0115350652486,
        "dmean2": 0.0126312728971,
        "dvar": 0.000234806822846,
        "dvar2": 0.000221001610043,
        "max": 0.5400390625,
        "mean": 0.0649343132973,
        "median": 0.056640625,
        "min": 0.00244140625,
        "var": 0.00159614277072
    },
    "barkbands": {
        "dmean": [0.00177025864832, 0.00530443526804, 0.000610377464909, 0.000277029292192, 0.000853163423017, 0.00104580365587, 0.000501780770719, 0.000633959774859, 0.00136239547282, 0.00191637326498, 0.00111784494948, 0.000722329190467, 0.000749569153413, 0.000654319534078, 0.00046503089834, 0.0002225793869, 0.00020493894408, 0.000185677563422, 0.000158704424393, 0.000101730875031, 8.18006665213e-05, 7.47214871808e-05, 8.83781831362e-05, 8.88275972102e-05, 8.95374760148e-05, 5.11140860908e-05, 2.87168791147e-06],
        "dmean2": [0.00332482741214, 0.00856541376561, 0.00104149524122, 0.000483217008878, 0.00132423324976, 0.00158617354464, 0.000791181344539, 0.00100147933699, 0.00230055651627, 0.00305861979723, 0.00179020233918, 0.00118257931899, 0.00120612641331, 0.00105399778113, 0.000743280455936, 0.000351241033059, 0.000325944303768, 0.000287906266749, 0.00025323178852, 0.000164732933627, 0.000135332127684, 0.000119087409985, 0.000134183079354, 0.000131936365506, 0.000125768274302, 7.36703586881e-05, 4.49548588222e-06],
        "dvar": [1.10109594971e-05, 8.23177106213e-05, 3.10353129862e-06, 4.83241421989e-07, 3.34301125804e-06, 4.81882943859e-06, 1.61743218996e-06, 1.90822493096e-06, 2.3045558919e-05, 2.03376039281e-05, 1.02132053144e-05, 5.01403337694e-06, 2.4373305223e-06, 2.6261441235e-06, 1.85819055787e-06, 3.7402281805e-07, 3.20791485819e-07, 1.5428088318e-07, 6.8608144943e-08, 2.3504634683e-08, 2.09576533905e-08, 2.39253683532e-08, 3.75341926429e-08, 4.81987960654e-08, 5.63445823332e-08, 1.23106413952e-08, 7.79559056197e-11],
        "dvar2": [3.70376983483e-05, 0.000211420847336, 8.42072495288e-06, 1.34531262574e-06, 7.44346789361e-06, 1.016537135e-05, 3.78547792934e-06, 4.5238466555e-06, 7.01840181137e-05, 5.51568664378e-05, 2.5959488994e-05, 1.38963296195e-05, 6.06004959991e-06, 6.35112883174e-06, 4.36760865341e-06, 8.34773913994e-07, 7.89106195498e-07, 3.18902323215e-07, 1.61435679047e-07, 5.81539616462e-08, 5.36794750872e-08, 5.40487690159e-08, 7.73661028575e-08, 8.8224410888e-08, 9.81948033996e-08, 2.29982237698e-08, 1.79092574104e-10],
        "max": [0.0410285703838, 0.128214508295, 0.0218732748181, 0.011021736078, 0.0480845794082, 0.0527278482914, 0.0344752818346, 0.033241931349, 0.163406178355, 0.101141914725, 0.111283652484, 0.0526391603053, 0.0298667084426, 0.0596588104963, 0.0452302917838, 0.0162999313325, 0.0340279862285, 0.0113803856075, 0.00720738293603, 0.00256325048395, 0.00250121275894, 0.00573582807556, 0.00480519188568, 0.0043343314901, 0.00579869793728, 0.0030126075726, 0.000278231542325],
        "mean": [0.00170787272509, 0.0102585209534, 0.000783986353781, 0.000322936597513, 0.00183105352335, 0.00209749629721, 0.00088296236936, 0.00111783132888, 0.00223151990213, 0.0033481142018, 0.00190718530212, 0.00116625137161, 0.00132622255478, 0.00109380937647, 0.000761927978601, 0.000366108375601, 0.000379003729904, 0.000366504478734, 0.000328996335156, 0.000210475744097, 0.000151280575665, 0.000143487297464, 0.000173702603206, 0.000171965875779, 0.000165118777659, 8.36739127408e-05, 3.34018432113e-06],
        "median": [0.000412561086705, 0.00549061596394, 0.000261152279563, 0.000127579012769, 0.000646437634714, 0.000596452213358, 0.000272352830507, 0.000302407541312, 0.000364419596735, 0.000708044157363, 0.000355866388418, 0.000285118760075, 0.000354993215296, 0.000275880884146, 0.000215234613279, 0.000152526336024, 0.000156680325745, 0.000159276998602, 0.00018812721828, 0.000127918639919, 8.43898451421e-05, 6.64306862745e-05, 6.11517316429e-05, 6.79630902596e-05, 4.02863588533e-05, 2.47632488026e-05, 1.81787328302e-07],
        "min": [2.00979086788e-23, 6.84591858233e-23, 9.9636974082e-24, 2.3456017766e-24, 7.74170863662e-23, 9.65925784108e-23, 5.30434995163e-23, 5.80114173312e-23, 8.54772884425e-23, 1.72157722294e-23, 1.05837996666e-22, 1.20693812611e-22, 8.82923985362e-23, 6.77642372311e-23, 1.70350637598e-22, 2.23253745116e-22, 1.47083141022e-22, 3.87135193177e-22, 2.11022273765e-22, 3.80325973035e-22, 5.2266217827e-22, 3.74068778822e-22, 7.0868290035e-22, 7.55918881613e-22, 1.16686568344e-21, 1.74783364407e-21, 2.50288980215e-21],
        "var": [1.02871763374e-05, 0.000191736020497, 2.6697073281e-06, 4.3187461074e-07, 1.23735753732e-05, 1.55809902935e-05, 4.39505947725e-06, 4.85828786623e-06, 4.25718026236e-05, 4.95109452459e-05, 2.28681619774e-05, 8.23273421702e-06, 5.76972070121e-06, 6.19769843979e-06, 4.03929743698e-06, 6.73643398841e-07, 7.85920292401e-07, 4.10968340248e-07, 1.83773181561e-07, 5.9983520373e-08, 3.7130504893e-08, 5.34757802484e-08, 1.09288940564e-07, 1.37385598009e-07, 1.66753423514e-07, 3.37188659216e-08, 1.33365582466e-10]
    },
    "erbbands": {
        "dmean": [0.300001055002, 0.747249424458, 0.715382933617, 0.800477862358, 1.11578440666, 3.28194308281, 7.65211057663, 9.22229480743, 6.98851966858, 8.68357849121, 14.7241106033, 30.8067207336, 48.8992614746, 55.1522102356, 37.445274353, 27.1125640869, 32.1621246338, 34.7059135437, 27.8524513245, 14.6430988312, 10.0503463745, 10.0658025742, 10.2620134354, 8.17094326019, 6.97913980484, 4.66966867447, 3.97163677216, 2.78358650208, 2.63326239586, 2.70264792442, 2.60252952576, 1.99789631367, 1.45710468292, 1.01362395287, 0.654992461205, 0.270330399275, 0.089480496943, 0.0125401392579, 0.000418340991018, 2.17937322304e-05],
        "dmean2": [0.511537373066, 1.08782529831, 1.16447842121, 1.36140835285, 1.80991172791, 5.09806394577, 11.6310749054, 14.0635433197, 10.8478965759, 13.5326108932, 23.3741130829, 51.1052055359, 80.1101837158, 88.8924331665, 59.3007545471, 43.7164802551, 51.7073326111, 56.029335022, 43.9417800903, 22.9968910217, 15.8573770523, 15.7683172226, 15.6237945557, 12.975769043, 10.9775466919, 7.48388195038, 6.60835361481, 4.56534051895, 4.20428943634, 4.21484231949, 3.97354960442, 2.98618602753, 2.17395138741, 1.45398080349, 0.933586657047, 0.395794212818, 0.129661932588, 0.0184353552759, 0.000611473747995, 3.38203426509e-05],
        "dvar": [0.278096795082, 1.78538274765, 3.40982484818, 4.31331062317, 7.91348838806, 66.9197616577, 280.865020752, 487.242553711, 286.065063477, 446.070098877, 1148.18066406, 10689.1943359, 16828.8769531, 22809.4453125, 11204.734375, 5250.38720703, 4416.40478516, 6090.15527344, 5671.17089844, 1757.72167969, 725.163330078, 1009.66259766, 440.865509033, 216.611343384, 123.88243866, 49.0747528076, 47.8193893433, 25.9074687958, 32.8620491028, 30.4690628052, 34.455947876, 25.1474628448, 13.3726816177, 7.02727842331, 3.24785327911, 0.458250701427, 0.0369635075331, 0.000763604533859, 1.51007850491e-06, 1.84729298525e-09],
        "dvar2": [0.79356366396, 3.69544744492, 8.9303188324, 11.8024168015, 18.0165328979, 149.42906189, 587.785583496, 1053.5546875, 674.700744629, 1046.21154785, 2796.42871094, 31547.3046875, 46501.40625, 62291.796875, 29345.1269531, 14219.0214844, 10977.4697266, 15112.0390625, 12318.0068359, 3805.35473633, 1686.38781738, 2444.56762695, 888.330200195, 493.42767334, 301.099578857, 119.052719116, 124.254508972, 65.0655899048, 74.0076751709, 66.8527832031, 72.8789520264, 49.7348556519, 24.7313194275, 12.7689371109, 5.83633184433, 0.821048736572, 0.0753729939461, 0.00144410319626, 2.91058995572e-06, 3.89573084902e-09],
        "max": [6.85443210602, 22.5085391998, 26.5231971741, 26.4009227753, 96.8926620483, 266.076721191, 321.391448975, 651.682312012, 375.144470215, 472.6769104, 976.266418457, 3750.72265625, 2754.42578125, 5111.3359375, 4049.39868164, 2394.59667969, 1248.46337891, 1623.13024902, 4194.42236328, 1241.39855957, 1105.41674805, 2059.22094727, 663.669921875, 361.909118652, 243.678771973, 127.021270752, 150.745330811, 73.7165527344, 268.000579834, 117.868537903, 146.23600769, 114.36353302, 96.9913635254, 67.274810791, 41.5085945129, 19.1052303314, 5.70776510239, 0.849300503731, 0.0549578107893, 0.00222219293937],
        "mean": [0.453224509954, 1.67607474327, 1.17442333698, 1.11004841328, 1.77654969692, 6.59745836258, 15.8211841583, 18.0085220337, 13.3945941925, 15.8511428833, 26.4392910004, 52.5695800781, 90.6672744751, 102.435874939, 70.2597732544, 49.9942207336, 60.3231163025, 62.7370605469, 50.5431137085, 27.0544605255, 18.8950195312, 20.4794578552, 21.5670795441, 17.2344722748, 14.8176822662, 10.1361379623, 7.61327219009, 5.20113182068, 4.90801715851, 5.23742771149, 5.00153160095, 3.85710644722, 2.68539643288, 1.83589029312, 1.17321133614, 0.46092787385, 0.135073229671, 0.0188178829849, 0.000614073826, 6.14738382865e-05],
        "median": [0.198785185814, 0.839694619179, 0.591491699219, 0.489531904459, 0.790223419666, 2.23011207581, 4.36712646484, 4.85905647278, 4.77091789246, 5.61021661758, 8.30619812012, 10.9290599823, 21.1149787903, 22.6714782715, 17.6260375977, 16.6282310486, 19.6265773773, 20.6207923889, 16.0355567932, 10.387629509, 9.00304794312, 8.70191574097, 9.63226509094, 9.18644332886, 8.31402587891, 6.2850151062, 4.50412082672, 2.77426624298, 2.34303379059, 2.05906963348, 1.7670238018, 1.46433460712, 1.00262212753, 0.458527863026, 0.279856681824, 0.13014870882, 0.0393977984786, 0.00462708249688, 0.000120280215924, 4.6537759772e-05],
        "min": [3.44365871102e-21, 9.97835566182e-21, 1.08537203529e-20, 1.2803164529e-20, 7.71965143442e-20, 3.25468765218e-19, 5.04656532768e-19, 9.33574650891e-19, 7.28088149181e-19, 1.41538554081e-18, 1.04208347986e-18, 1.57504649508e-18, 1.33201504085e-18, 1.45622262048e-18, 4.54663091053e-18, 4.79089858619e-18, 4.70209164845e-18, 4.77525949594e-18, 6.46418363576e-18, 7.95611926219e-18, 1.4662515857e-17, 7.93347436575e-18, 1.86642320264e-17, 1.83363343229e-17, 9.53527653473e-18, 1.66791242877e-17, 2.48531593192e-17, 1.76791608329e-17, 1.3516707754e-17, 2.12914320981e-17, 1.79164607527e-17, 1.5128824038e-17, 1.3758629959e-17, 1.16789010301e-17, 8.03112055552e-18, 6.43528484029e-18, 3.14691227392e-18, 1.41285447154e-18, 3.06844819576e-19, 3.82229530497e-20],
        "var": [0.464119821787, 5.20612382889, 3.85116004944, 4.10837841034, 17.4992084503, 207.311004639, 951.104187012, 1590.30285645, 805.705688477, 1007.24346924, 2823.81445312, 20192.0234375, 45910.4492188, 52266.6953125, 29054.7304688, 11063.3583984, 10847.8759766, 14639.5751953, 15752.4589844, 3742.63256836, 1362.53527832, 2277.34790039, 1342.85534668, 616.031005859, 345.200378418, 132.277954102, 90.4147033691, 46.5339813232, 69.581993103, 78.1128540039, 94.5490112305, 67.9620437622, 35.8289489746, 19.7668075562, 9.03295898438, 1.2473474741, 0.0871321484447, 0.00199508341029, 3.74890623789e-06, 5.16682874263e-09]
    },
    "gfcc": {
        "mean": [13.1588582993, 75.7687911987, -126.740463257, 20.0923538208, -59.0796318054, 26.0927181244, -31.2708320618, 17.1862277985, -22.0041351318, 8.19571971893, -7.21671772003, 6.07851886749, -4.69146203995],
        "cov": [[4147.16064453, -1200.65014648, 866.387512207, 220.239562988, 333.758178711, 548.851196289, 27.1129550934, 349.17678833, -184.59828186, 501.302459717, -111.358093262, 423.133392334, -258.648681641], [-1200.65014648, 1413.70300293, -163.042938232, 182.853012085, 118.797340393, -177.92817688, 152.097000122, -115.177680969, 165.120193481, -179.822952271, 227.077163696, -160.606491089, 163.212966919], [866.387512207, -163.042938232, 1673.83618164, 546.400695801, 288.514801025, 190.260559082, -169.142471313, 79.1562423706, -84.2268218994, 299.144378662, -38.0591964722, 327.352508545, -121.961105347], [220.239562988, 182.853012085, 546.400695801, 525.922790527, 212.915924072, 80.3857040405, -2.84781050682, 15.2993459702, 71.6187210083, 87.0747680664, 30.7840118408, 107.245681763, 18.8967971802], [333.758178711, 118.797340393, 288.514801025, 212.915924072, 366.01361084, 129.04385376, 89.6049194336, 71.0622711182, 37.4681129456, 117.63949585, 25.3244533539, 108.560012817, -14.069811821], [548.851196289, -177.92817688, 190.260559082, 80.3857040405, 129.04385376, 353.101867676, 155.13168335, 89.0615310669, 1.45884907246, 112.165046692, 17.8571128845, 36.4064483643, -21.4774627686], [27.1129550934, 152.097000122, -169.142471313, -2.84781050682, 89.6049194336, 155.13168335, 305.67565918, 49.9702682495, 50.6273078918, 2.81236410141, 60.3609733582, -44.9739189148, 19.8483791351], [349.17678833, -115.177680969, 79.1562423706, 15.2993459702, 71.0622711182, 89.0615310669, 49.9702682495, 163.353210449, 33.6388587952, 70.7530212402, 3.50027799606, 56.6445732117, -13.0820493698], [-184.59828186, 165.120193481, -84.2268218994, 71.6187210083, 37.4681129456, 1.45884907246, 50.6273078918, 33.6388587952, 179.891418457, -8.381108284, 46.682800293, -10.8609628677, 44.2681808472], [501.302459717, -179.822952271, 299.144378662, 87.0747680664, 117.63949585, 112.165046692, 2.81236410141, 70.7530212402, -8.381108284, 199.178985596, 9.8149805069, 103.97492218, -40.6123542786], [-111.358093262, 227.077163696, -38.0591964722, 30.7840118408, 25.3244533539, 17.8571128845, 60.3609733582, 3.50027799606, 46.682800293, 9.8149805069, 162.746887207, -5.77520895004, 50.4353713989], [423.133392334, -160.606491089, 327.352508545, 107.245681763, 108.560012817, 36.4064483643, -44.9739189148, 56.6445732117, -10.8609628677, 103.97492218, -5.77520895004, 204.679168701, -30.6651172638], [-258.648681641, 163.212966919, -121.961105347, 18.8967971802, -14.069811821, -21.4774627686, 19.8483791351, -13.0820493698, 44.2681808472, -40.6123542786, 50.4353713989, -30.6651172638, 127.204177856]],
        "icov": [[0.000535234576091, 0.000178506787051, 0.000144921985338, -0.000254819693509, -6.44620467938e-06, -0.00042479779222, 7.96974709374e-05, -0.000536593666766, 0.00048025228898, -0.000493376632221, -4.2912135541e-05, -0.000473747903015, 0.000474174681585], [0.000178506787051, 0.00206947140396, -0.000489956815727, -0.000277143379208, -0.00129768659826, 0.00137509661727, -0.000973938964307, 0.000497484579682, -0.000544769514818, 0.00130989018362, -0.00209790794179, 0.00142538279761, -0.000645937980153], [0.000144921985338, -0.000489956815727, 0.00184523570351, -0.00146534317173, 0.000395410868805, -0.00103448214941, 0.00112637470011, -0.00037012816756, 0.00115796306636, -0.0013807665091, 0.000471758132335, -0.00159472948872, 0.00115013564937], [-0.000254819693509, -0.000277143379208, -0.00146534317173, 0.00434226403013, -0.00138317549136, -7.73988213041e-05, 3.01979325741e-05, 0.00126399088185, -0.00205548177473, 0.00065238121897, 0.000217148641241, 0.000140526026371, -0.00138193450402], [-6.44620467938e-06, -0.00129768659826, 0.000395410868805, -0.00138317549136, 0.00575114414096, -0.00113271037117, -0.000846099865157, -0.000813788792584, 0.000311431795126, -0.00225068884902, 0.00145046866965, -0.00240950356238, 0.00074680603575], [-0.00042479779222, 0.00137509661727, -0.00103448214941, -7.73988213041e-05, -0.00113271037117, 0.00671320687979, -0.00354423141107, -0.000347087479895, -0.000208742858376, -0.000477954890812, -0.0011518932879, 0.0024067403283, -0.00112598331179], [7.96974709374e-05, -0.000973938964307, 0.00112637470011, 3.01979325741e-05, -0.000846099865157, -0.00354423141107, 0.00669085700065, -0.00118873978499, -3.81894424208e-05, 0.000170089697349, -0.000554283673409, 0.000171463223523, 0.000957584532443], [-0.000536593666766, 0.000497484579682, -0.00037012816756, 0.00126399088185, -0.000813788792584, -0.000347087479895, -0.00118873978499, 0.00978904310614, -0.00294771627523, -0.000777217734139, 8.66550326464e-05, -0.000912384944968, -0.000705042737536], [0.00048025228898, -0.000544769514818, 0.00115796306636, -0.00205548177473, 0.000311431795126, -0.000208742858376, -3.81894424208e-05, -0.00294771627523, 0.00856432691216, -0.000912857125513, -0.000485948170535, -0.00067885813769, -0.000449795363238], [-0.000493376632221, 0.00130989018362, -0.0013807665091, 0.00065238121897, -0.00225068884902, -0.000477954890812, 0.000170089697349, -0.000777217734139, -0.000912857125513, 0.0115587422624, -0.00285757915117, -0.000482781382743, 0.000483876792714], [-4.2912135541e-05, -0.00209790794179, 0.000471758132335, 0.000217148641241, 0.00145046866965, -0.0011518932879, -0.000554283673409, 8.66550326464e-05, -0.000485948170535, -0.00285757915117, 0.0101123573259, -0.00173724116758, -0.0020855567418], [-0.000473747903015, 0.00142538279761, -0.00159472948872, 0.000140526026371, -0.00240950356238, 0.0024067403283, 0.000171463223523, -0.000912384944968, -0.00067885813769, -0.000482781382743, -0.00173724116758, 0.0106118284166, -0.000993671128526], [0.000474174681585, -0.000645937980153, 0.00115013564937, -0.00138193450402, 0.00074680603575, -0.00112598331179, 0.000957584532443, -0.000705042737536, -0.000449795363238, 0.000483876792714, -0.0020855567418, -0.000993671128526, 0.0115312887356]]
    },
    "melbands": {
        "dmean": [0.00202281912789, 0.000492988037877, 0.000138954186696, 0.000140410847962, 0.000243543719989, 0.000197934015887, 0.000107096668216, 0.000102615253127, 0.000127752617118, 0.000212830171222, 0.000249836419243, 0.00023445422994, 0.000134822810651, 8.89283837751e-05, 6.02579129918e-05, 8.20861314423e-05, 6.85156774125e-05, 4.93294173793e-05, 2.87824077532e-05, 1.81545728992e-05, 1.22193941934e-05, 1.18745010695e-05, 1.18777697935e-05, 8.5230840341e-06, 7.300150628e-06, 6.24684798822e-06, 4.04570391765e-06, 3.27023280988e-06, 2.92902768706e-06, 2.03246872843e-06, 1.67916130067e-06, 1.61526929787e-06, 1.57361705533e-06, 1.62496007761e-06, 1.69706640918e-06, 1.31141007387e-06, 1.29803288473e-06, 1.12142902253e-06, 9.47283524511e-07, 8.93789945167e-07],
        "dmean2": [0.00339926709421, 0.000757717585657, 0.000230816775002, 0.000220279369387, 0.000372003589291, 0.000300883199088, 0.000167278631125, 0.000159977382282, 0.000204247306101, 0.000354198826244, 0.00040732670459, 0.000377380871214, 0.000212571394513, 0.00014530250337, 9.62445919868e-05, 0.000132400717121, 0.000111269509944, 7.76538436185e-05, 4.58501272078e-05, 2.8300242775e-05, 1.9525321477e-05, 1.87221994565e-05, 1.81112282007e-05, 1.33480516524e-05, 1.16924020404e-05, 9.98115501716e-06, 6.48804643788e-06, 5.27759402758e-06, 4.88429986945e-06, 3.37193932864e-06, 2.76622495221e-06, 2.64157938545e-06, 2.52754330177e-06, 2.55499548985e-06, 2.65219455287e-06, 1.99782834898e-06, 1.98320890377e-06, 1.7010756892e-06, 1.42609587783e-06, 1.30373848606e-06],
        "dvar": [1.19492679005e-05, 8.41701535137e-07, 1.1323033533e-07, 1.1768047159e-07, 2.57373926615e-07, 1.98083597525e-07, 6.66732873356e-08, 5.61280941724e-08, 9.28588121951e-08, 5.35759227205e-07, 4.29584787298e-07, 4.04828824685e-07, 1.27200749489e-07, 7.4443917697e-08, 1.6806776415e-08, 3.49792621535e-08, 2.71338649327e-08, 1.76153491793e-08, 7.20568005264e-09, 2.47796783093e-09, 1.09587583452e-09, 1.99056926498e-09, 7.32813587589e-10, 2.85073131767e-10, 1.92938720556e-10, 1.16447879117e-10, 4.14328606146e-11, 2.6171497261e-11, 2.54864740423e-11, 1.38144409106e-11, 9.99855059858e-12, 1.35893466618e-11, 1.0295219538e-11, 1.15916547194e-11, 1.45601673079e-11, 1.08283338893e-11, 1.13714714728e-11, 7.77848792322e-12, 6.34855622933e-12, 5.6063782089e-12],
        "dvar2": [3.33359748765e-05, 1.9817005068e-06, 3.00084167293e-07, 2.51647492178e-07, 5.49488675006e-07, 4.2680903789e-07, 1.56955138664e-07, 1.324286103e-07, 2.34261193555e-07, 1.60510603564e-06, 1.17650210996e-06, 1.10940925424e-06, 3.20476118532e-07, 2.04987486541e-07, 4.2664336064e-08, 8.73558718695e-08, 6.67982007485e-08, 3.67866164197e-08, 1.79189356686e-08, 5.14093967396e-09, 2.58060484093e-09, 5.08587394421e-09, 1.41472966675e-09, 6.50691556192e-10, 4.41560871201e-10, 2.7915197931e-10, 1.01772174022e-10, 6.26611471044e-11, 6.72594757667e-11, 3.53134119169e-11, 2.51582851774e-11, 3.1772310477e-11, 2.43718031867e-11, 2.58617346288e-11, 3.23710537542e-11, 2.29743411795e-11, 2.40075494207e-11, 1.5606644449e-11, 1.22543086789e-11, 1.08902470375e-11],
        "max": [0.0455297715962, 0.0143293887377, 0.00405078008771, 0.0127048473805, 0.00912915170193, 0.0127044953406, 0.00666581653059, 0.00512841064483, 0.0086624789983, 0.0249176435173, 0.0145133929327, 0.0192352831364, 0.0126617727801, 0.0074140788056, 0.00346589344554, 0.00412799417973, 0.00371987163089, 0.00884605105966, 0.00228316709399, 0.00129029224627, 0.00129204255063, 0.00289321294986, 0.000793797604274, 0.000333970616339, 0.000354176358087, 0.000342740619089, 0.000157199203386, 0.000106127299659, 8.73391254572e-05, 8.02899230621e-05, 4.56816196674e-05, 0.000181911847903, 0.000103883321572, 7.13106710464e-05, 8.69811847224e-05, 7.5431264122e-05, 8.4727871581e-05, 8.28153497423e-05, 5.44548638572e-05, 5.98174156039e-05],
        "mean": [0.00346865435131, 0.00114359869622, 0.000199539819732, 0.000265351845883, 0.00052951136604, 0.0003887884086, 0.000201064307475, 0.000185000433703, 0.000217811219045, 0.000350232206983, 0.00045307065011, 0.00041832801071, 0.000244047536398, 0.000150116204168, 0.000108765227196, 0.000140033123898, 0.000115300550533, 8.40073334984e-05, 4.77241737826e-05, 2.99197399727e-05, 2.05112828553e-05, 2.12127615669e-05, 2.20128240471e-05, 1.65167239174e-05, 1.36393691719e-05, 1.19399528558e-05, 8.04375395091e-06, 6.47869774184e-06, 5.18190609e-06, 3.4998904539e-06, 2.88705155072e-06, 2.77442950392e-06, 2.75971547126e-06, 2.98561508316e-06, 3.05373191622e-06, 2.43010981649e-06, 2.32905244957e-06, 1.94350309357e-06, 1.62765627465e-06, 1.52400559728e-06],
        "median": [0.00173066079151, 0.000621438899543, 9.35661228141e-05, 0.000100011384347, 0.00015848869225, 0.000108343039756, 6.79336299072e-05, 6.13401207374e-05, 6.17023324594e-05, 6.12000221736e-05, 9.29363595787e-05, 7.91599304648e-05, 4.94909763802e-05, 3.87019754271e-05, 3.51034177584e-05, 3.8788159145e-05, 3.08481103275e-05, 2.3899385269e-05, 1.39678886626e-05, 1.15252423711e-05, 9.34754461923e-06, 8.41953169584e-06, 8.72555210663e-06, 7.14537554813e-06, 6.54745872453e-06, 6.08145546721e-06, 4.55745157524e-06, 3.80601386496e-06, 2.86861450149e-06, 1.87363116311e-06, 1.44528246437e-06, 1.29794307213e-06, 1.15042246307e-06, 1.0591153341e-06, 1.03767865767e-06, 8.52901507642e-07, 8.81116022811e-07, 7.33704382583e-07, 5.01831721067e-07, 3.317193773e-07],
        "min": [2.5810989238e-23, 7.86361872759e-24, 2.34374499524e-24, 1.57554660538e-23, 1.64860979802e-23, 1.98899255011e-23, 1.05441862273e-23, 1.51463486836e-23, 7.84477284057e-24, 1.14143510818e-23, 6.56575439518e-24, 4.51765454848e-24, 1.65091200968e-23, 8.91938283149e-24, 1.43262962182e-23, 9.27335181941e-24, 8.88880500508e-24, 7.86688066744e-24, 1.33334264165e-23, 9.36261300856e-24, 1.96573156637e-23, 7.879819564e-24, 8.61380336035e-24, 2.23724423709e-23, 1.42704353997e-23, 7.13852381592e-24, 7.46799709502e-24, 1.1553241877e-23, 1.71526176031e-23, 1.00363357204e-23, 1.07409305037e-23, 7.33814585685e-24, 7.77243981759e-24, 1.28817404394e-23, 9.81659299318e-24, 1.0283400645e-23, 8.64271905683e-24, 9.95934526259e-24, 8.71923146489e-24, 9.92778688207e-24],
        "var": [2.34451435972e-05, 2.13703287955e-06, 1.19819162592e-07, 3.96060869434e-07, 9.30651879116e-07, 6.50812864933e-07, 1.93442460272e-07, 1.35260478373e-07, 2.04356013001e-07, 9.95606683318e-07, 1.17159686397e-06, 9.08489312224e-07, 3.45148549741e-07, 1.37023050684e-07, 3.87764380605e-08, 7.40403223176e-08, 6.58249703633e-08, 4.85414872742e-08, 1.48375143283e-08, 5.08046760217e-09, 1.80416037665e-09, 3.44936501584e-09, 2.08849537664e-09, 7.95485399774e-10, 4.84060624917e-10, 2.80118650497e-10, 1.01380313866e-10, 6.51738940594e-11, 4.81946670072e-11, 2.29229690785e-11, 1.67991159178e-11, 2.47571425166e-11, 2.17750123488e-11, 2.85000512773e-11, 3.60880492156e-11, 2.66459319886e-11, 2.69626630051e-11, 1.88332474615e-11, 1.55577998401e-11, 1.44876862243e-11]
    },
    "mfcc": {
        "mean": [-628.323425293, 110.345870972, -8.34979248047, 4.29758930206, -0.117966987193, 5.54166173935, 6.73277044296, 7.92502784729, -1.31044912338, 7.75500583649, 0.787042975426, 2.01126599312, -0.233098313212],
        "cov": [[3251.40551758, -816.633666992, 132.703369141, -22.7031803131, 144.770278931, 298.765686035, 260.038421631, 147.283615112, 102.335021973, 86.0228500366, 207.87059021, 26.9774055481, 166.683013916], [-816.633666992, 938.95324707, -59.92578125, 166.395401001, 39.0021095276, -52.4851417542, 43.3125038147, 16.7554454803, -61.795135498, 50.617565155, -39.4584579468, 49.2987174988, -19.5542354584], [132.703369141, -59.92578125, 1125.10571289, 391.50982666, 378.014526367, 206.046829224, 40.9064254761, -15.8612594604, -24.7794780731, -41.8909721375, 21.9925365448, 92.1854324341, 102.673973083], [-22.7031803131, 166.395401001, 391.50982666, 509.910400391, 271.830108643, 116.281723022, -13.6721763611, 21.1516513824, 24.4874343872, -43.1689910889, 13.130399704, 89.1443786621, 50.3397636414], [144.770278931, 39.0021095276, 378.014526367, 271.830108643, 374.549468994, 120.416534424, 23.296661377, 12.2582550049, 24.4407615662, -11.5930118561, 30.9942836761, 63.0641975403, 74.3219146729], [298.765686035, -52.4851417542, 206.046829224, 116.281723022, 120.416534424, 284.085845947, 138.472579956, 57.6136817932, 64.1465759277, 37.3817214966, 65.708656311, 27.7826442719, 65.0436401367], [260.038421631, 43.3125038147, 40.9064254761, -13.6721763611, 23.296661377, 138.472579956, 275.003417969, 52.3917160034, 21.8279590607, 90.8995666504, 29.7494678497, 12.3344802856, 52.9422683716], [147.283615112, 16.7554454803, -15.8612594604, 21.1516513824, 12.2582550049, 57.6136817932, 52.3917160034, 158.717025757, 56.6219863892, 18.5909786224, 54.1868133545, 28.4355659485, 24.038646698], [102.335021973, -61.795135498, -24.7794780731, 24.4874343872, 24.4407615662, 64.1465759277, 21.8279590607, 56.6219863892, 162.68963623, 15.9543170929, 46.493812561, 6.13584947586, 17.3237323761], [86.0228500366, 50.617565155, -41.8909721375, -43.1689910889, -11.5930118561, 37.3817214966, 90.8995666504, 18.5909786224, 15.9543170929, 162.083297729, 12.2827358246, 6.87784814835, 26.7099304199], [207.87059021, -39.4584579468, 21.9925365448, 13.130399704, 30.9942836761, 65.708656311, 29.7494678497, 54.1868133545, 46.493812561, 12.2827358246, 137.132644653, 31.5834732056, 28.6315746307], [26.9774055481, 49.2987174988, 92.1854324341, 89.1443786621, 63.0641975403, 27.7826442719, 12.3344802856, 28.4355659485, 6.13584947586, 6.87784814835, 31.5834732056, 108.120155334, 43.6345977783], [166.683013916, -19.5542354584, 102.673973083, 50.3397636414, 74.3219146729, 65.0436401367, 52.9422683716, 24.038646698, 17.3237323761, 26.7099304199, 28.6315746307, 43.6345977783, 118.998146057]],
