{
"lowlevel": {
    "average_loudness": 0.388389796019,
    "barkbands_crest": {
        "dmean": 2.44400572777,
        "dmean2": 3.9881708622,
        "dvar": 4.39130163193,
        "dvar2": 11.3771467209,
        "max": 25.5463504791,
        "mean": 11.4285793304,
        "median": 10.7959957123,
        "min": 3.11925816536,
        "var": 15.6545038223
    },
    "barkbands_flatness_db": {
        "dmean": 0.0228619985282,
        "dmean2": 0.0350319817662,
        "dvar": 0.000427504070103,
        "dvar2": 0.000971388246398,
        "max": 0.525435388088,
        "mean": 0.249442383647,
        "median": 0.235896617174,
        "min": 0.0679690986872,
        "var": 0.00485500460491
    },
    "barkbands_kurtosis": {
        "dmean": 2.717263937,
        "dmean2": 4.34308290482,
        "dvar": 16.5334758759,
        "dvar2": 39.913684845,
        "max": 107.308570862,
        "mean": 5.46700525284,
        "median": 3.00837612152,
        "min": -1.85017216206,
        "var": 62.2275238037
    },
    "barkbands_skewness": {
        "dmean": 0.452237725258,
        "dmean2": 0.713802397251,
        "dvar": 0.181175619364,
        "dvar2": 0.454539507627,
        "max": 8.87062072754,
        "mean": 1.35488760471,
        "median": 1.21263432503,
        "min": -2.54590177536,
        "var": 1.26857566833
    },
    "barkbands_spread": {
        "dmean": 2.09484148026,
        "dmean2": 3.2683494091,
        "dvar": 8.20050621033,
        "dvar2": 15.4560337067,
        "max": 79.6804733276,
        "mean": 8.96851730347,
        "median": 7.61803627014,
        "min": 0.478403329849,
        "var": 46.5313110352
    },
    "dissonance": {
        "dmean": 0.031182738021,
        "dmean2": 0.0531072802842,
        "dvar": 0.000802390743047,
        "dvar2": 0.00220958748832,
        "max": 0.499999970198,
        "mean": 0.429632127285,
        "median": 0.436106920242,
        "min": 0.211865141988,
        "var": 0.0019617464859
    },
    "dynamic_complexity": 3.92569637299,
    "erbbands_crest": {
        "dmean": 2.86516547203,
        "dmean2": 4.52549171448,
        "dvar": 6.6224193573,
        "dvar2": 15.6293983459,
        "max": 32.9763526917,
        "mean": 13.738861084,
        "median": 12.4818544388,
        "min": 2.93303990364,
        "var": 37.5495452881
    },
    "erbbands_flatness_db": {
        "dmean": 0.0198709387332,
        "dmean2": 0.0289830304682,
        "dvar": 0.000354135001544,
        "dvar2": 0.000685631064698,
        "max": 0.482488185167,
        "mean": 0.276853710413,
        "median": 0.278681516647,
        "min": 0.0657700821757,
        "var": 0.00404643965885
    },
    "erbbands_kurtosis": {
        "dmean": 1.5577327013,
        "dmean2": 2.45166349411,
        "dvar": 4.31554555893,
        "dvar2": 10.128578186,
        "max": 45.1358146667,
        "mean": 2.45199584961,
        "median": 1.40938687325,
        "min": -1.8057641983,
        "var": 13.357670784
    },
    "erbbands_skewness": {
        "dmean": 0.367205798626,
        "dmean2": 0.566471576691,
        "dvar": 0.103950515389,
        "dvar2": 0.250808954239,
        "max": 5.38048791885,
        "mean": 1.02695572376,
        "median": 0.924852490425,
        "min": -1.98552811146,
        "var": 0.654983520508
    },
    "erbbands_spread": {
        "dmean": 3.78096485138,
        "dmean2": 5.74410009384,
        "dvar": 25.8865375519,
        "dvar2": 45.6389541626,
        "max": 129.293304443,
        "mean": 18.3324165344,
        "median": 15.5196332932,
        "min": 1.37139201164,
        "var": 170.938079834
    },
    "hfc": {
        "dmean": 2.64607357979,
        "dmean2": 3.916223526,
        "dvar": 21.3800773621,
        "dvar2": 49.1000175476,
        "max": 112.066848755,
        "mean": 11.0713205338,
        "median": 6.01672744751,
        "min": 1.18159825593e-16,
        "var": 169.260803223
    },
    "melbands_crest": {
        "dmean": 3.28466773033,
        "dmean2": 5.4304060936,
        "dvar": 9.26520633698,
        "dvar2": 25.9326229095,
        "max": 36.1248703003,
        "mean": 14.9732532501,
        "median": 13.8917198181,
        "min": 1.84258878231,
        "var": 30.5079021454
    },
    "melbands_flatness_db": {
        "dmean": 0.0253842659295,
        "dmean2": 0.0382057987154,
        "dvar": 0.000556019891519,
        "dvar2": 0.00121098582167,
        "max": 0.707477211952,
        "mean": 0.317705690861,
        "median": 0.297521591187,
        "min": 0.00525456247851,
        "var": 0.00965093169361
    },
    "melbands_kurtosis": {
        "dmean": 3.83932065964,
        "dmean2": 6.16124200821,
        "dvar": 32.8455429077,
        "dvar2": 81.835067749,
        "max": 117.008750916,
        "mean": 8.5621547699,
        "median": 5.213555336,
        "min": -1.54281723499,
        "var": 121.284065247
    },
    "melbands_skewness": {
        "dmean": 0.504863202572,
        "dmean2": 0.798033952713,
        "dvar": 0.230875730515,
        "dvar2": 0.586368083954,
        "max": 8.44420719147,
        "mean": 1.709831357,
        "median": 1.57147479057,
        "min": -2.36035609245,
        "var": 1.66643619537
    },
    "melbands_spread": {
        "dmean": 2.5879919529,
        "dmean2": 4.0211224556,
        "dvar": 10.4590597153,
        "dvar2": 21.487411499,
        "max": 131.360580444,
        "mean": 11.3346300125,
        "median": 10.105966568,
        "min": 0.673489272594,
        "var": 56.3649864197
    },
    "pitch_salience": {
        "dmean": 0.0664388239384,
        "dmean2": 0.109239377081,
        "dvar": 0.00332815828733,
        "dvar2": 0.00902390200645,
        "max": 0.884479999542,
        "mean": 0.546387016773,
        "median": 0.549909830093,
        "min": 0.148216694593,
        "var": 0.0131308715791
    },
    "silence_rate_20dB": {
        "dmean": 0,
        "dmean2": 0,
        "dvar": 0,
        "dvar2": 0,
        "max": 1,
        "mean": 1,
        "median": 1,
        "min": 1,
        "var": 0
    },
    "silence_rate_30dB": {
        "dmean": 0.00520525267348,
        "dmean2": 0.0104117365554,
        "dvar": 0.00517812743783,
        "dvar2": 0.011249625124,
        "max": 1,
        "mean": 0.994085669518,
        "median": 1,
        "min": 0,
        "var": 0.00587921636179
    },
    "silence_rate_60dB": {
        "dmean": 0.0289837922901,
        "dmean2": 0.0579744428396,
        "dvar": 0.028142914176,
        "dvar2": 0.0678614005446,
        "max": 1,
        "mean": 0.0955760553479,
        "median": 0,
        "min": 0,
        "var": 0.0864524692297
    },
    "spectral_centroid": {
        "dmean": 88.5556259155,
        "dmean2": 136.315826416,
        "dvar": 24661.6816406,
        "dvar2": 40321.5390625,
        "max": 11285.4824219,
        "mean": 728.836425781,
        "median": 671.811950684,
        "min": 232.041915894,
        "var": 132743.0625
    },
    "spectral_complexity": {
        "dmean": 1.73453211784,
        "dmean2": 2.91102695465,
        "dvar": 2.44455480576,
        "dvar2": 6.43572711945,
        "max": 34,
        "mean": 11.6213626862,
        "median": 11,
        "min": 0,
        "var": 25.992723465
    },
    "spectral_decrease": {
        "dmean": 1.51057799602e-09,
        "dmean2": 2.42885289659e-09,
        "dvar": 5.87686513492e-18,
        "dvar2": 1.53775026543e-17,
        "max": -1.53389697363e-29,
        "mean": -5.51590728648e-09,
        "median": -3.57323814981e-09,
        "min": -6.59134897774e-08,
        "var": 3.19871338444e-17
    },
    "spectral_energy": {
        "dmean": 0.00590305402875,
        "dmean2": 0.00946560315788,
        "dvar": 8.84841865627e-05,
        "dvar2": 0.000230296442169,
        "max": 0.251684606075,
        "mean": 0.0218224879354,
        "median": 0.0141262561083,
        "min": 1.07753377197e-20,
        "var": 0.000498445820995
    },
    "spectral_energyband_high": {
        "dmean": 2.80598815152e-05,
        "dmean2": 4.04371567129e-05,
        "dvar": 5.65197399993e-09,
        "dvar2": 9.53323198161e-09,
        "max": 0.00237981230021,
        "mean": 7.02821707819e-05,
        "median": 1.9457682356e-05,
        "min": 7.76299715255e-21,
        "var": 2.69235922445e-08
    },
    "spectral_energyband_low": {
        "dmean": 0.00275959796272,
        "dmean2": 0.00475888559595,
        "dvar": 4.45408259111e-05,
        "dvar2": 0.000125381731777,
        "max": 0.227115854621,
        "mean": 0.00492768641561,
        "median": 0.00112647260539,
        "min": 5.97097401968e-23,
        "var": 8.77223865245e-05
    },
    "spectral_energyband_middle_high": {
        "dmean": 0.00138980033807,
        "dmean2": 0.00208248128183,
        "dvar": 1.38099976539e-05,
        "dvar2": 3.04014502035e-05,
        "max": 0.122471250594,
        "mean": 0.00403924891725,
        "median": 0.00150754221249,
        "min": 1.62068299864e-21,
        "var": 7.17979273759e-05
    },
    "spectral_energyband_middle_low": {
        "dmean": 0.00372218107805,
        "dmean2": 0.00574087910354,
        "dvar": 3.1984247471e-05,
        "dvar2": 7.76240049163e-05,
        "max": 0.140261903405,
        "mean": 0.0130275562406,
        "median": 0.00815699249506,
        "min": 3.03293465826e-22,
        "var": 0.000206348282518
    },
    "spectral_entropy": {
        "dmean": 0.151910081506,
        "dmean2": 0.229048803449,
        "dvar": 0.0220134332776,
        "dvar2": 0.0444653406739,
        "max": 9.80134677887,
        "mean": 6.68783473969,
        "median": 6.75602912903,
        "min": 4.62402820587,
        "var": 0.325254440308
    },
    "spectral_flux": {
        "dmean": 0.0166956353933,
        "dmean2": 0.0272003058344,
        "dvar": 0.00038008444244,
        "dvar2": 0.000983307720162,
        "max": 0.324786514044,
        "mean": 0.0634999126196,
        "median": 0.051959246397,
        "min": 1.03804326246e-10,
        "var": 0.00176019349601
    },
    "spectral_kurtosis": {
        "dmean": 8.73865890503,
        "dmean2": 14.996931076,
        "dvar": 165.061752319,
        "dvar2": 467.225402832,
        "max": 219.194274902,
        "mean": 19.8694839478,
        "median": 11.1853294373,
        "min": -1.21578240395,
        "var": 640.940124512
    },
    "spectral_rms": {
        "dmean": 0.000562437227927,
        "dmean2": 0.00088987511117,
        "dvar": 3.98379398803e-07,
        "dvar2": 1.0089091802e-06,
        "max": 0.0156699065119,
        "mean": 0.00409693317488,
        "median": 0.00371237308718,
        "min": 3.24230226001e-12,
        "var": 4.50543848274e-06
    },
    "spectral_rolloff": {
        "dmean": 144.866256714,
        "dmean2": 246.757217407,
        "dvar": 159412.71875,
        "dvar2": 291346.34375,
        "max": 18884.6191406,
        "mean": 788.952453613,
        "median": 732.12890625,
        "min": 43.06640625,
        "var": 460672.03125
    },
    "spectral_skewness": {
        "dmean": 0.611656486988,
        "dmean2": 1.04548895359,
        "dvar": 0.511317372322,
        "dvar2": 1.48223102093,
        "max": 11.6554479599,
        "mean": 2.80492758751,
        "median": 2.37510442734,
        "min": -0.0332327261567,
        "var": 2.19499540329
    },
    "spectral_spread": {
        "dmean": 367892.4375,
        "dmean2": 551073.9375,
        "dvar": 379587756032,
        "dvar2": 490194042880,
        "max": 40262904,
        "mean": 2486088.75,
        "median": 2256582.5,
        "min": 381618.3125,
        "var": 2.27183689728e+12
    },
    "spectral_strongpeak": {
        "dmean": 0.50262337923,
        "dmean2": 0.818909108639,
        "dvar": 0.52229231596,
        "dvar2": 1.22643554211,
        "max": 12.5720596313,
        "mean": 1.31341409683,
        "median": 0.819981098175,
        "min": 0,
        "var": 2.21379423141
    },
    "zerocrossingrate": {
        "dmean": 0.00382000789978,
        "dmean2": 0.00465011037886,
        "dvar": 4.31842709077e-05,
        "dvar2": 4.13112466049e-05,
        "max": 0.50732421875,
        "mean": 0.032958522439,
        "median": 0.0302734375,
        "min": 0.0029296875,
        "var": 0.000432730390457
    },
    "barkbands": {
        "dmean": [0.00114884774666, 0.00191546336282, 0.000566514907405, 0.000292282813461, 0.00119620654732, 0.00134912657086, 0.000612940872088, 0.000746302423067, 0.00114837929141, 0.00133859750349, 0.000282340304693, 0.000273330311757, 0.000122059493151, 0.000164586293977, 0.00015469090431, 5.87457398069e-05, 3.38754762197e-05, 4.40848089056e-05, 2.32398415392e-05, 1.9294942831e-05, 7.79458150646e-06, 4.01117176807e-06, 4.03107605962e-06, 4.66372875962e-06, 3.76300340577e-06, 1.11123756596e-06, 4.01577828768e-08],
        "dmean2": [0.00196168292314, 0.00330745964311, 0.000951667665504, 0.000498219567817, 0.00191978842486, 0.00198258436285, 0.00092860579025, 0.00113826431334, 0.00181949941907, 0.00199470948428, 0.000437603099272, 0.000426326703746, 0.000199532936676, 0.000250734825386, 0.000235714542214, 9.32396214921e-05, 5.53481804673e-05, 6.97381838108e-05, 3.66575477528e-05, 2.95478312182e-05, 1.24630469145e-05, 5.99359782427e-06, 5.87180056755e-06, 6.68049278829e-06, 5.31870000486e-06, 1.54529402607e-06, 6.67948825139e-08],
        "dvar": [1.16941855595e-05, 2.26647534873e-05, 3.13204259328e-06, 4.77316916658e-07, 3.32716513185e-06, 8.5337951532e-06, 4.10003440265e-06, 6.90098113409e-06, 1.20692802739e-05, 1.61291063705e-05, 1.54830513566e-06, 6.81968856497e-07, 1.52088603045e-07, 4.52891868008e-07, 2.5546430038e-07, 3.77188698053e-08, 8.73488215092e-09, 1.38513032155e-08, 1.77947576674e-08, 2.60099097815e-09, 6.60231369576e-10, 3.58806928613e-10, 4.66110650077e-10, 4.68612315618e-10, 3.10974190842e-10, 4.41683981056e-11, 2.33218500935e-13],
        "dvar2": [3.03707074636e-05, 6.25800166745e-05, 8.88505473995e-06, 1.36018729791e-06, 8.41439032229e-06, 1.80763800017e-05, 9.23211064219e-06, 1.43823235703e-05, 3.12235388265e-05, 3.49069414369e-05, 3.1188506e-06, 1.46563820635e-06, 3.66270796803e-07, 9.77151898951e-07, 5.02876275732e-07, 8.23401506977e-08, 2.30559180636e-08, 3.21990434315e-08, 4.15345446925e-08, 5.29948129824e-09, 1.48413781265e-09, 6.34011398937e-10, 8.94573304322e-10, 8.80183981256e-10, 5.25192278555e-10, 8.03126662396e-11, 6.006047981e-13],
        "max": [0.122596204281, 0.145646572113, 0.0608685612679, 0.0290288589895, 0.0444503463805, 0.078150741756, 0.0459572784603, 0.128643095493, 0.084954187274, 0.11976096034, 0.0497420951724, 0.0341128446162, 0.0146514512599, 0.0254580229521, 0.0198117122054, 0.00929915066808, 0.0036715620663, 0.00424135196954, 0.010252719745, 0.00194929086138, 0.00122818513773, 0.00121759343892, 0.00114954006858, 0.000876967969816, 0.00102197926026, 0.000338980462402, 2.199429764e-05],
        "mean": [0.00127262424212, 0.00286913639866, 0.00088781391969, 0.000555801787414, 0.0029303713236, 0.0034936608281, 0.0010921524372, 0.001761896885, 0.00223093479872, 0.0026463449467, 0.00042404490523, 0.0005227533984, 0.000208187120734, 0.00026486578281, 0.000267589406576, 0.000107070998638, 6.40917205601e-05, 8.67722192197e-05, 4.58123831777e-05, 4.38050919911e-05, 1.37416436701e-05, 7.48233924242e-06, 7.43888131183e-06, 9.31415706873e-06, 6.85662053002e-06, 1.89102900094e-06, 3.67526808986e-08],
        "median": [6.5975356847e-05, 0.0002941301791, 0.00024098958238, 0.000235059997067, 0.001893871231, 0.00100296968594, 0.000251313380431, 0.000277931132587, 0.000317505298881, 0.000360409583664, 6.23786690994e-05, 0.000156211841386, 6.43156236038e-05, 6.73193135299e-05, 6.67765707476e-05, 3.09045790345e-05, 2.49978802458e-05, 2.56061903201e-05, 1.27621369757e-05, 1.10704022518e-05, 3.94063772546e-06, 1.10909911655e-06, 8.35758726225e-07, 7.94578795649e-07, 2.62139167262e-07, 1.30869626247e-09, 4.36119251823e-10],
        "min": [1.52793017228e-23, 1.41195594407e-23, 3.62722630287e-23, 8.01937852447e-24, 2.89660826046e-23, 2.81941790534e-23, 3.89531973488e-23, 9.15424234242e-23, 7.90260028923e-23, 1.07094519559e-22, 1.10939869373e-22, 1.15929130609e-22, 6.57290581372e-23, 2.24783529427e-22, 1.20217012458e-22, 2.04153100194e-22, 1.55409675162e-22, 1.47553466205e-22, 2.65233716562e-22, 2.80222073761e-22, 4.64056654013e-22, 6.86251533225e-22, 5.53284824599e-22, 8.02720168962e-22, 1.25005458737e-21, 1.62488120278e-21, 2.46085868727e-21],
        "var": [1.38917848744e-05, 3.85588755307e-05, 4.32096294389e-06, 8.59460442371e-07, 1.24665730254e-05, 4.56487687188e-05, 8.97895370144e-06, 4.66194032924e-05, 3.45674088749e-05, 5.7663757616e-05, 2.54509154729e-06, 2.55362988355e-06, 2.81448791384e-07, 7.19623471923e-07, 6.81180551965e-07, 7.67125243328e-08, 1.73289755878e-08, 4.05413018711e-08, 2.96593203331e-08, 1.04067519047e-08, 1.36750111235e-09, 1.17717480208e-09, 1.34733824098e-09, 1.46108158905e-09, 1.06054942606e-09, 1.66885991137e-10, 2.17321413686e-13]
    },
    "erbbands": {
        "dmean": [0.101017199457, 0.316908270121, 0.602843284607, 0.791342556477, 2.19226145744, 3.85574555397, 11.930727005, 8.55114459991, 9.22269916534, 8.2825460434, 18.6117038727, 21.2572460175, 39.3769340515, 31.1868495941, 9.15704536438, 10.6911640167, 5.39265680313, 7.8197479248, 8.54131698608, 4.62802171707, 2.88110995293, 1.59441816807, 2.15819001198, 1.68738269806, 0.967135608196, 0.971002697945, 0.488788485527, 0.177350699902, 0.147663578391, 0.110206022859, 0.122766643763, 0.10757856071, 0.075523249805, 0.0521614477038, 0.0227793883532, 0.00757829658687, 0.00153507548384, 0.000214171552216, 8.46112379804e-06, 6.67828180667e-06],
        "dmean2": [0.17596668005, 0.539679467678, 1.01515734196, 1.33896756172, 3.68375587463, 6.23047685623, 17.9019947052, 12.8603229523, 14.0439395905, 11.9043912888, 28.397808075, 33.0646018982, 57.9659042358, 47.3654632568, 13.7001180649, 16.4268550873, 8.65348815918, 12.0141372681, 12.7384128571, 7.09640169144, 4.51602363586, 2.54684042931, 3.3726143837, 2.64377403259, 1.53818893433, 1.48326528072, 0.756309747696, 0.280613213778, 0.220311865211, 0.163687750697, 0.179650381207, 0.152803614736, 0.110433958471, 0.0757100060582, 0.0310967080295, 0.0105553455651, 0.00217803218402, 0.000302603410091, 1.27410912683e-05, 1.06574871097e-05],
        "dvar": [0.0611561648548, 0.713846087456, 3.35419917107, 5.19395303726, 10.9761867523, 34.0562934875, 831.223327637, 399.670166016, 649.463806152, 1177.81018066, 4309.37158203, 4170.70214844, 12204.8564453, 16167.6582031, 573.839294434, 1289.65612793, 288.44039917, 956.84387207, 799.194458008, 316.39465332, 65.1640930176, 24.8624744415, 41.322013855, 27.853635788, 72.8040008545, 7.02012348175, 2.45839881897, 0.361077129841, 0.56710922718, 0.209116697311, 0.523326337337, 0.304580062628, 0.125739678741, 0.0544411018491, 0.0161623638123, 0.00191866932437, 0.000101159326732, 2.49205209002e-06, 4.87543561078e-09, 1.10232642458e-10],
        "dvar2": [0.175357416272, 1.87467086315, 9.40972232819, 14.5371751785, 32.7214927673, 88.3719787598, 1917.10864258, 858.383117676, 1468.15783691, 2216.11669922, 8821.20214844, 11341.0351562, 26703.5800781, 33436.0859375, 1213.15100098, 2602.56811523, 671.639526367, 2188.45556641, 1503.32067871, 567.192260742, 148.666763306, 61.645072937, 88.3350753784, 67.3444366455, 185.456451416, 14.6694087982, 5.26773166656, 0.837469220161, 1.02841567993, 0.409829825163, 1.05139839649, 0.561683118343, 0.260498374701, 0.101966291666, 0.0273778960109, 0.00367539725266, 0.000199144560611, 4.95492167829e-06, 1.11618696508e-08, 2.84431672659e-10],
        "max": [6.38892126083, 32.8760108948, 67.1303405762, 96.3432159424, 73.1252212524, 101.167938232, 854.587524414, 639.782104492, 689.182067871, 1322.45983887, 3071.39575195, 1790.47180176, 2782.92016602, 4571.32763672, 955.238769531, 1747.54602051, 741.183044434, 1349.32971191, 1232.99304199, 1106.89074707, 280.456604004, 217.301589966, 240.847595215, 208.918579102, 654.447265625, 101.820587158, 83.1098251343, 26.8639526367, 51.9466629028, 24.1163368225, 38.1506195068, 27.0436058044, 19.0770626068, 13.4147882462, 6.35320186615, 1.99430716038, 0.485342234373, 0.0764815360308, 0.00494073051959, 0.00027351611061],
        "mean": [0.124670244753, 0.494029551744, 0.985481500626, 1.64364528656, 4.1522269249, 9.29625034332, 30.7994861603, 20.9367370605, 19.5953388214, 17.7114467621, 42.6848869324, 42.7250442505, 84.307182312, 67.3744354248, 18.8384418488, 20.310333252, 10.2446908951, 13.8604536057, 16.3847923279, 8.27888011932, 5.9015994072, 3.5013282299, 4.52413511276, 3.47105956078, 2.06498217583, 2.23432660103, 1.02826178074, 0.334837973118, 0.271507591009, 0.209047302604, 0.226848959923, 0.206086814404, 0.145618200302, 0.0932139456272, 0.0397078245878, 0.0128723215312, 0.00247682724148, 0.000317177327815, 1.87836230907e-05, 2.51501969615e-05],
        "median": [0.00961040519178, 0.0587050281465, 0.261054068804, 0.727836251259, 2.60000801086, 5.72478866577, 9.58132648468, 5.8956155777, 4.91173267365, 4.23842430115, 8.54849243164, 9.04151821136, 11.2586956024, 10.3900632858, 5.74002170563, 7.16484498978, 3.52079486847, 4.21066570282, 4.11709165573, 2.54979610443, 1.98821854591, 1.47277033329, 1.50831079483, 1.02430987358, 0.627678871155, 0.575327515602, 0.304998338223, 0.0922639966011, 0.0430976040661, 0.0257911197841, 0.0238683726639, 0.0185364559293, 0.00942169409245, 0.00457272259519, 0.000700696371496, 6.37671400909e-05, 1.46320253407e-05, 2.38200300373e-06, 8.10381607153e-06, 1.63649747265e-05],
        "min": [2.19052839915e-22, 4.50311632478e-21, 3.1238233495e-20, 4.43343120493e-20, 1.14692184996e-19, 5.29418113319e-20, 2.35873627747e-19, 1.29871711794e-19, 5.5822459414e-19, 1.19408556884e-18, 1.56851941967e-18, 1.57904560315e-18, 2.62275893901e-18, 5.11165813463e-18, 4.7818785952e-18, 4.47152167014e-18, 3.54857339499e-18, 6.51514540612e-18, 9.13474327442e-18, 9.30163109891e-18, 1.01398115592e-17, 8.16666650659e-18, 1.09455839104e-17, 1.35771713481e-17, 8.91015629349e-18, 1.49550201565e-17, 1.73980087601e-17, 1.90264312556e-17, 2.24211424392e-17, 2.32124962051e-17, 1.49708590108e-17, 1.78669209058e-17, 1.3278257226e-17, 1.39636392292e-17, 8.31210140189e-18, 5.89301294125e-18, 3.16567790009e-18, 1.34568647522e-18, 3.19358743924e-19, 3.45030862922e-20],
        "var": [0.0814887434244, 1.2565267086, 4.90891218185, 8.52292346954, 24.915430069, 120.833786011, 4508.53808594, 2073.2878418, 2082.40869141, 5061.05175781, 25488.5859375, 10647.4072266, 45381.09375, 69478.75, 1806.43151855, 4136.41210938, 549.318786621, 1576.70568848, 2720.7175293, 676.119689941, 165.556793213, 53.5972480774, 125.590148926, 67.5406112671, 70.1225585938, 27.6806411743, 6.54775381088, 0.785571217537, 1.60869276524, 0.800879180431, 1.40140032768, 0.993811070919, 0.317355364561, 0.156631752849, 0.053726926446, 0.00685079488903, 0.000312397809466, 6.5049944169e-06, 6.88106149838e-09, 6.43797848365e-10]
    },
    "gfcc": {
        "mean": [-112.90499115, 172.93711853, -145.715042114, 1.89317107201, -53.4135093689, -8.64740657806, -28.8852844238, -1.61107885838, -18.7118282318, -14.0848865509, 0.839495718479, -16.4073371887, 8.24049091339],
        "cov": [[6493.43310547, -2028.38708496, -142.910247803, 1202.36572266, -684.9140625, 1269.91796875, -17.8675060272, 783.428161621, 187.052856445, 294.573516846, 154.876434326, -118.062385559, 145.418212891], [-2028.38708496, 2967.16674805, 784.701171875, -207.914611816, 1311.3145752, -868.839111328, 345.014312744, -482.299407959, 13.7652244568, -231.755264282, 204.854949951, -26.2040557861, 199.01600647], [-142.910247803, 784.701171875, 1703.33288574, 133.932937622, 469.781677246, -5.5623664856, -312.664337158, -23.3015193939, -311.665161133, 25.4693260193, -50.8405990601, 80.8684005737, 24.8822593689], [1202.36572266, -207.914611816, 133.932937622, 663.682983398, -99.867225647, 235.044570923, 79.1904220581, 12.2326803207, 158.680221558, 25.2247505188, 44.8460769653, 13.7859382629, 11.9559707642], [-684.9140625, 1311.3145752, 469.781677246, -99.867225647, 865.351379395, -323.343170166, 171.302642822, -93.3818817139, -22.5733280182, -10.7192296982, 44.0619735718, 47.3595542908, 87.7071990967], [1269.91796875, -868.839111328, -5.5623664856, 235.044570923, -323.343170166, 599.029907227, -25.4355049133, 271.030212402, 59.4846496582, 69.5712432861, -12.0266084671, -23.75822258, -34.2983703613], [-17.8675060272, 345.014312744, -312.664337158, 79.1904220581, 171.302642822, -25.4355049133, 488.806152344, -57.1339111328, 208.899932861, -0.48700299859, 11.9654798508, 42.2181358337, 0.336392074823], [783.428161621, -482.299407959, -23.3015193939, 12.2326803207, -93.3818817139, 271.030212402, -57.1339111328, 383.623291016, -24.5943317413, 83.283531189, 47.6838378906, -64.816116333, 57.1776733398], [187.052856445, 13.7652244568, -311.665161133, 158.680221558, -22.5733280182, 59.4846496582, 208.899932861, -24.5943317413, 359.7918396, -14.8857593536, 60.6316947937, 51.2554779053, -41.2515296936], [294.573516846, -231.755264282, 25.4693260193, 25.2247505188, -10.7192296982, 69.5712432861, -0.48700299859, 83.283531189, -14.8857593536, 207.562301636, -33.0566253662, 42.0849533081, -27.4337768555], [154.876434326, 204.854949951, -50.8405990601, 44.8460769653, 44.0619735718, -12.0266084671, 11.9654798508, 47.6838378906, 60.6316947937, -33.0566253662, 216.791213989, -53.674949646, 83.9812088013], [-118.062385559, -26.2040557861, 80.8684005737, 13.7859382629, 47.3595542908, -23.75822258, 42.2181358337, -64.816116333, 51.2554779053, 42.0849533081, -53.674949646, 202.297622681, -47.1871948242], [145.418212891, 199.01600647, 24.8822593689, 11.9559707642, 87.7071990967, -34.2983703613, 0.336392074823, 57.1776733398, -41.2515296936, -27.4337768555, 83.9812088013, -47.1871948242, 169.774780273]],
        "icov": [[0.000442171556642, 9.99740950647e-05, 9.58130767685e-05, -0.000653083377983, -9.85812657746e-05, -0.000445844925707, 2.81881311821e-05, -0.000324137450662, 0.000133694673423, -0.000236072926782, -0.000123802878079, 4.45242294518e-05, -0.000326059875078], [9.99740950647e-05, 0.00536810420454, -0.00235050963238, 0.0010803284822, -0.00449345912784, 0.00289420713671, -0.00275446171872, 0.00361205684021, -0.00185522797983, 0.00173846737016, -0.00300446548499, 0.00356315588579, -0.00210819602944], [9.58130767685e-05, -0.00235050963238, 0.00242118746974, -0.00130684662145, 0.00081397104077, -0.00198355782777, 0.00219444837421, -0.00148586009163, 0.00193299981765, -0.000639870937448, 0.00126412860118, -0.00222436198965, 0.00120802794117], [-0.000653083377983, 0.0010803284822, -0.00130684662145, 0.00369108770974, -0.000407489395002, 0.000342767772963, -0.00104860891588, 0.00226885103621, -0.00193109351676, 0.000177693393198, -0.000717552262358, 0.00113316404168, -0.00102829432581], [-9.85812657746e-05, -0.00449345912784, 0.00081397104077, -0.000407489395002, 0.00646264618263, -0.000955518393312, 0.000779224094003, -0.00350454915315, 0.00104090955574, -0.00170617830008, 0.00231893127784, -0.0029255351983, 0.000925275904592], [-0.000445844925707, 0.00289420713671, -0.00198355782777, 0.000342767772963, -0.000955518393312, 0.00640938011929, -0.00223351782188, -0.00066004274413, -0.0016492480645, 0.00146441161633, -0.0010196575895, 0.00199677585624, 0.000166223573615], [2.81881311821e-05, -0.00275446171872, 0.00219444837421, -0.00104860891588, 0.000779224094003, -0.00223351782188, 0.00529502797872, -0.00129016186111, -0.000345800275682, -0.00111398717854, 0.00220774416812, -0.00206481292844, 0.000597187958192], [-0.000324137450662, 0.00361205684021, -0.00148586009163, 0.00226885103621, -0.00350454915315, -0.00066004274413, -0.00129016186111, 0.00852732919157, -0.00148334016558, -0.000659358454868, -0.00268520507962, 0.00350353354588, -0.00325566297397], [0.000133694673423, -0.00185522797983, 0.00193299981765, -0.00193109351676, 0.00104090955574, -0.0016492480645, -0.000345800275682, -0.00148334016558, 0.00672395713627, 0.000234206148889, -0.00118730927352, -0.00302041484974, 0.00296170637012], [-0.000236072926782, 0.00173846737016, -0.000639870937448, 0.000177693393198, -0.00170617830008, 0.00146441161633, -0.00111398717854, -0.000659358454868, 0.000234206148889, 0.00699647795409, -0.000518712738995, -0.000507103919517, 0.000950225163251], [-0.000123802878079, -0.00300446548499, 0.00126412860118, -0.000717552262358, 0.00231893127784, -0.0010196575895, 0.00220774416812, -0.00268520507962, -0.00118730927352, -0.000518712738995, 0.00875837076455, -0.000608623435255, -0.00188467465341], [4.45242294518e-05, 0.00356315588579, -0.00222436198965, 0.00113316404168, -0.0029255351983, 0.00199677585624, -0.00206481292844, 0.00350353354588, -0.00302041484974, -0.000507103919517, -0.000608623435255, 0.00914419535547, -0.00120312266517], [-0.000326059875078, -0.00210819602944, 0.00120802794117, -0.00102829432581, 0.000925275904592, 0.000166223573615, 0.000597187958192, -0.00325566297397, 0.00296170637012, 0.000950225163251, -0.00188467465341, -0.00120312266517, 0.010658015497]]
    },
    "melbands": {
        "dmean": [0.00072309630923, 0.000317391124554, 0.000149971063365, 0.000220722344238, 0.000346356682712, 0.000205192933208, 0.000138753312058, 0.00010184529674, 0.000144950332469, 0.000153145709191, 0.000200663023861, 0.000133537367219, 3.38318423019e-05, 3.43306346622e-05, 1.68984443008e-05, 1.25642154671e-05, 1.53317214426e-05, 1.4549325897e-05, 9.05758042791e-06, 4.71864086649e-06, 3.59572504749e-06, 1.7933032268e-06, 2.05049036595e-06, 2.35491711464e-06, 1.4626458551e-06, 8.32681621432e-07, 6.55884434764e-07, 7.23344726339e-07, 4.18234066046e-07, 1.47675450535e-07, 1.07430722096e-07, 9.33811392656e-08, 7.85086200494e-08, 6.05032539625e-08, 7.59870459888e-08, 7.66235146443e-08, 6.59495995592e-08, 5.41306413027e-08, 5.48031238168e-08, 4.48410375498e-08],
        "dmean2": [0.00125184177887, 0.000535312632564, 0.000255165505223, 0.000362694205251, 0.000524286180735, 0.000306860922137, 0.00021210363775, 0.000148585953866, 0.000221196591156, 0.000239206245169, 0.000294167111861, 0.000205271295272, 5.10911413585e-05, 5.29429853486e-05, 2.64764930762e-05, 2.04161533475e-05, 2.36549367401e-05, 2.17545148189e-05, 1.39174644573e-05, 7.23986340745e-06, 5.66153676118e-06, 2.90886123366e-06, 3.27767065755e-06, 3.73860780201e-06, 2.28747626352e-06, 1.33678827297e-06, 1.04888192709e-06, 1.11804843073e-06, 6.51863047096e-07, 2.38891999516e-07, 1.71707057461e-07, 1.42372897471e-07, 1.20347365851e-07, 9.26538277213e-08, 1.15540913725e-07, 1.12347862569e-07, 9.57750430075e-08, 7.94010475147e-08, 8.37397635678e-08, 6.53062812717e-08],
        "dvar": [3.09710117108e-06, 8.09423283954e-07, 1.30888096805e-07, 1.02435500082e-07, 6.291088539e-07, 2.05755185334e-07, 1.4611664767e-07, 1.45142550423e-07, 2.35321493847e-07, 2.25344834348e-07, 3.01992855611e-07, 2.96912219255e-07, 1.0926902938e-08, 1.06522017873e-08, 2.99085289868e-09, 1.67765001891e-09, 3.76985775929e-09, 2.76401612709e-09, 9.85195480752e-10, 3.00037800161e-10, 1.09315147212e-10, 3.44443328026e-11, 3.21707625817e-11, 5.26250015787e-11, 2.48933269831e-11, 2.90762153937e-11, 1.76492102183e-11, 4.40445423189e-12, 1.85896588921e-12, 2.24567340092e-13, 1.7888225894e-13, 2.74546038031e-13, 1.28407389431e-13, 6.41985718601e-14, 2.14466018187e-13, 1.81037693517e-13, 1.11769365193e-13, 5.43543888284e-14, 8.2142897085e-14, 4.32433426632e-14],
        "dvar2": [8.79539766174e-06, 2.17451724893e-06, 3.68472257151e-07, 2.91388403184e-07, 1.48336891925e-06, 4.41610978896e-07, 3.31667422415e-07, 2.68286953542e-07, 4.78594074593e-07, 6.06055607477e-07, 6.63552953029e-07, 6.34296043245e-07, 2.29343282143e-08, 2.21383604782e-08, 6.30113783373e-09, 4.1699972364e-09, 8.68801119935e-09, 5.23405763175e-09, 2.11091411018e-09, 5.48743994688e-10, 2.55127169391e-10, 8.44173966841e-11, 7.07265773725e-11, 1.21844270784e-10, 6.12820835744e-11, 5.77575140492e-11, 4.83243133009e-11, 9.03209278202e-12, 4.19394423704e-12, 5.20415958591e-13, 4.18176371352e-13, 5.25553721636e-13, 2.6958768334e-13, 1.38551537322e-13, 4.76718165811e-13, 3.11478111099e-13, 2.32576029833e-13, 1.12467327118e-13, 1.88504349933e-13, 8.24556555304e-14],
        "max": [0.0471686981618, 0.0385793522, 0.01534343604, 0.00476369261742, 0.0223025940359, 0.0135342553258, 0.00923446565866, 0.0144446454942, 0.0204605422914, 0.0127576226369, 0.013405771926, 0.0199623759836, 0.00301510165446, 0.00443040486425, 0.0019887201488, 0.00106757762842, 0.00256094080396, 0.00231874524616, 0.00107607769314, 0.000892379728612, 0.000354968942702, 0.00019727765175, 0.000262308836682, 0.000319337123074, 0.0002045276633, 0.000408385618357, 0.000278681109194, 9.70804758254e-05, 5.93450895394e-05, 2.12986124097e-05, 2.3095166398e-05, 3.78686272597e-05, 1.61133139045e-05, 1.43697443491e-05, 2.17784145207e-05, 2.59940698015e-05, 1.38686600621e-05, 9.0451703727e-06, 1.82957337529e-05, 1.06489651444e-05],
        "mean": [0.00101922883186, 0.000564300629776, 0.000321457424434, 0.000480904709548, 0.000900864310097, 0.000513947976287, 0.000286869995762, 0.000230263205594, 0.000319184589898, 0.000308391085127, 0.000422223150963, 0.000283227680484, 5.86929054407e-05, 6.62944003125e-05, 2.89624349534e-05, 2.20854235522e-05, 2.48826981988e-05, 2.62072735495e-05, 1.52326956595e-05, 7.9506990005e-06, 6.65249217491e-06, 3.40499468621e-06, 3.6963938328e-06, 4.47422326033e-06, 2.62976664089e-06, 1.60632816915e-06, 1.32649734041e-06, 1.51799315518e-06, 7.76623892307e-07, 2.51476137691e-07, 1.73444107077e-07, 1.56601416279e-07, 1.34848107791e-07, 1.06526833576e-07, 1.27454882204e-07, 1.40097441204e-07, 1.17141972567e-07, 9.81394023825e-08, 9.68469038298e-08, 7.39419903084e-08],
        "median": [9.52360787778e-05, 0.000131600230816, 0.000168854690855, 0.000288927578367, 0.000317706959322, 0.000142400269397, 7.02300239936e-05, 4.48652244813e-05, 6.40399230178e-05, 4.65615230496e-05, 5.40431428817e-05, 3.72322174371e-05, 1.34153524414e-05, 1.86420184036e-05, 1.01448131318e-05, 6.66428513796e-06, 6.73430531606e-06, 5.69329586142e-06, 4.03154081141e-06, 2.32248930843e-06, 2.10164489545e-06, 1.26936879496e-06, 1.22055428164e-06, 1.21049970403e-06, 6.68368500101e-07, 4.25241012181e-07, 3.5781886254e-07, 3.55928932549e-07, 2.01546043854e-07, 6.29621652593e-08, 3.06118081994e-08, 2.24681038219e-08, 1.39664795284e-08, 1.01613419901e-08, 1.17589875614e-08, 1.11112301582e-08, 9.24958953874e-09, 5.55970647298e-09, 4.55711379743e-09, 1.98438732113e-09],
        "min": [3.82820944441e-24, 1.33889874678e-23, 9.85672234743e-24, 6.53136794832e-24, 6.00424320284e-24, 3.79514788944e-24, 7.98062888794e-24, 1.57544515787e-23, 1.24973316757e-23, 1.03712687058e-23, 1.20617660712e-23, 1.97389406793e-23, 1.39075656942e-23, 1.22060889627e-23, 1.4752337905e-23, 3.57819339113e-24, 1.45478998682e-23, 1.84261940915e-23, 8.71079144207e-24, 1.58501183184e-23, 1.02651353596e-23, 6.06136462099e-24, 1.42386427275e-23, 7.17168200635e-24, 1.18564169001e-23, 6.75787949649e-24, 6.73319446105e-24, 1.00720513978e-23, 1.09953846884e-23, 1.08147300191e-23, 1.03472013484e-23, 1.09066796462e-23, 1.53470916958e-23, 1.21267973977e-23, 7.73392605047e-24, 1.04322279322e-23, 1.10842262036e-23, 8.57479261087e-24, 1.13860136203e-23, 1.18108325727e-23],
        "var": [4.8806086852e-06, 1.44470027408e-06, 2.35197617826e-07, 3.30078449906e-07, 3.35686036124e-06, 1.10194298486e-06, 4.35812097521e-07, 7.99031397491e-07, 1.29880413624e-06, 6.34096636531e-07, 1.12255554541e-06, 1.30248940877e-06, 2.45526425857e-08, 4.34828635321e-08, 6.10474604201e-09, 3.15969006515e-09, 5.71330582844e-09, 8.22730061856e-09, 1.83112824903e-09, 6.9320033047e-10, 2.43449760351e-10, 6.62816260211e-11, 7.59471791012e-11, 1.42401493375e-10, 5.28200226613e-11, 4.48793918695e-11, 1.88676244767e-11, 1.44030455965e-11, 4.18577759259e-12, 4.55946424279e-13, 3.47891691583e-13, 6.37323798337e-13, 3.87643584766e-13, 2.10493176166e-13, 4.75718477198e-13, 6.03413369618e-13, 2.97350279165e-13, 1.43997227336e-13, 1.54575028992e-13, 1.19796249201e-13]
    },
    "mfcc": {
        "mean": [-739.8515625, 188.421905518, -18.905412674, 4.5467004776, -2.30876135826, -13.1391639709, 1.59314727783, -3.60576057434, -5.6772351265, 1.90549790859, -9.02505397797, -3.11115717888, -6.11564302444],
        "cov": [[4979.32080078, -1128.61291504, -574.517089844, 302.958557129, -23.1146564484, 91.2033691406, 427.709197998, 250.29864502, 287.594055176, 648.839172363, 125.217781067, 133.615859985, 165.428756714], [-1128.61291504, 1809.390625, 365.477813721, 398.142944336, 520.393798828, 29.6051425934, 177.110290527, -79.5710220337, -70.1575546265, -140.006484985, -100.145240784, -39.9964179993, -41.8925819397], [-574.517089844, 365.477813721, 1287.70922852, 173.147598267, 470.535888672, 122.186698914, 38.9314231873, -45.4318771362, -118.03830719, -150.745895386, -112.643661499, -10.5500383377, -71.5815429688], [302.958557129, 398.142944336, 173.147598267, 492.767730713, 195.476165771, 121.505218506, 53.6193199158, 5.45809364319, 13.5169057846, -1.24863958359, -10.5340719223, 34.8756332397, 18.5825939178], [-23.1146564484, 520.393798828, 470.535888672, 195.476165771, 571.411010742, -33.8915901184, 143.670883179, -39.0194244385, -42.269241333, 18.0043106079, -120.71962738, 10.7104434967, 13.2245321274], [91.2033691406, 29.6051425934, 122.186698914, 121.505218506, -33.8915901184, 342.526977539, -46.747341156, 102.18421936, 72.2477493286, -43.2200813293, 132.500762939, 5.21684789658, -25.7123146057], [427.709197998, 177.110290527, 38.9314231873, 53.6193199158, 143.670883179, -46.747341156, 318.925415039, 15.3199119568, 44.653301239, 120.426445007, -48.1093559265, 8.91021728516, 9.51563167572], [250.29864502, -79.5710220337, -45.4318771362, 5.45809364319, -39.0194244385, 102.18421936, 15.3199119568, 229.632324219, 84.9329605103, 70.1902923584, 58.3700828552, 18.4729213715, 20.9521808624], [287.594055176, -70.1575546265, -118.03830719, 13.5169057846, -42.269241333, 72.2477493286, 44.653301239, 84.9329605103, 177.171188354, 58.9824943542, 88.5152130127, 12.6183614731, 8.88861846924], [648.839172363, -140.006484985, -150.745895386, -1.24863958359, 18.0043106079, -43.2200813293, 120.426445007, 70.1902923584, 58.9824943542, 255.031173706, 13.1918544769, 35.5519638062, 40.6046333313], [125.217781067, -100.145240784, -112.643661499, -10.5340719223, -120.71962738, 132.500762939, -48.1093559265, 58.3700828552, 88.5152130127, 13.1918544769, 223.486068726, 37.1237792969, 12.8867874146], [133.615859985, -39.9964179993, -10.5500383377, 34.8756332397, 10.7104434967, 5.21684789658, 8.91021728516, 18.4729213715, 12.6183614731, 35.5519638062, 37.1237792969, 135.862838745, 43.3244400024], [165.428756714, -41.8925819397, -71.5815429688, 18.5825939178, 13.2245321274, -25.7123146057, 9.51563167572, 20.9521808624, 8.88861846924, 40.6046333313, 12.8867874146, 43.3244400024, 137.827713013]],
