{
"lowlevel": {
    "average_loudness": 0.686392247677,
    "barkbands_crest": {
        "dmean": 2.83463835716,
        "dmean2": 4.56725549698,
        "dvar": 6.24362611771,
        "dvar2": 15.1892557144,
        "max": 24.8781414032,
        "mean": 11.1416625977,
        "median": 10.6129169464,
        "min": 2.63583898544,
        "var": 18.1950492859
    },
    "barkbands_flatness_db": {
        "dmean": 0.0245192628354,
        "dmean2": 0.0391409061849,
        "dvar": 0.000493774539791,
        "dvar2": 0.00126531987917,
        "max": 0.456892937422,
        "mean": 0.144202843308,
        "median": 0.135670170188,
        "min": 0.0219639968127,
        "var": 0.00322930072434
    },
    "barkbands_kurtosis": {
        "dmean": 2.4290356636,
        "dmean2": 4.14433860779,
        "dvar": 15.2256336212,
        "dvar2": 45.1190414429,
        "max": 63.1678771973,
        "mean": 2.85978126526,
        "median": 1.17668533325,
        "min": -1.82389581203,
        "var": 25.7345027924
    },
    "barkbands_skewness": {
        "dmean": 0.554693222046,
        "dmean2": 0.911227822304,
        "dvar": 0.310654759407,
        "dvar2": 0.876670837402,
        "max": 7.58082389832,
        "mean": 1.33012735844,
        "median": 1.18696367741,
        "min": -1.86418044567,
        "var": 1.22345817089
    },
    "barkbands_spread": {
        "dmean": 5.46407556534,
        "dmean2": 8.87875747681,
        "dvar": 37.029258728,
        "dvar2": 92.6301879883,
        "max": 104.705482483,
        "mean": 22.6647987366,
        "median": 21.3236103058,
        "min": 1.43387210369,
        "var": 155.949310303
    },
    "dissonance": {
        "dmean": 0.0201199408621,
        "dmean2": 0.0344262830913,
        "dvar": 0.000369961373508,
        "dvar2": 0.00103602872696,
        "max": 0.500000059605,
        "mean": 0.465941816568,
        "median": 0.472297906876,
        "min": 0.274282157421,
        "var": 0.000708244740963
    },
    "dynamic_complexity": 3.36611127853,
    "erbbands_crest": {
        "dmean": 3.03683233261,
        "dmean2": 4.99566268921,
        "dvar": 8.01027965546,
        "dvar2": 20.3188934326,
        "max": 30.4415607452,
        "mean": 10.3772153854,
        "median": 9.20418643951,
        "min": 2.31499004364,
        "var": 26.1387557983
    },
    "erbbands_flatness_db": {
        "dmean": 0.0173745043576,
        "dmean2": 0.0258196219802,
        "dvar": 0.000272315082839,
        "dvar2": 0.000550159020349,
        "max": 0.429243475199,
        "mean": 0.172130614519,
        "median": 0.162506043911,
        "min": 0.0517406649888,
        "var": 0.00415109097958
    },
    "erbbands_kurtosis": {
        "dmean": 1.09150195122,
        "dmean2": 1.78656983376,
        "dvar": 2.41402983665,
        "dvar2": 6.51942443848,
        "max": 29.4591941833,
        "mean": 1.28184700012,
        "median": 0.518888711929,
        "min": -1.67235159874,
        "var": 6.05104351044
    },
    "erbbands_skewness": {
        "dmean": 0.348194360733,
        "dmean2": 0.546458780766,
        "dvar": 0.0948574021459,
        "dvar2": 0.23934058845,
        "max": 3.85011839867,
        "mean": 0.426169127226,
        "median": 0.373055756092,
        "min": -3.49298596382,
        "var": 0.502308726311
    },
    "erbbands_spread": {
        "dmean": 5.84701013565,
        "dmean2": 8.93991279602,
        "dvar": 39.6648216248,
        "dvar2": 83.450668335,
        "max": 111.424194336,
        "mean": 29.2232990265,
        "median": 25.7077713013,
        "min": 2.83081173897,
        "var": 277.330505371
    },
    "hfc": {
        "dmean": 5.60345983505,
        "dmean2": 8.64175415039,
        "dvar": 67.3435897827,
        "dvar2": 158.489730835,
        "max": 157.048294067,
        "mean": 23.0097579956,
        "median": 16.9393882751,
        "min": 1.17822957942e-16,
        "var": 420.610198975
    },
    "melbands_crest": {
        "dmean": 4.27851867676,
        "dmean2": 7.19597768784,
        "dvar": 16.5324935913,
        "dvar2": 47.9159164429,
        "max": 36.9876747131,
        "mean": 16.9902057648,
        "median": 15.9818925858,
        "min": 2.19436478615,
        "var": 47.6189575195
    },
    "melbands_flatness_db": {
        "dmean": 0.0287346821278,
        "dmean2": 0.0463242530823,
        "dvar": 0.000721391174011,
        "dvar2": 0.00189977209084,
        "max": 0.550945341587,
        "mean": 0.201811641455,
        "median": 0.196859657764,
        "min": 0.00311859324574,
        "var": 0.0038558698725
    },
    "melbands_kurtosis": {
        "dmean": 6.25989723206,
        "dmean2": 10.643907547,
        "dvar": 144.93157959,
        "dvar2": 410.233184814,
        "max": 256.505187988,
        "mean": 9.87707328796,
        "median": 4.67170524597,
        "min": -1.70211589336,
        "var": 255.614364624
    },
    "melbands_skewness": {
        "dmean": 0.776000261307,
        "dmean2": 1.27169132233,
        "dvar": 0.742912709713,
        "dvar2": 2.0468609333,
        "max": 14.5534572601,
        "mean": 2.26975893974,
        "median": 1.968277812,
        "min": -1.27832877636,
        "var": 2.79587221146
    },
    "melbands_spread": {
        "dmean": 6.83237981796,
        "dmean2": 11.1426811218,
        "dvar": 57.7004165649,
        "dvar2": 149.900039673,
        "max": 146.808700562,
        "mean": 24.4342403412,
        "median": 21.5480461121,
        "min": 1.52971756458,
        "var": 219.16557312
    },
    "pitch_salience": {
        "dmean": 0.0779738202691,
        "dmean2": 0.129207149148,
        "dvar": 0.00502352043986,
        "dvar2": 0.0130717260763,
        "max": 0.892449915409,
        "mean": 0.496612876654,
        "median": 0.498960018158,
        "min": 0.0572628341615,
        "var": 0.0180617794394
    },
    "silence_rate_20dB": {
        "dmean": 0,
        "dmean2": 0,
        "dvar": 0,
        "dvar2": 0,
        "max": 1,
        "mean": 1,
        "median": 1,
        "min": 1,
        "var": 0
    },
    "silence_rate_30dB": {
        "dmean": 0.0154402898625,
        "dmean2": 0.0308843050152,
        "dvar": 0.0152008058503,
        "dvar2": 0.0369282700121,
        "max": 1,
        "mean": 0.983837902546,
        "median": 1,
        "min": 0,
        "var": 0.0158997513354
    },
    "silence_rate_60dB": {
        "dmean": 0.0147165255621,
        "dmean2": 0.0293159615248,
        "dvar": 0.0144973630086,
        "dvar2": 0.0332778319716,
        "max": 1,
        "mean": 0.072970688343,
        "median": 0,
        "min": 0,
        "var": 0.0676329880953
    },
    "spectral_centroid": {
        "dmean": 201.686050415,
        "dmean2": 310.72869873,
        "dvar": 46950.7226562,
        "dvar2": 95478.75,
        "max": 11527.625,
        "mean": 1446.63879395,
        "median": 1418.3572998,
        "min": 308.994720459,
        "var": 251701.640625
    },
    "spectral_complexity": {
        "dmean": 3.14306402206,
        "dmean2": 5.0807094574,
        "dvar": 10.3746948242,
        "dvar2": 23.3889369965,
        "max": 49,
        "mean": 19.0383548737,
        "median": 19,
        "min": 0,
        "var": 70.3419265747
    },
    "spectral_decrease": {
        "dmean": 3.0771949433e-09,
        "dmean2": 5.30400967591e-09,
        "dvar": 2.05747843221e-17,
        "dvar2": 6.39491081633e-17,
        "max": -3.73015766725e-29,
        "mean": -8.36654834302e-09,
        "median": -6.61025678639e-09,
        "min": -5.29184447373e-08,
        "var": 5.22669389427e-17
    },
    "spectral_energy": {
        "dmean": 0.0119397593662,
        "dmean2": 0.0205155201256,
        "dvar": 0.000300716201309,
        "dvar2": 0.000930030306336,
        "max": 0.206749275327,
        "mean": 0.0336643047631,
        "median": 0.0267850533128,
        "min": 1.08276617402e-20,
        "var": 0.000818219035864
    },
    "spectral_energyband_high": {
        "dmean": 0.000198654917767,
        "dmean2": 0.000299398467178,
        "dvar": 1.23389369833e-07,
        "dvar2": 2.67692684019e-07,
        "max": 0.00793088413775,
        "mean": 0.00065753760282,
        "median": 0.000394036993384,
        "min": 8.07472549783e-21,
        "var": 5.50292554635e-07
    },
    "spectral_energyband_low": {
        "dmean": 0.00942263938487,
        "dmean2": 0.016909154132,
        "dvar": 0.000289160874672,
        "dvar2": 0.00091039633844,
        "max": 0.165627911687,
        "mean": 0.0162265133113,
        "median": 0.00916494987905,
        "min": 3.36803690168e-23,
        "var": 0.000438201794168
    },
    "spectral_energyband_middle_high": {
        "dmean": 0.00322115281597,
        "dmean2": 0.0051124272868,
        "dvar": 3.63403451047e-05,
        "dvar2": 9.08925576368e-05,
        "max": 0.120851412416,
        "mean": 0.0097009241581,
        "median": 0.0048890938051,
        "min": 1.61982027511e-21,
        "var": 0.000153089669766
    },
    "spectral_energyband_middle_low": {
        "dmean": 0.00298422994092,
        "dmean2": 0.00475936057046,
        "dvar": 2.37539843511e-05,
        "dvar2": 5.99566919846e-05,
        "max": 0.13313293457,
        "mean": 0.00707279890776,
        "median": 0.00490741338581,
        "min": 2.71785477748e-22,
        "var": 5.70642914681e-05
    },
    "spectral_entropy": {
        "dmean": 0.12745295465,
        "dmean2": 0.18809454143,
        "dvar": 0.0159961152822,
        "dvar2": 0.0325494222343,
        "max": 9.8150138855,
        "mean": 7.64025831223,
        "median": 7.67698860168,
        "min": 6.01258945465,
        "var": 0.16873344779
    },
    "spectral_flux": {
        "dmean": 0.0255477875471,
        "dmean2": 0.0410628132522,
        "dvar": 0.000732946966309,
        "dvar2": 0.00195731665008,
        "max": 0.34213835001,
        "mean": 0.0947580561042,
        "median": 0.0848531499505,
        "min": 1.040560485e-10,
        "var": 0.0029622965958
    },
    "spectral_kurtosis": {
        "dmean": 1.63246893883,
        "dmean2": 2.75667381287,
        "dvar": 7.09771347046,
        "dvar2": 21.1644668579,
        "max": 71.0794067383,
        "mean": 5.090528965,
        "median": 4.3033657074,
        "min": -1.42026293278,
        "var": 15.6001300812
    },
    "spectral_rms": {
        "dmean": 0.000892844516784,
        "dmean2": 0.00149639323354,
        "dvar": 1.01542991615e-06,
        "dvar2": 3.11389430863e-06,
        "max": 0.0142023451626,
        "mean": 0.00521304132417,
        "median": 0.00511192344129,
        "min": 3.25016489416e-12,
        "var": 5.66741164221e-06
    },
    "spectral_rolloff": {
        "dmean": 398.428314209,
        "dmean2": 674.840576172,
        "dvar": 521909.03125,
        "dvar2": 1091800.875,
        "max": 18281.6894531,
        "mean": 1321.96813965,
        "median": 1119.7265625,
        "min": 43.06640625,
        "var": 1383817.375
    },
    "spectral_skewness": {
        "dmean": 0.194724291563,
        "dmean2": 0.318932950497,
        "dvar": 0.0499935112894,
        "dvar2": 0.14103102684,
        "max": 5.49335861206,
        "mean": 1.67973542213,
        "median": 1.64490115643,
        "min": -0.0341298207641,
        "var": 0.194753482938
    },
    "spectral_spread": {
        "dmean": 447900.125,
        "dmean2": 624815.5,
        "dvar": 530340741120,
        "dvar2": 719083798528,
        "max": 40445396,
        "mean": 4471239.5,
        "median": 4219110.5,
        "min": 916109.0625,
        "var": 2.97383467418e+12
    },
    "spectral_strongpeak": {
        "dmean": 0.633819103241,
        "dmean2": 1.10450947285,
        "dvar": 1.59088146687,
        "dvar2": 4.20399093628,
        "max": 14.388261795,
        "mean": 0.979800462723,
        "median": 0.343331456184,
        "min": 0,
        "var": 2.54132866859
    },
    "zerocrossingrate": {
        "dmean": 0.00850057043135,
        "dmean2": 0.0102357035503,
        "dvar": 0.000138012124808,
        "dvar2": 0.000154448774992,
        "max": 0.57763671875,
        "mean": 0.0570460446179,
        "median": 0.05224609375,
        "min": 0.00390625,
        "var": 0.000903442210983
    },
    "barkbands": {
        "dmean": [0.00227670813911, 0.00733168562874, 0.00125371583272, 0.000528565316927, 0.000727733015083, 0.000557604944333, 0.000501255621202, 0.000558027415536, 0.00128587847576, 0.00119815801736, 0.00148668733891, 0.000721271848306, 0.000571042590309, 0.000676874944475, 0.00044092576718, 0.000339267950039, 0.000200409340323, 0.000169043181813, 0.000123672391055, 9.51839901973e-05, 4.86515345983e-05, 3.78814438591e-05, 4.1326671635e-05, 4.02448458772e-05, 4.15742506448e-05, 1.84309956239e-05, 1.64031564509e-06],
        "dmean2": [0.00391450850293, 0.0128137934953, 0.00210566539317, 0.0009165040683, 0.00121191877406, 0.00088642159244, 0.000809523451608, 0.000883462605998, 0.0020775643643, 0.00193875923287, 0.00239870441146, 0.00115141656715, 0.000930471636821, 0.00111685821321, 0.000709499232471, 0.000537595362402, 0.000322984502418, 0.000269643729553, 0.000196685869014, 0.000149716535816, 7.92087448644e-05, 6.11961295363e-05, 6.55898984405e-05, 6.12008952885e-05, 6.29371425021e-05, 2.68211679213e-05, 2.67173641078e-06],
        "dvar": [2.49336935667e-05, 0.000182471500011, 1.16435285236e-05, 1.65926360296e-06, 1.99743408302e-06, 1.16469789191e-06, 1.94843528334e-06, 2.37095946432e-06, 1.43568331623e-05, 9.68852418737e-06, 1.91211820493e-05, 5.40929340787e-06, 2.51460323852e-06, 3.12228871735e-06, 8.99981671409e-07, 8.64814239776e-07, 3.76878119823e-07, 1.25086984326e-07, 5.67533682272e-08, 2.32201617933e-08, 8.19313683564e-09, 4.70251260154e-09, 5.10796471787e-09, 6.47284537081e-09, 1.13058966633e-08, 1.7064260005e-09, 2.03278557181e-11],
        "dvar2": [7.31007967261e-05, 0.000545492919628, 3.09047063638e-05, 4.70090162707e-06, 5.32289504918e-06, 2.79050163954e-06, 4.93429979542e-06, 5.12055794388e-06, 3.80892342946e-05, 2.60181477643e-05, 4.71160456073e-05, 1.18257848953e-05, 6.09633480053e-06, 8.18349235487e-06, 2.1593314159e-06, 2.03838771995e-06, 1.01938644548e-06, 3.05670738499e-07, 1.39181580039e-07, 5.49917267278e-08, 1.92751326011e-08, 1.15025757808e-08, 1.20457901431e-08, 1.3132726906e-08, 2.3586473219e-08, 3.52003914905e-09, 4.90056155378e-11],
        "max": [0.0559425614774, 0.144251808524, 0.0317543298006, 0.0237090401351, 0.0240510478616, 0.0210415944457, 0.0464228279889, 0.0545740947127, 0.118523158133, 0.105569377542, 0.107844680548, 0.0866740345955, 0.0417623631656, 0.0435201376677, 0.0237858910114, 0.0205662362278, 0.0240295697004, 0.00862839072943, 0.0045136641711, 0.00516628380865, 0.00272857793607, 0.00179547106382, 0.00156711484306, 0.00205468945205, 0.0026201303117, 0.000952284957748, 9.04647167772e-05],
        "mean": [0.00311768217944, 0.0118848457932, 0.00157197075896, 0.000644651940092, 0.00110966083594, 0.00098472868558, 0.000754670705646, 0.000783794093877, 0.00209704204462, 0.00205650296994, 0.00240896176547, 0.00109058187809, 0.000921681814361, 0.00116165727377, 0.000773268518969, 0.000548024720047, 0.000369645305909, 0.000334906973876, 0.000273039622698, 0.00022680973052, 0.000106295650767, 8.73714961926e-05, 0.000104582693893, 0.000109502871055, 9.88837055047e-05, 4.16256189055e-05, 1.90435036984e-06],
        "median": [0.000311414798489, 0.00592773361132, 0.000526820018422, 0.000206864337088, 0.000537210726179, 0.000467095145723, 0.000332400988555, 0.000283208762994, 0.000523105729371, 0.000677315052599, 0.000401095225243, 0.000236110601691, 0.000291967706289, 0.000331071874825, 0.000290271884296, 0.000196721404791, 0.000149844301632, 0.000143041805131, 0.000120982345834, 0.000126866507344, 6.71862144372e-05, 5.25147588633e-05, 5.60541411687e-05, 4.6402834414e-05, 3.37761011906e-05, 1.05500730569e-05, 4.78158064254e-08],
        "min": [8.64686215431e-24, 2.23061181014e-23, 7.9536253903e-24, 1.77844470676e-24, 1.48910717169e-23, 2.25936452796e-23, 2.80265618883e-23, 1.39700867075e-22, 5.47398723177e-23, 5.02135146613e-23, 6.07189457301e-23, 5.51331100127e-23, 9.86649728068e-23, 2.0888750256e-22, 9.69772711644e-23, 1.65090210159e-22, 2.75767294187e-22, 2.29085711747e-22, 2.20894609248e-22, 3.10422294542e-22, 4.85523313671e-22, 7.38869489614e-22, 5.57064945083e-22, 1.10902170657e-21, 8.80561933863e-22, 1.90408111475e-21, 2.41035361593e-21],
        "var": [4.04989041272e-05, 0.000273219833616, 1.0043846487e-05, 1.54241695327e-06, 2.99472617371e-06, 2.59697162619e-06, 3.03636284116e-06, 3.96926679969e-06, 2.76879036392e-05, 2.12019476749e-05, 4.11910841649e-05, 1.00916731753e-05, 4.68191592518e-06, 6.74633656672e-06, 2.17610977415e-06, 1.57417116498e-06, 8.76111641901e-07, 3.21005757087e-07, 1.71684121142e-07, 9.10905129103e-08, 1.82021473449e-08, 1.15257625666e-08, 1.69478120426e-08, 2.48995561947e-08, 3.14181853867e-08, 5.05117014882e-09, 2.82686634517e-11]
    },
    "erbbands": {
        "dmean": [0.378387153149, 1.13599193096, 1.63447070122, 1.50308835506, 1.77013862133, 2.82013201714, 3.49991488457, 4.90142297745, 6.40300035477, 9.79077625275, 12.2416543961, 30.4058074951, 33.356048584, 34.1358909607, 61.398109436, 24.0832443237, 25.4263782501, 31.964641571, 27.2794818878, 18.1537342072, 14.8059530258, 9.65545463562, 7.72792768478, 8.5126581192, 4.93371915817, 4.70746183395, 2.55255579948, 1.52886366844, 1.29954123497, 1.36443662643, 1.27143883705, 0.931093096733, 0.695774018764, 0.51990801096, 0.280705422163, 0.10483392328, 0.0332005470991, 0.00479102879763, 0.000197811605176, 1.73849621206e-05],
        "dmean2": [0.677342176437, 1.86354136467, 2.65461707115, 2.52556562424, 3.01899886131, 4.69073963165, 5.62243556976, 7.78835439682, 10.2548866272, 15.6237621307, 19.287607193, 49.0631904602, 53.4133758545, 53.9848518372, 99.3484268188, 39.0331077576, 40.9463996887, 52.5189285278, 43.6417922974, 28.7629032135, 22.7834739685, 15.5063972473, 12.292257309, 13.7577838898, 7.75958061218, 7.43572950363, 4.12766742706, 2.4970061779, 2.11697840691, 2.19702172279, 2.03204989433, 1.45026707649, 1.06908845901, 0.793644547462, 0.430049628019, 0.15783880651, 0.0495021976531, 0.00728439167142, 0.000303874636302, 2.85778296529e-05],
        "dvar": [0.612988591194, 5.33492946625, 18.5375289917, 14.0460271835, 15.9998264313, 31.9269485474, 49.2859535217, 91.9682312012, 328.104125977, 549.149780273, 1478.16052246, 8468.94042969, 7807.40039062, 7410.0703125, 44051.9609375, 3408.5324707, 4906.51074219, 7800.76953125, 4141.05517578, 1745.09265137, 1944.00939941, 1076.24438477, 291.140594482, 288.554138184, 84.982673645, 61.6097564697, 21.8846969604, 8.65097999573, 5.65420675278, 6.04387807846, 4.82470464706, 3.12983846664, 2.15938568115, 1.69526696205, 0.581955015659, 0.0612058974802, 0.00520075997338, 0.000123664038256, 3.71247921294e-07, 7.10767555923e-10],
        "dvar2": [1.93000423908, 13.2299671173, 48.7287368774, 37.9957351685, 44.4457397461, 83.5336685181, 116.949607849, 222.324462891, 815.704406738, 1302.5982666, 3331.32397461, 22194.359375, 21161.5371094, 18795.5429688, 110262.859375, 8430.56933594, 12265.5341797, 20746.125, 10167.0566406, 3962.1953125, 4383.8046875, 2981.61352539, 698.743225098, 744.577453613, 207.066421509, 149.019622803, 51.1535110474, 20.665309906, 13.7050876617, 15.1735467911, 11.6709661484, 6.72955131531, 4.54451417923, 3.61669659615, 1.24943876266, 0.130546718836, 0.0106769157574, 0.000265437178314, 7.87713588579e-07, 1.8177536143e-09],
        "max": [7.97396087646, 23.7406272888, 43.7570419312, 57.4019966125, 48.0387649536, 118.81678772, 148.146469116, 231.096343994, 510.538482666, 801.877319336, 1497.74487305, 2784.57055664, 2660.9453125, 1762.71508789, 4918.12841797, 1170.56982422, 2032.85595703, 2422.15307617, 1479.65905762, 968.988220215, 1327.62902832, 1542.76818848, 457.373443604, 339.007110596, 279.027679443, 266.002380371, 157.165710449, 79.4898834229, 57.1095542908, 58.5102577209, 52.0164680481, 50.7311401367, 40.1770362854, 36.4297332764, 20.7727298737, 6.12279272079, 1.64217543602, 0.297564029694, 0.0168346017599, 0.000577661790885],
        "mean": [0.489412069321, 2.06073117256, 2.34391760826, 1.99975454807, 2.31921696663, 4.22974348068, 6.16077375412, 8.59971141815, 10.2303924561, 14.9237565994, 19.3444957733, 48.9963226318, 60.5274467468, 63.1086006165, 109.649658203, 44.3154792786, 43.2915382385, 58.0064926147, 52.3655433655, 34.0638465881, 27.2424526215, 19.5848255157, 16.9562320709, 18.1273193359, 12.4368429184, 11.2075214386, 5.8692073822, 3.46692442894, 2.93948841095, 3.13168525696, 3.14163422585, 2.40929627419, 1.76473271847, 1.22145283222, 0.615449428558, 0.221618056297, 0.0751416236162, 0.00962124764919, 0.000338128767908, 5.15759529662e-05],
        "median": [0.149549007416, 0.987141609192, 0.933591902256, 0.773722231388, 1.04522192478, 1.80711722374, 2.76016759872, 3.99766850471, 4.48693752289, 6.49602079391, 6.93970823288, 12.5800924301, 21.1640491486, 18.8561515808, 19.059091568, 13.41010952, 15.7307710648, 18.3225250244, 17.6558017731, 15.2623376846, 11.2031183243, 8.07191085815, 7.76846456528, 8.05700397491, 5.8639831543, 6.29043626785, 3.82036685944, 2.17250227928, 1.78779935837, 1.78430378437, 1.63713765144, 1.15226018429, 0.659743905067, 0.414652138948, 0.208620980382, 0.0638199001551, 0.0170738473535, 0.00167983595748, 5.57193707209e-05, 3.73341281374e-05],
        "min": [1.15661670159e-21, 3.08103412036e-21, 8.33563070305e-21, 7.78613155251e-21, 2.45649458253e-20, 4.95433333228e-20, 6.56018590746e-20, 2.41642333641e-19, 4.79794016795e-19, 1.9858445498e-18, 1.93422186214e-18, 1.31518377654e-18, 1.47749408692e-18, 1.7941177323e-18, 2.53048942323e-18, 1.79144511174e-18, 4.39679500078e-18, 7.9673912524e-18, 7.63980539595e-18, 7.18759650842e-18, 8.26151351717e-18, 1.80158465033e-17, 1.16004603198e-17, 1.2832398604e-17, 1.35201322817e-17, 1.22520900453e-17, 1.57749083447e-17, 2.17239946189e-17, 2.34111535553e-17, 2.49298472338e-17, 1.51489278357e-17, 2.11362447434e-17, 1.82502364016e-17, 8.27889340902e-18, 7.42401961674e-18, 5.81084123279e-18, 4.27351737896e-18, 1.5340822364e-18, 3.34026052052e-19, 3.32934541998e-20],
        "var": [0.667832970619, 9.09973812103, 18.4356498718, 13.1271724701, 14.7848081589, 54.8975753784, 112.78565979, 200.133331299, 512.513366699, 965.033081055, 2689.70288086, 15749.3310547, 18905.859375, 17133.6660156, 104519.039062, 8321.89648438, 8759.99609375, 17027.8925781, 11754.2412109, 3613.47900391, 3934.68847656, 2671.11572266, 910.592102051, 736.100830078, 361.527130127, 227.168167114, 53.6102294922, 18.9418067932, 13.1665287018, 15.090587616, 15.8313245773, 11.2466392517, 7.25385332108, 4.65283727646, 1.3806912899, 0.156670451164, 0.0160261560231, 0.000323889835272, 7.3222275887e-07, 2.42603270806e-09]
    },
    "gfcc": {
        "mean": [-2.21734619141, 89.0553436279, -133.517089844, 22.1336040497, -54.7414855957, 26.6742782593, -31.0715084076, 17.5157909393, -18.8765335083, 4.83643913269, -8.59088611603, -0.100908979774, -4.41426706314],
        "cov": [[6542.91210938, -1895.31164551, 1432.72937012, 720.502685547, 421.94732666, 1158.78259277, 73.5752792358, 673.014526367, -330.274719238, 477.032196045, -188.488433838, 403.921417236, -212.540542603], [-1895.31164551, 1745.69055176, -315.821563721, 59.0238876343, 160.126602173, -427.360015869, 193.242523193, -326.906890869, 240.916717529, -210.005386353, 217.925918579, -183.947891235, 155.575042725], [1432.72937012, -315.821563721, 1380.75793457, 529.21496582, 333.212890625, 366.72467041, -50.7341499329, 171.615188599, -75.4264678955, 262.113494873, -93.237411499, 266.157012939, -100.938415527], [720.502685547, 59.0238876343, 529.21496582, 622.848388672, 205.746368408, 210.271209717, 38.9412536621, 56.1788215637, 101.32258606, 63.0960197449, 13.231502533, 60.8304824829, 32.1026687622], [421.94732666, 160.126602173, 333.212890625, 205.746368408, 405.048278809, 113.810028076, 131.826049805, 51.858291626, 20.5249938965, 103.142021179, 25.2666130066, 83.6161880493, -4.1773314476], [1158.78259277, -427.360015869, 366.72467041, 210.271209717, 113.810028076, 457.32131958, 92.9821929932, 157.981735229, -39.2001609802, 114.395744324, -22.0155887604, 66.1030502319, -26.8418216705], [73.5752792358, 193.242523193, -50.7341499329, 38.9412536621, 131.826049805, 92.9821929932, 283.01763916, 19.1389541626, 64.5832443237, 10.1306695938, 59.4488830566, -16.3619823456, 31.7909450531], [673.014526367, -326.906890869, 171.615188599, 56.1788215637, 51.858291626, 157.981735229, 19.1389541626, 224.814910889, 20.2798347473, 73.0390701294, -38.4490013123, 66.1418991089, -7.05419015884], [-330.274719238, 240.916717529, -75.4264678955, 101.32258606, 20.5249938965, -39.2001609802, 64.5832443237, 20.2798347473, 238.936889648, -38.7017936707, 25.6378974915, -32.8073501587, 56.064666748], [477.032196045, -210.005386353, 262.113494873, 63.0960197449, 103.142021179, 114.395744324, 10.1306695938, 73.0390701294, -38.7017936707, 177.639633179, 1.0505439043, 77.9838867188, -34.3198432922], [-188.488433838, 217.925918579, -93.237411499, 13.231502533, 25.2666130066, -22.0155887604, 59.4488830566, -38.4490013123, 25.6378974915, 1.0505439043, 166.381668091, -2.67422127724, 55.1531867981], [403.921417236, -183.947891235, 266.157012939, 60.8304824829, 83.6161880493, 66.1030502319, -16.3619823456, 66.1418991089, -32.8073501587, 77.9838867188, -2.67422127724, 163.356170654, -6.80374956131], [-212.540542603, 155.575042725, -100.938415527, 32.1026687622, -4.1773314476, -26.8418216705, 31.7909450531, -7.05419015884, 56.064666748, -34.3198432922, 55.1531867981, -6.80374956131, 106.875846863]],
        "icov": [[0.000438319548266, 0.000140603777254, 7.54049833631e-05, -0.000414027948864, -7.73747669882e-05, -0.000468978396384, -8.58344210428e-05, -0.000651225622278, 0.00053077749908, -4.21633158112e-05, -7.30168676455e-06, -0.000265635928372, 0.000419204356149], [0.000140603777254, 0.00235789641738, -0.000977039569989, 0.000182129326276, -0.00137145316694, 0.00159930426162, -0.0010402391199, 0.00162422063295, -0.00101235881448, 0.00156047567725, -0.00170712172985, 0.00209338171408, -0.00131907849573], [7.54049833631e-05, -0.000977039569989, 0.00282545434311, -0.00173690717202, 1.46298418713e-06, -0.00132860604208, 0.00100782955997, -0.00076384464046, 0.000928821740672, -0.00184676796198, 0.0015252038138, -0.00311933271587, 0.00201265024953], [-0.000414027948864, 0.000182129326276, -0.00173690717202, 0.00415681954473, -0.00103496375959, -0.000596370082349, 0.0006649470306, 0.00161305535585, -0.00241202581674, 0.00104225764517, -0.000675120449159, 0.00161044462584, -0.00220815138891], [-7.73747669882e-05, -0.00137145316694, 1.46298418713e-06, -0.00103496375959, 0.00527421105653, -0.000202590133995, -0.00175161135849, -0.000998227973469, 0.000803741568234, -0.00216996506788, 0.000861091190018, -0.00210303673521, 0.00106847798452], [-0.000468978396384, 0.00159930426162, -0.00132860604208, -0.000596370082349, -0.000202590133995, 0.00637567974627, -0.00261488533579, -0.000462164258352, 0.000207883829717, 0.000353089824785, -0.00121658889111, 0.00259963306598, -0.00119806278963], [-8.58344210428e-05, -0.0010402391199, 0.00100782955997, 0.0006649470306, -0.00175161135849, -0.00261488533579, 0.00639930134639, -0.000312483200105, -0.00107903790195, -0.000388613116229, -0.000548607029486, -0.000160085648531, 0.000160481489729], [-0.000651225622278, 0.00162422063295, -0.00076384464046, 0.00161305535585, -0.000998227973469, -0.000462164258352, -0.000312483200105, 0.00995907001197, -0.00368202035315, -0.000320579099935, 0.000555709237233, 2.64870868705e-05, -0.00272664567456], [0.00053077749908, -0.00101235881448, 0.000928821740672, -0.00241202581674, 0.000803741568234, 0.000207883829717, -0.00107903790195, -0.00368202035315, 0.00769007345662, -0.000371481990442, 0.00102935847826, -0.000459250150016, -0.000421277829446], [-4.21633158112e-05, 0.00156047567725, -0.00184676796198, 0.00104225764517, -0.00216996506788, 0.000353089824785, -0.000388613116229, -0.000320579099935, -0.000371481990442, 0.0112418662757, -0.00315315485932, 9.48661545408e-05, 0.00112375605386], [-7.30168676455e-06, -0.00170712172985, 0.0015252038138, -0.000675120449159, 0.000861091190018, -0.00121658889111, -0.000548607029486, 0.000555709237233, 0.00102935847826, -0.00315315485932, 0.00992638617754, -0.00260838540271, -0.00279936217703], [-0.000265635928372, 0.00209338171408, -0.00311933271587, 0.00161044462584, -0.00210303673521, 0.00259963306598, -0.000160085648531, 2.64870868705e-05, -0.000459250150016, 9.48661545408e-05, -0.00260838540271, 0.0132724707946, -0.00392286619172], [0.000419204356149, -0.00131907849573, 0.00201265024953, -0.00220815138891, 0.00106847798452, -0.00119806278963, 0.000160481489729, -0.00272664567456, -0.000421277829446, 0.00112375605386, -0.00279936217703, -0.00392286619172, 0.0159644428641]]
    },
    "melbands": {
        "dmean": [0.00263112317771, 0.00102308264468, 0.000257704785326, 0.000159572577104, 0.00012351424084, 0.000108200045361, 9.84628131846e-05, 0.000110653098091, 0.000115369795822, 0.000200771231903, 0.000171205349034, 0.000141807104228, 0.00020299955213, 0.000102875943412, 5.91060124862e-05, 5.31504811079e-05, 6.74529437674e-05, 5.10898607899e-05, 2.48944052146e-05, 2.73956247838e-05, 1.73046792042e-05, 1.11934068627e-05, 9.30274563871e-06, 8.1723819676e-06, 7.66896027926e-06, 4.34034791397e-06, 3.60161152457e-06, 3.36195444106e-06, 1.99672808776e-06, 1.28245085307e-06, 9.34753586534e-07, 7.83257632975e-07, 8.41927999318e-07, 7.99742394975e-07, 8.17869420189e-07, 7.22118954855e-07, 5.89507976656e-07, 5.11372945766e-07, 5.37691903446e-07, 4.6191971137e-07],
        "dmean2": [0.00466155493632, 0.00163637474179, 0.00042583711911, 0.000269454612862, 0.000198302295757, 0.000171919818968, 0.000157898131874, 0.00017536978703, 0.000183544820175, 0.000322604493704, 0.000274775346043, 0.000224857154535, 0.000326039153151, 0.00016424759815, 9.61967525654e-05, 8.48309064168e-05, 0.00011076091323, 8.23204609333e-05, 3.93005066144e-05, 4.37651433458e-05, 2.63894417003e-05, 1.79609323823e-05, 1.49416873683e-05, 1.31402321131e-05, 1.24839343698e-05, 6.89585158398e-06, 5.71695818508e-06, 5.37804999112e-06, 3.24749134961e-06, 2.11445239984e-06, 1.54589156409e-06, 1.2891116512e-06, 1.37633799113e-06, 1.3044714251e-06, 1.32629577365e-06, 1.14183603728e-06, 9.18992611787e-07, 8.02464001026e-07, 8.44470662287e-07, 7.19607555766e-07],
        "dvar": [2.54031674558e-05, 5.86264013691e-06, 3.59752220902e-07, 1.12791127549e-07, 5.39786171316e-08, 4.45097327884e-08, 7.93246854869e-08, 6.99332929344e-08, 1.28881765704e-07, 3.79692266961e-07, 2.10601669437e-07, 1.39174687774e-07, 3.83869405596e-07, 1.06531146571e-07, 2.24943956795e-08, 2.34350867601e-08, 3.72790651681e-08, 1.54901993454e-08, 2.54269583166e-09, 5.10345765647e-09, 3.01270275394e-09, 1.31678579152e-09, 7.96119059565e-10, 3.44108269656e-10, 2.48421255789e-10, 7.76099531863e-11, 3.85064063968e-11, 3.33002271591e-11, 1.40529905421e-11, 5.08029078874e-12, 3.54020155205e-12, 2.04111857624e-12, 2.20197861681e-12, 2.06771383869e-12, 1.8838522322e-12, 1.84851526447e-12, 1.24341921308e-12, 1.13971863631e-12, 1.36827593526e-12, 1.47193379447e-12],
        "dvar2": [7.95570376795e-05, 1.49239049279e-05, 9.48973308823e-07, 3.06132960759e-07, 1.30654697728e-07, 1.06326254468e-07, 1.96782877993e-07, 1.58660469651e-07, 2.95329869004e-07, 1.01164835087e-06, 5.71952341488e-07, 3.54924964086e-07, 9.36984974942e-07, 2.55484565059e-07, 5.21056442437e-08, 5.43668612352e-08, 9.8907037227e-08, 3.79315068244e-08, 5.91208948464e-09, 1.16599334632e-08, 6.48085629606e-09, 3.49878925832e-09, 2.02001926297e-09, 8.46381909003e-10, 6.43093189812e-10, 1.90384943921e-10, 9.09072747635e-11, 8.25100057722e-11, 3.14207583563e-11, 1.27619980556e-11, 8.67650569447e-12, 5.05567159317e-12, 5.471504326e-12, 5.32034225703e-12, 4.83628588566e-12, 4.33385185378e-12, 2.72885078249e-12, 2.57778976116e-12, 2.8704491041e-12, 3.37389773238e-12],
        "max": [0.0523587986827, 0.0262282975018, 0.0095659615472, 0.00404709158465, 0.00563099980354, 0.00481869885698, 0.00887978915125, 0.0102279037237, 0.0114525239915, 0.0201910752803, 0.0136112570763, 0.00914603564888, 0.0169003382325, 0.0099353948608, 0.00505045615137, 0.00415437156335, 0.00550335412845, 0.00296623189934, 0.00107938679866, 0.00198618369177, 0.00181436527055, 0.00144793372601, 0.0013016355224, 0.000542201509234, 0.000281449203612, 0.000282789813355, 0.000191379207536, 0.000149089537445, 0.000157161761308, 6.42047089059e-05, 4.42787386419e-05, 3.58082033927e-05, 3.62154569302e-05, 3.04440254695e-05, 2.3090869945e-05, 4.15454051108e-05, 3.00246138067e-05, 3.1039595342e-05, 2.8755490348e-05, 3.37382298312e-05],
        "mean": [0.00395426107571, 0.00178162695374, 0.000361614889698, 0.000227736774832, 0.000223997267312, 0.000191518949578, 0.000155408968567, 0.000165327117429, 0.000178460599273, 0.000317430240102, 0.000302135711536, 0.000246331590461, 0.00035267235944, 0.000172011525137, 9.84461366897e-05, 8.38142441353e-05, 0.000112674308184, 9.07131616259e-05, 4.3747768359e-05, 4.49147373729e-05, 2.91372925858e-05, 1.98593243113e-05, 1.78864247573e-05, 1.55666202772e-05, 1.46516485984e-05, 9.51689617068e-06, 8.08058211987e-06, 7.18467072147e-06, 4.02350087825e-06, 2.53355005952e-06, 1.84485656973e-06, 1.59586988957e-06, 1.7551798237e-06, 1.68961491909e-06, 1.83135546195e-06, 1.65838650901e-06, 1.38884581702e-06, 1.20488812172e-06, 1.20313188745e-06, 9.80040795184e-07],
        "median": [0.00169855926652, 0.000883099390194, 0.000152388151037, 0.000110239758214, 0.00010637716332, 9.0174311481e-05, 6.78847136442e-05, 6.81557430653e-05, 5.51773518964e-05, 8.02897047834e-05, 9.87364692264e-05, 6.22410298092e-05, 5.94150478719e-05, 3.36157936545e-05, 3.32433301082e-05, 2.73405476037e-05, 3.03417837131e-05, 2.61451277765e-05, 1.86179768207e-05, 1.69350114447e-05, 1.08399353849e-05, 7.89129444456e-06, 7.05852608007e-06, 6.71654879625e-06, 6.07020911048e-06, 3.90314198739e-06, 4.05327273256e-06, 3.90690547647e-06, 2.3557483928e-06, 1.51340543653e-06, 1.06953257273e-06, 9.57404381552e-07, 9.81799644251e-07, 9.31495492296e-07, 9.56735220825e-07, 8.20888942599e-07, 6.23418486612e-07, 4.64153998792e-07, 3.89465128592e-07, 3.26343013057e-07],
        "min": [7.76796618739e-24, 4.03178210075e-24, 1.57841078184e-24, 3.0662415963e-24, 2.25984924354e-24, 5.52388134297e-24, 6.36077243883e-24, 2.69723439518e-23, 1.48018720589e-23, 7.28261951545e-24, 7.50753401473e-24, 7.35458887356e-24, 8.98964036143e-24, 7.09210724026e-24, 4.995905811e-24, 1.053659423e-23, 1.65879336122e-23, 1.43473240945e-23, 8.53930412533e-24, 1.27234468213e-23, 7.92229025742e-24, 1.91879229147e-23, 1.06798963354e-23, 1.15932032039e-23, 9.7425347314e-24, 9.96692463817e-24, 9.40290644587e-24, 7.79018761023e-24, 9.40128691443e-24, 1.19597253354e-23, 1.24160971463e-23, 1.07729716671e-23, 1.93080112103e-23, 1.12206344536e-23, 7.84303419113e-24, 9.88868068042e-24, 1.46424906016e-23, 1.40651453932e-23, 8.86251148225e-24, 6.22886030155e-24],
        "var": [3.40867736668e-05, 7.74453656049e-06, 3.70096131519e-07, 1.27228958036e-07, 1.31188230057e-07, 9.9586991098e-08, 1.25908542259e-07, 1.21666104747e-07, 2.32398917888e-07, 6.7986184149e-07, 5.05271884776e-07, 3.15121667427e-07, 9.20058369047e-07, 2.39249402512e-07, 4.80457416074e-08, 4.17618259974e-08, 7.63729559594e-08, 4.15971435075e-08, 5.46975442717e-09, 8.96161100883e-09, 5.79186476557e-09, 2.75779199477e-09, 2.13891859779e-09, 7.63594076858e-10, 5.61255542042e-10, 3.10173053908e-10, 1.36598746203e-10, 9.79593489658e-11, 3.3287744089e-11, 1.05445877724e-11, 6.40118340278e-12, 4.20497187417e-12, 5.01272938089e-12, 4.62531618908e-12, 5.48668272274e-12, 5.20159349621e-12, 4.15962967196e-12, 3.46163158901e-12, 3.88653215513e-12, 3.42385429904e-12]
    },
    "mfcc": {
        "mean": [-638.908325195, 118.632835388, -13.1472253799, 4.36871194839, 4.43989086151, 4.73876523972, 6.68451118469, 8.58322620392, 1.9712240696, 10.5355148315, 0.482056617737, -0.317060053349, 2.24832129478],
        "cov": [[4965.68505859, -1284.44384766, 622.940612793, 247.956497192, 385.657501221, 543.972595215, 585.578674316, 370.343597412, 299.404510498, 188.966873169, 106.062461853, 124.733177185, 152.190429688], [-1284.44384766, 1102.43603516, -164.262619019, 103.149627686, -23.7142410278, -81.2767944336, -50.3405914307, -72.745010376, -121.282684326, -9.00365257263, -19.9087123871, -45.793964386, 10.3753271103], [622.940612793, -164.262619019, 874.402893066, 339.292236328, 333.219940186, 274.780273438, 82.3530273438, 69.3376235962, 96.5257415771, -8.18967151642, 44.8776817322, 80.0952682495, 76.2714309692], [247.956497192, 103.149627686, 339.292236328, 445.861938477, 249.445404053, 150.553283691, 38.4697608948, 45.7190856934, 56.8013496399, 22.5875759125, 3.4028866291, 57.4473648071, 67.0803375244], [385.657501221, -23.7142410278, 333.219940186, 249.445404053, 354.41708374, 146.831665039, 63.5012359619, 55.329410553, 63.7869186401, 27.3615550995, 15.9703855515, 46.8394775391, 75.3602981567], [543.972595215, -81.2767944336, 274.780273438, 150.553283691, 146.831665039, 313.601501465, 169.971435547, 68.5688552856, 83.2171173096, 42.1332435608, 51.540222168, 35.1890563965, 45.2444992065], [585.578674316, -50.3405914307, 82.3530273438, 38.4697608948, 63.5012359619, 169.971435547, 301.384887695, 57.0515823364, 13.5106782913, 54.4912948608, 33.7497215271, 13.4850130081, 55.7103385925], [370.343597412, -72.745010376, 69.3376235962, 45.7190856934, 55.329410553, 68.5688552856, 57.0515823364, 165.494003296, 95.7140350342, 36.0209770203, 24.2536811829, 29.1904258728, 24.0476436615], [299.404510498, -121.282684326, 96.5257415771, 56.8013496399, 63.7869186401, 83.2171173096, 13.5106782913, 95.7140350342, 201.555053711, 52.3343276978, 41.5763969421, 39.1982040405, 5.28462696075], [188.966873169, -9.00365257263, -8.18967151642, 22.5875759125, 27.3615550995, 42.1332435608, 54.4912948608, 36.0209770203, 52.3343276978, 122.78427887, 36.006603241, 8.95182800293, 15.7692327499], [106.062461853, -19.9087123871, 44.8776817322, 3.4028866291, 15.9703855515, 51.540222168, 33.7497215271, 24.2536811829, 41.5763969421, 36.006603241, 90.4442443848, 28.4325637817, 9.42884922028], [124.733177185, -45.793964386, 80.0952682495, 57.4473648071, 46.8394775391, 35.1890563965, 13.4850130081, 29.1904258728, 39.1982040405, 8.95182800293, 28.4325637817, 97.111579895, 36.6637916565], [152.190429688, 10.3753271103, 76.2714309692, 67.0803375244, 75.3602981567, 45.2444992065, 55.7103385925, 24.0476436615, 5.28462696075, 15.7692327499, 9.42884922028, 36.6637916565, 95.4406814575]],
