{
"lowlevel": {
    "average_loudness": 0.793035984039,
    "barkbands_crest": {
        "dmean": 2.73816180229,
        "dmean2": 4.43790817261,
        "dvar": 5.41988515854,
        "dvar2": 13.8461799622,
        "max": 25.9462490082,
        "mean": 11.7797727585,
        "median": 11.4575920105,
        "min": 2.6762919426,
        "var": 15.7859268188
    },
    "barkbands_flatness_db": {
        "dmean": 0.031077157706,
        "dmean2": 0.046517867595,
        "dvar": 0.000963147729635,
        "dvar2": 0.00207315036096,
        "max": 0.606177330017,
        "mean": 0.193611770868,
        "median": 0.184705033898,
        "min": 0.0338295325637,
        "var": 0.00504307122901
    },
    "barkbands_kurtosis": {
        "dmean": 5.13247108459,
        "dmean2": 8.26170063019,
        "dvar": 118.75112915,
        "dvar2": 279.553222656,
        "max": 227.313613892,
        "mean": 7.35957193375,
        "median": 2.88464212418,
        "min": -1.80440890789,
        "var": 242.236495972
    },
    "barkbands_skewness": {
        "dmean": 0.712882876396,
        "dmean2": 1.10402667522,
        "dvar": 0.636385262012,
        "dvar2": 1.44727277756,
        "max": 12.7634620667,
        "mean": 1.81584918499,
        "median": 1.50367927551,
        "min": -2.22406673431,
        "var": 2.42144775391
    },
    "barkbands_spread": {
        "dmean": 5.72645759583,
        "dmean2": 8.97610759735,
        "dvar": 68.6521453857,
        "dvar2": 155.155776978,
        "max": 91.2081680298,
        "mean": 15.7486286163,
        "median": 12.944275856,
        "min": 0.303541600704,
        "var": 136.432800293
    },
    "dissonance": {
        "dmean": 0.0283905528486,
        "dmean2": 0.0472517386079,
        "dvar": 0.000712921493687,
        "dvar2": 0.00189844996203,
        "max": 0.500000059605,
        "mean": 0.445560723543,
        "median": 0.454460740089,
        "min": 0.15207362175,
        "var": 0.00172709056642
    },
    "dynamic_complexity": 3.75918722153,
    "erbbands_crest": {
        "dmean": 3.52864003181,
        "dmean2": 5.63860082626,
        "dvar": 10.5016355515,
        "dvar2": 24.1745204926,
        "max": 31.7030544281,
        "mean": 12.3485450745,
        "median": 11.2589817047,
        "min": 2.43832373619,
        "var": 31.4385910034
    },
    "erbbands_flatness_db": {
        "dmean": 0.0244990438223,
        "dmean2": 0.0344308242202,
        "dvar": 0.00055058777798,
        "dvar2": 0.00103151425719,
        "max": 0.461562722921,
        "mean": 0.201980471611,
        "median": 0.204353690147,
        "min": 0.0379643253982,
        "var": 0.00416017696261
    },
    "erbbands_kurtosis": {
        "dmean": 1.4185090065,
        "dmean2": 2.24203467369,
        "dvar": 3.75575184822,
        "dvar2": 8.57496070862,
        "max": 34.1731567383,
        "mean": 1.36971282959,
        "median": 0.509174704552,
        "min": -1.8499392271,
        "var": 8.46066761017
    },
    "erbbands_skewness": {
        "dmean": 0.478889912367,
        "dmean2": 0.740039885044,
        "dvar": 0.214776486158,
        "dvar2": 0.473770946264,
        "max": 4.92205429077,
        "mean": 0.737418055534,
        "median": 0.733911275864,
        "min": -3.23252105713,
        "var": 0.764937341213
    },
    "erbbands_spread": {
        "dmean": 8.4951543808,
        "dmean2": 12.9388856888,
        "dvar": 110.839126587,
        "dvar2": 240.03755188,
        "max": 145.89239502,
        "mean": 30.8493499756,
        "median": 26.6118469238,
        "min": 2.40582132339,
        "var": 344.470184326
    },
    "hfc": {
        "dmean": 6.69408273697,
        "dmean2": 9.65617752075,
        "dvar": 114.464172363,
        "dvar2": 255.9659729,
        "max": 144.529632568,
        "mean": 18.7475986481,
        "median": 13.0009784698,
        "min": 1.18176435379e-16,
        "var": 343.719238281
    },
    "melbands_crest": {
        "dmean": 4.04081916809,
        "dmean2": 6.68813371658,
        "dvar": 12.4809141159,
        "dvar2": 32.9454536438,
        "max": 37.3497657776,
        "mean": 17.2024822235,
        "median": 16.2327365875,
        "min": 1.84717571735,
        "var": 40.9435119629
    },
    "melbands_flatness_db": {
        "dmean": 0.0349041819572,
        "dmean2": 0.0522105060518,
        "dvar": 0.0013241362758,
        "dvar2": 0.00283473357558,
        "max": 0.79432696104,
        "mean": 0.253886729479,
        "median": 0.238898769021,
        "min": 0.00583291286603,
        "var": 0.00797817576677
    },
    "melbands_kurtosis": {
        "dmean": 11.1477918625,
        "dmean2": 18.091753006,
        "dvar": 796.864868164,
        "dvar2": 1933.60559082,
        "max": 743.145385742,
        "mean": 17.3865642548,
        "median": 6.72642564774,
        "min": -1.64575338364,
        "var": 1326.79846191
    },
    "melbands_skewness": {
        "dmean": 0.939448595047,
        "dmean2": 1.45976877213,
        "dvar": 1.4412573576,
        "dvar2": 3.27376818657,
        "max": 24.0302524567,
        "mean": 2.629966259,
        "median": 2.0684773922,
        "min": -1.82116258144,
        "var": 4.77325963974
    },
    "melbands_spread": {
        "dmean": 5.98066854477,
        "dmean2": 9.36839771271,
        "dvar": 76.9070205688,
        "dvar2": 168.054031372,
        "max": 181.903640747,
        "mean": 16.9592666626,
        "median": 14.4514465332,
        "min": 0.171269983053,
        "var": 180.78213501
    },
    "pitch_salience": {
        "dmean": 0.0752485543489,
        "dmean2": 0.123296760023,
        "dvar": 0.00460986746475,
        "dvar2": 0.0121224597096,
        "max": 0.941616773605,
        "mean": 0.49296438694,
        "median": 0.484577953815,
        "min": 0.0643849074841,
        "var": 0.0194509122521
    },
    "silence_rate_20dB": {
        "dmean": 0,
        "dmean2": 0,
        "dvar": 0,
        "dvar2": 0,
        "max": 1,
        "mean": 1,
        "median": 1,
        "min": 1,
        "var": 0
    },
    "silence_rate_30dB": {
        "dmean": 0.0446502789855,
        "dmean2": 0.0893111675978,
        "dvar": 0.0426554754376,
        "dvar2": 0.0920251607895,
        "max": 1,
        "mean": 0.93232011795,
        "median": 1,
        "min": 0,
        "var": 0.063097730279
    },
    "silence_rate_60dB": {
        "dmean": 0.0251751579344,
        "dmean2": 0.0503562949598,
        "dvar": 0.0245455894619,
        "dvar2": 0.0513810254633,
        "max": 1,
        "mean": 0.107219189405,
        "median": 0,
        "min": 0,
        "var": 0.0957094728947
    },
    "spectral_centroid": {
        "dmean": 274.946685791,
        "dmean2": 425.509155273,
        "dvar": 126977.539062,
        "dvar2": 264149.5625,
        "max": 11270.4501953,
        "mean": 1211.24121094,
        "median": 1111.89013672,
        "min": 133.784439087,
        "var": 331742.5625
    },
    "spectral_complexity": {
        "dmean": 3.3062582016,
        "dmean2": 5.10498809814,
        "dvar": 17.5074462891,
        "dvar2": 36.8442955017,
        "max": 55,
        "mean": 13.4838514328,
        "median": 12,
        "min": 0,
        "var": 63.2393074036
    },
    "spectral_decrease": {
        "dmean": 4.03980093822e-09,
        "dmean2": 6.70920297097e-09,
        "dvar": 4.96023188744e-17,
        "dvar2": 1.49528182017e-16,
        "max": 5.69429836266e-29,
        "mean": -9.60667900785e-09,
        "median": -6.62107835225e-09,
        "min": -8.26196995263e-08,
        "var": 1.10000833668e-16
    },
    "spectral_energy": {
        "dmean": 0.0156273189932,
        "dmean2": 0.0258476715535,
        "dvar": 0.00071478827158,
        "dvar2": 0.00215267972089,
        "max": 0.313929855824,
        "mean": 0.0379582121968,
        "median": 0.0267169699073,
        "min": 1.05040305567e-20,
        "var": 0.00163098389748
    },
    "spectral_energyband_high": {
        "dmean": 0.000347442808561,
        "dmean2": 0.000542222231161,
        "dvar": 1.13487715225e-06,
        "dvar2": 2.86067961497e-06,
        "max": 0.0156020373106,
        "mean": 0.000483052281197,
        "median": 0.000168454571394,
        "min": 7.26439869026e-21,
        "var": 1.19989806535e-06
    },
    "spectral_energyband_low": {
        "dmean": 0.0118099674582,
        "dmean2": 0.0207017939538,
        "dvar": 0.000663397135213,
        "dvar2": 0.0020279022865,
        "max": 0.289913326502,
        "mean": 0.0196118615568,
        "median": 0.00654529221356,
        "min": 7.86471918856e-23,
        "var": 0.00110116356518
    },
    "spectral_energyband_middle_high": {
        "dmean": 0.00198785378598,
        "dmean2": 0.00287930993363,
        "dvar": 9.97619372356e-06,
        "dvar2": 2.44524253503e-05,
        "max": 0.100698068738,
        "mean": 0.0052785333246,
        "median": 0.00285077001899,
        "min": 1.77038845215e-21,
        "var": 4.89616286359e-05
    },
    "spectral_energyband_middle_low": {
        "dmean": 0.00471983384341,
        "dmean2": 0.00713617447764,
        "dvar": 4.5546770707e-05,
        "dvar2": 0.000103753714939,
        "max": 0.116180866957,
        "mean": 0.0118298642337,
        "median": 0.00692358100787,
        "min": 2.18332187079e-22,
        "var": 0.000164743716596
    },
    "spectral_entropy": {
        "dmean": 0.219847947359,
        "dmean2": 0.315386682749,
        "dvar": 0.047209829092,
        "dvar2": 0.0948227867484,
        "max": 9.8044128418,
        "mean": 7.26327610016,
        "median": 7.24600696564,
        "min": 4.07487821579,
        "var": 0.251758426428
    },
    "spectral_flux": {
        "dmean": 0.0307719856501,
        "dmean2": 0.0489001981914,
        "dvar": 0.00107314239722,
        "dvar2": 0.00256658392027,
        "max": 0.367452800274,
        "mean": 0.0941554680467,
        "median": 0.0812116414309,
        "min": 1.02489169929e-10,
        "var": 0.00377855123952
    },
    "spectral_kurtosis": {
        "dmean": 2.97717213631,
        "dmean2": 4.89080953598,
        "dvar": 133.825332642,
        "dvar2": 325.695709229,
        "max": 662.132507324,
        "mean": 6.62082338333,
        "median": 4.85991048813,
        "min": -1.2366079092,
        "var": 345.131744385
    },
    "spectral_rms": {
        "dmean": 0.00106543535367,
        "dmean2": 0.00168053584639,
        "dvar": 1.69657607785e-06,
        "dvar2": 4.72781539429e-06,
        "max": 0.0175006575882,
        "mean": 0.00532239023596,
        "median": 0.00510542234406,
        "min": 3.2012240081e-12,
        "var": 8.7047001216e-06
    },
    "spectral_rolloff": {
        "dmean": 411.105133057,
        "dmean2": 705.605407715,
        "dvar": 753723,
        "dvar2": 1783985.375,
        "max": 19272.2167969,
        "mean": 1066.17211914,
        "median": 796.728515625,
        "min": 43.06640625,
        "var": 1159449.25
    },
    "spectral_skewness": {
        "dmean": 0.315818578005,
        "dmean2": 0.501033306122,
        "dvar": 0.154870301485,
        "dvar2": 0.371554285288,
        "max": 19.879940033,
        "mean": 1.71265351772,
        "median": 1.65632796288,
        "min": -0.00755695067346,
        "var": 0.68568533659
    },
    "spectral_spread": {
        "dmean": 614419.8125,
        "dmean2": 861593.5625,
        "dvar": 743265927168,
        "dvar2": 1.15062341632e+12,
        "max": 41704408,
        "mean": 3999210.5,
        "median": 3599394.5,
        "min": 139482.828125,
        "var": 2.73926691226e+12
    },
    "spectral_strongpeak": {
        "dmean": 0.619339942932,
        "dmean2": 1.01083683968,
        "dvar": 0.825231730938,
        "dvar2": 1.91797184944,
        "max": 8.20729446411,
        "mean": 1.16352295876,
        "median": 0.462461531162,
        "min": 0,
        "var": 2.04281044006
    },
    "zerocrossingrate": {
        "dmean": 0.00969992950559,
        "dmean2": 0.0112529695034,
        "dvar": 0.000172246145667,
        "dvar2": 0.000186970617506,
        "max": 0.61328125,
        "mean": 0.0462728515267,
        "median": 0.0419921875,
        "min": 0.001953125,
        "var": 0.000853502249811
    },
    "barkbands": {
        "dmean": [0.0038850302808, 0.00806062668562, 0.00186003453564, 0.000426028622314, 0.000612840813119, 0.000574324571062, 0.00107570004184, 0.00195910851471, 0.00188281398732, 0.000715775589924, 0.000390547764255, 0.000551976670977, 0.00052284845151, 0.000340725993738, 0.000188390156836, 0.000115806840768, 0.000221722904826, 0.000143878132803, 0.000149260158651, 0.000125570048112, 7.05297643435e-05, 6.26734181424e-05, 5.27650699951e-05, 4.44189208793e-05, 4.42189993919e-05, 5.30998731847e-05, 2.21704317482e-06],
        "dmean2": [0.00662670377642, 0.0140056042001, 0.00322583457455, 0.000737712718546, 0.00101260794327, 0.000903608393855, 0.00167220819276, 0.00296021159738, 0.00281579000875, 0.00115894817282, 0.000616356730461, 0.000852787867188, 0.000797501939815, 0.000512433820404, 0.000287702947389, 0.000182080460945, 0.000343015562976, 0.000231118247029, 0.000227609460126, 0.000201252711122, 0.00011569687922, 0.000101241072116, 8.64750763867e-05, 6.97771538398e-05, 6.79249642417e-05, 7.54112479626e-05, 3.34525225298e-06],
        "dvar": [0.000114801994641, 0.000320037535857, 2.52535537584e-05, 1.28033025248e-06, 1.38882751344e-06, 3.1653246424e-06, 4.79974278278e-06, 1.74693050212e-05, 2.57669216808e-05, 7.29946259526e-06, 1.16030298614e-06, 1.76709409061e-06, 1.59445596637e-06, 8.32933153561e-07, 3.20122040876e-07, 8.12705707176e-08, 1.95102174416e-07, 9.27359025127e-08, 7.11884666771e-08, 7.11236509687e-08, 4.78959449879e-08, 4.31353512909e-08, 5.57586581351e-08, 2.66636757118e-08, 2.09961328324e-08, 4.75712838011e-08, 1.09923563307e-10],
        "dvar2": [0.000319712940836, 0.000940590340178, 7.15592323104e-05, 3.97933536078e-06, 3.84830218536e-06, 7.15064379619e-06, 1.0362780813e-05, 3.61396523658e-05, 5.5691540183e-05, 2.13866042031e-05, 3.03019646708e-06, 4.1442112888e-06, 3.31778073814e-06, 1.71711576513e-06, 6.95576090948e-07, 1.81868415439e-07, 4.34456211451e-07, 2.12650334674e-07, 1.54433863031e-07, 1.83155393074e-07, 1.24930835455e-07, 1.14913575544e-07, 1.55424999093e-07, 6.93662869367e-08, 4.93431535631e-08, 8.56673381122e-08, 2.38246533613e-10],
        "max": [0.123981446028, 0.241983085871, 0.0946407839656, 0.0182049907744, 0.0191227961332, 0.0412435643375, 0.0328923016787, 0.0742038786411, 0.106087855995, 0.0882383808494, 0.0248660929501, 0.0178063698113, 0.0199237093329, 0.0176700912416, 0.0144944787025, 0.00828529987484, 0.00932636670768, 0.00523232948035, 0.00482031190768, 0.00615662848577, 0.00331634329632, 0.00321835489012, 0.00439329631627, 0.00402412237599, 0.00275225983933, 0.00303656049073, 0.000216628002818],
        "mean": [0.00470144255087, 0.012974370271, 0.00290727405809, 0.000611191964708, 0.00117614958435, 0.000739881070331, 0.00180198124144, 0.00359205133282, 0.00350248464383, 0.00127607106697, 0.000642393599264, 0.0008091374184, 0.000869561510626, 0.000540963199455, 0.000269390875474, 0.000171264502569, 0.000335082528181, 0.000200802111067, 0.000244503607973, 0.000197242814465, 8.61871085363e-05, 7.85696975072e-05, 6.33970557828e-05, 5.52875535504e-05, 5.13534942002e-05, 5.80216401431e-05, 2.18199852497e-06],
        "median": [0.000438223069068, 0.00393796619028, 0.000731575419195, 0.00011950393673, 0.000708550098352, 0.000238739536144, 0.000423513934948, 0.000521228066646, 0.000318043748848, 0.00019909736875, 0.000108903419459, 0.000153400236741, 0.000143247656524, 9.53809503699e-05, 5.8243105741e-05, 4.97372675454e-05, 0.00011255388381, 7.19650124665e-05, 0.000100065015431, 8.23294685688e-05, 2.66305196419e-05, 2.61754739768e-05, 1.7030572053e-05, 1.29039808598e-05, 6.40023154119e-06, 1.66999950579e-06, 1.95504035183e-09],
        "min": [5.22804785389e-24, 4.0844327286e-23, 9.46295848228e-24, 3.95096566759e-23, 4.55431930452e-23, 3.78531434382e-23, 1.36831205672e-23, 1.13345546457e-23, 5.93239241053e-23, 7.9253472512e-23, 9.25740641616e-23, 4.66957598484e-23, 1.22814712486e-22, 1.55361914367e-22, 1.94069501451e-22, 1.98090571609e-22, 2.29636450255e-22, 1.78408529889e-22, 3.28185574105e-22, 2.94906725822e-22, 4.35687600275e-22, 4.88392243011e-22, 4.9254909822e-22, 7.69546762984e-22, 1.22646125969e-21, 1.40607466417e-21, 2.75378079052e-21],
        "var": [0.000172356521944, 0.000543202681001, 3.539392128e-05, 1.6759159962e-06, 2.33616810874e-06, 4.45171872343e-06, 1.09864713522e-05, 5.7101227867e-05, 8.3066886873e-05, 1.6057951143e-05, 2.74570356851e-06, 3.44285172105e-06, 4.10545180785e-06, 2.00850831789e-06, 5.82838538321e-07, 1.6224760202e-07, 3.76646482891e-07, 1.44147890069e-07, 1.45166978882e-07, 1.07991652953e-07, 4.66522891429e-08, 3.8608536812e-08, 4.08063627333e-08, 2.58645567186e-08, 2.34151169565e-08, 6.65286705726e-08, 1.29324745357e-10]
    },
    "erbbands": {
        "dmean": [0.454738527536, 1.13949489594, 2.27603006363, 1.53984510899, 1.46657729149, 2.38384246826, 3.61892104149, 4.93169498444, 9.22458744049, 30.1356716156, 45.1489524841, 46.7315788269, 23.1358680725, 18.5048618317, 15.1636581421, 23.0523853302, 22.7821712494, 18.0376815796, 11.1419687271, 7.45145511627, 6.07144546509, 10.9614610672, 8.48980140686, 5.04311609268, 8.44571399689, 5.84260320663, 3.44804024696, 2.52606368065, 2.35736846924, 1.91784477234, 1.41965734959, 1.12484848499, 0.625285685062, 0.476195842028, 0.330618113279, 0.187932386994, 0.106026165187, 0.0202258173376, 0.000414787878981, 2.79978557955e-05],
        "dmean2": [0.798826932907, 1.89546382427, 3.89237070084, 2.7319021225, 2.4353260994, 3.95060443878, 5.77728652954, 7.8241519928, 14.4869155884, 45.8811302185, 67.0569534302, 67.3533554077, 36.616104126, 29.2438488007, 23.5708847046, 34.4602851868, 33.8171386719, 26.4813938141, 16.5983486176, 11.3531103134, 9.31346130371, 16.8041419983, 13.0260715485, 7.82579231262, 12.933095932, 9.27318477631, 5.54127025604, 4.2152762413, 3.81820082664, 3.15965747833, 2.30444169044, 1.80743205547, 0.978014945984, 0.750458955765, 0.500072360039, 0.282211005688, 0.148812010884, 0.0277625732124, 0.000570287404116, 4.29470492236e-05],
        "dvar": [1.34389567375, 6.14832878113, 35.6506996155, 16.4768943787, 6.15653133392, 26.2904319763, 91.3121337891, 320.783172607, 550.491516113, 3752.48901367, 10423.1923828, 16298.6308594, 8932.96972656, 2836.11010742, 1567.89733887, 3011.16333008, 3007.94140625, 2326.16015625, 990.061523438, 422.99621582, 192.911560059, 566.099914551, 271.314605713, 85.8767089844, 237.530715942, 146.374893188, 89.6751174927, 86.6927337646, 59.8360862732, 72.2766189575, 36.6693458557, 21.2353649139, 4.54429292679, 2.59614682198, 1.08645403385, 0.448891997337, 0.215158820152, 0.00928404089063, 3.279503062e-06, 3.40529293652e-09],
        "dvar2": [4.11040878296, 16.7607822418, 97.9848480225, 49.3530273438, 17.5343036652, 74.3931350708, 205.419494629, 746.1953125, 1292.25, 8461.34082031, 21215.5683594, 34695.7539062, 25543.7265625, 7544.90234375, 3965.69775391, 6504.76171875, 6071.73388672, 4675.76904297, 1989.06115723, 935.760925293, 410.867828369, 1225.08679199, 614.577270508, 194.576263428, 530.034606934, 371.021820068, 229.819625854, 237.045303345, 159.735610962, 202.663421631, 100.335670471, 57.7176017761, 11.3341550827, 6.39957904816, 2.43502736092, 0.943591952324, 0.374964028597, 0.0173435825855, 6.05770264883e-06, 7.06994374156e-09],
        "max": [11.3108053207, 59.9098243713, 117.751976013, 61.5944023132, 31.91954422, 100.46736145, 266.395355225, 504.20715332, 344.311859131, 1129.8059082, 1585.10266113, 2624.14916992, 3004.49072266, 1422.84411621, 842.373779297, 920.405578613, 1013.2734375, 986.682861328, 755.133422852, 628.494750977, 353.820159912, 580.82409668, 318.09866333, 207.085678101, 261.192260742, 281.235839844, 193.092895508, 168.875640869, 125.041419983, 187.043426514, 108.238761902, 136.99269104, 41.0830078125, 29.3499774933, 19.8099079132, 11.0122327805, 6.70708322525, 1.5654706955, 0.0290793590248, 0.000808675424196],
        "mean": [0.58946710825, 2.06541538239, 3.83435225487, 2.31894302368, 2.85871529579, 4.14532375336, 5.4274559021, 5.98569202423, 14.7493896484, 55.6749000549, 85.9300231934, 87.4453811646, 41.6053657532, 35.0740280151, 28.228181839, 38.3627052307, 40.9074554443, 30.46525383, 18.3692340851, 11.5225687027, 10.0009918213, 17.7163696289, 14.064447403, 8.67129135132, 13.9531316757, 9.48086452484, 4.84312963486, 2.90679979324, 2.8978164196, 2.36163210869, 1.72164392471, 1.4085444212, 0.749277114868, 0.53738451004, 0.384085744619, 0.202273651958, 0.116524241865, 0.021184431389, 0.000452240288723, 5.70660777157e-05],
        "median": [0.135886505246, 0.706081748009, 1.16928672791, 0.724961876869, 1.65376675129, 1.97259926796, 2.25250005722, 1.89371991158, 4.10213756561, 14.8428678513, 14.2690219879, 10.4386024475, 7.5829372406, 7.84513092041, 6.87493944168, 8.78539180756, 8.44471549988, 6.49321508408, 3.93092346191, 3.25378108025, 3.6667163372, 6.80998802185, 5.37009716034, 4.25503540039, 5.83174371719, 4.35601949692, 1.77082681656, 0.832173109055, 0.937622845173, 0.717119336128, 0.456411004066, 0.347374916077, 0.146290615201, 0.0595432370901, 0.0458847656846, 0.0128592019901, 0.0017066556029, 8.96223791642e-05, 2.57756764768e-05, 3.40886981576e-05],
        "min": [1.66906417874e-21, 7.07636938947e-21, 1.30190182792e-20, 8.34758039328e-20, 1.33265078085e-19, 1.69392592004e-19, 6.97358169705e-20, 3.1715270493e-19, 4.27436663496e-19, 1.78256594825e-19, 3.06305833858e-19, 1.76331476705e-18, 1.69664028737e-18, 3.04346382574e-18, 3.623442753e-18, 2.21597488161e-18, 6.28454854444e-18, 8.33570913657e-18, 1.13182817159e-17, 7.32716586599e-18, 1.34072452892e-17, 1.16651524611e-17, 8.16807105927e-18, 1.59805305558e-17, 1.65936533694e-17, 1.0580984203e-17, 1.9462944391e-17, 1.49767485368e-17, 1.90447169102e-17, 1.72824830614e-17, 1.4526017821e-17, 1.09151403551e-17, 1.59828152286e-17, 1.38030570026e-17, 9.57249139049e-18, 5.64683571915e-18, 2.35674799378e-18, 1.20169842221e-18, 3.81572445361e-19, 3.93074062198e-20],
        "var": [1.61707055569, 13.7069272995, 55.3340148926, 20.6450862885, 12.5353956223, 40.4242477417, 140.435211182, 421.011932373, 830.963562012, 10765.9189453, 33891.3320312, 52462.7539062, 17464.7597656, 9208.81640625, 4245.62939453, 6797.24902344, 7959.46533203, 5644.84814453, 2279.31420898, 716.055053711, 389.049346924, 1044.67675781, 519.326660156, 167.815200806, 460.014221191, 231.564575195, 101.364982605, 70.1200790405, 54.0850524902, 52.1287574768, 28.439163208, 17.634437561, 4.87303066254, 2.67275190353, 1.31011509895, 0.549677848816, 0.308223426342, 0.0123922256753, 4.49246635981e-06, 6.43947473122e-09]
    },
    "gfcc": {
        "mean": [-42.5127105713, 107.268341064, -132.676330566, 25.6745586395, -60.3786354065, 9.6711025238, -24.0129985809, 14.6330327988, -16.0911808014, 2.87864089012, -5.52236652374, -4.9549703598, -12.3775348663],
        "cov": [[7904.9375, -1863.53222656, 1025.96179199, 517.417053223, -14.3425064087, 908.354125977, 25.810710907, 953.443725586, 17.5614032745, 555.771179199, -96.9052047729, 344.289001465, -391.663360596], [-1863.53222656, 2700.63769531, 389.730255127, 582.925537109, 766.95904541, -290.498901367, 635.412475586, -306.756835938, 355.003082275, -307.469055176, 411.807952881, -225.418014526, 173.336914062], [1025.96179199, 389.730255127, 2008.55285645, 832.393066406, 596.057373047, 226.494354248, 142.33442688, 179.446273804, 5.34106969833, 261.859130859, 7.91554689407, 220.487823486, -89.061416626], [517.417053223, 582.925537109, 832.393066406, 971.832580566, 406.669799805, 92.4216308594, 138.62902832, 13.8600234985, 159.418441772, 46.6637611389, 137.518173218, 2.91592669487, 64.6877746582], [-14.3425064087, 766.95904541, 596.057373047, 406.669799805, 655.452514648, 19.0126590729, 246.745101929, 34.9957580566, 141.258758545, 20.3769512177, 59.4055404663, 16.0375709534, 31.0010757446], [908.354125977, -290.498901367, 226.494354248, 92.4216308594, 19.0126590729, 376.533813477, 60.4374923706, 173.604904175, 31.2216587067, 47.3386077881, -9.63562774658, 30.4707527161, -22.5438537598], [25.810710907, 635.412475586, 142.33442688, 138.62902832, 246.745101929, 60.4374923706, 483.575805664, 17.7478408813, 140.409896851, -70.3396987915, 128.085754395, -31.445646286, 3.56146383286], [953.443725586, -306.756835938, 179.446273804, 13.8600234985, 34.9957580566, 173.604904175, 17.7478408813, 295.358825684, -5.81122684479, 83.8516464233, -17.839969635, 63.1953239441, -52.0068092346], [17.5614032745, 355.003082275, 5.34106969833, 159.418441772, 141.258758545, 31.2216587067, 140.409896851, -5.81122684479, 264.250488281, -15.0613698959, 82.8320770264, -55.4659118652, 49.3842315674], [555.771179199, -307.469055176, 261.859130859, 46.6637611389, 20.3769512177, 47.3386077881, -70.3396987915, 83.8516464233, -15.0613698959, 219.99256897, -54.0617790222, 73.7984390259, -57.0185089111], [-96.9052047729, 411.807952881, 7.91554689407, 137.518173218, 59.4055404663, -9.63562774658, 128.085754395, -17.839969635, 82.8320770264, -54.0617790222, 225.77796936, -41.8771400452, 31.296546936], [344.289001465, -225.418014526, 220.487823486, 2.91592669487, 16.0375709534, 30.4707527161, -31.445646286, 63.1953239441, -55.4659118652, 73.7984390259, -41.8771400452, 164.829681396, -14.2094573975], [-391.663360596, 173.336914062, -89.061416626, 64.6877746582, 31.0010757446, -22.5438537598, 3.56146383286, -52.0068092346, 49.3842315674, -57.0185089111, 31.296546936, -14.2094573975, 181.663970947]],
        "icov": [[0.000312921241857, 0.000127596082166, 8.16849715193e-05, -0.000274728226941, 5.42067282367e-05, -0.000284279463813, -0.000108111518784, -0.00055374391377, -0.000103598540591, -0.000246958166827, -7.01764438418e-05, -0.000249355158303, 0.000433077570051], [0.000127596082166, 0.0019224131247, -0.000519858149346, 7.52473060857e-05, -0.00128139439039, 0.00112594757229, -0.00102696125396, 0.000629638205282, -0.000589438714087, 0.00130839191843, -0.00164480030071, 0.00130570877809, -0.000325683999108], [8.16849715193e-05, -0.000519858149346, 0.00161808240227, -0.00108219333924, -0.000392944493797, -0.000903210719116, 0.000171410632902, -0.000247033924097, 0.000787664146628, -0.00128590676468, 0.000506891985424, -0.00164730916731, 0.000897750491276], [-0.000274728226941, 7.52473060857e-05, -0.00108219333924, 0.00255400617607, -0.000633916060906, 0.00014881019888, 0.000385545572499, 0.000835727376398, -0.000667487736791, 0.000403509009629, -0.00104539794847, 0.00109458959196, -0.0011719429167], [5.42067282367e-05, -0.00128139439039, -0.000392944493797, -0.000633916060906, 0.00403413223103, -5.85826819588e-05, -0.000504577881657, -0.00119638524484, -0.000534245860763, -0.00077406107448, 0.00177788268775, -0.000739693583455, -0.000117562231026], [-0.000284279463813, 0.00112594757229, -0.000903210719116, 0.00014881019888, -5.85826819588e-05, 0.00520447827876, -0.00115584384184, -0.00130801834166, -0.000850225274917, 0.00141339295078, -0.00036288172123, 0.00156477058772, -0.00101931614336], [-0.000108111518784, -0.00102696125396, 0.000171410632902, 0.000385545572499, -0.000504577881657, -0.00115584384184, 0.00404619565234, -0.000207299148315, -0.000752360036131, 0.000563689391129, -0.000515774183441, -0.000859532272443, 0.000900623330381], [-0.00055374391377, 0.000629638205282, -0.000247033924097, 0.000835727376398, -0.00119638524484, -0.00130801834166, -0.000207299148315, 0.00685290805995, 4.07926818298e-05, -0.000100468394521, -0.00103005999699, -0.000185687036719, -8.52669327287e-05], [-0.000103598540591, -0.000589438714087, 0.000787664146628, -0.000667487736791, -0.000534245860763, -0.000850225274917, -0.000752360036131, 4.07926818298e-05, 0.00621249061078, -0.00169682828709, -0.000390386616345, 0.00107510050293, -0.00109507120214], [-0.000246958166827, 0.00130839191843, -0.00128590676468, 0.000403509009629, -0.00077406107448, 0.00141339295078, 0.000563689391129, -0.000100468394521, -0.00169682828709, 0.00862761586905, -0.000275643280474, -0.000448487175163, 0.000894331780728], [-7.01764438418e-05, -0.00164480030071, 0.000506891985424, -0.00104539794847, 0.00177788268775, -0.00036288172123, -0.000515774183441, -0.00103005999699, -0.000390386616345, -0.000275643280474, 0.00770146539435, -0.000618732301518, 5.00862443005e-05], [-0.000249355158303, 0.00130570877809, -0.00164730916731, 0.00109458959196, -0.000739693583455, 0.00156477058772, -0.000859532272443, -0.000185687036719, 0.00107510050293, -0.000448487175163, -0.000618732301518, 0.0104627953842, -0.0022047732491], [0.000433077570051, -0.000325683999108, 0.000897750491276, -0.0011719429167, -0.000117562231026, -0.00101931614336, 0.000900623330381, -8.52669327287e-05, -0.00109507120214, 0.000894331780728, 5.00862443005e-05, -0.0022047732491, 0.00785537622869]]
    },
    "melbands": {
        "dmean": [0.0030999428127, 0.00122241524514, 0.00026275755954, 0.000132490429678, 0.000119551841635, 0.000110788292659, 0.000160441923072, 0.000343827618053, 0.000385936058592, 0.000272982171737, 0.000113367888844, 8.01276401035e-05, 5.05461102875e-05, 5.59505606361e-05, 6.98001094861e-05, 4.39809882664e-05, 3.55275915354e-05, 2.07057455555e-05, 1.27652429001e-05, 9.13658732316e-06, 7.36656102163e-06, 1.07817550088e-05, 1.42347062138e-05, 5.12391625307e-06, 4.1102225623e-06, 6.76776562614e-06, 5.4339207054e-06, 3.87352292819e-06, 2.46462741416e-06, 1.76552930498e-06, 1.42066198805e-06, 1.48765570884e-06, 1.08903566343e-06, 1.08916788122e-06, 8.42387862576e-07, 7.90637557202e-07, 6.64476658585e-07, 4.57288621192e-07, 3.77742992441e-07, 4.32910013615e-07],
        "dmean2": [0.00543622672558, 0.00204801349901, 0.000459026341559, 0.000218140979996, 0.000191592393094, 0.000174827961018, 0.000249592383625, 0.000519859837368, 0.000570195028558, 0.000397754658479, 0.00018214971351, 0.000127154649817, 7.88061370258e-05, 8.67639100761e-05, 0.00010293538071, 6.64586041239e-05, 5.27235606569e-05, 3.11306539515e-05, 1.98418438231e-05, 1.43717988976e-05, 1.15238017315e-05, 1.6759193386e-05, 2.18725599552e-05, 8.32678233564e-06, 6.48043624096e-06, 1.03948596006e-05, 8.54158406582e-06, 6.2540352701e-06, 3.9771093725e-06, 2.9421362342e-06, 2.40185340772e-06, 2.44694228968e-06, 1.75681645942e-06, 1.82660221526e-06, 1.37496954267e-06, 1.29884290345e-06, 1.05125309346e-06, 7.21383344171e-07, 5.97160919824e-07, 6.86979717557e-07],
        "dvar": [5.64767979085e-05, 8.69464201969e-06, 4.09999984186e-07, 6.20006659346e-08, 8.24485866247e-08, 1.43415718412e-07, 1.36537110507e-07, 4.66034435931e-07, 7.41264159387e-07, 5.90403999468e-07, 2.33987918818e-07, 5.51439782726e-08, 1.83684072397e-08, 1.92914679786e-08, 2.63023096636e-08, 1.17107958886e-08, 9.53692325112e-09, 3.6341383236e-09, 1.87919124706e-09, 6.29388097195e-10, 2.99801572456e-10, 6.35636210333e-10, 7.83316078667e-10, 1.44673065194e-10, 6.27854157553e-11, 1.63009050702e-10, 1.13480468078e-10, 7.35665695029e-11, 4.74587556754e-11, 2.85206944867e-11, 3.21981295792e-11, 2.32010573947e-11, 1.62842014179e-11, 2.71518849071e-11, 1.26319545102e-11, 1.23526093868e-11, 5.91985531775e-12, 2.26510650514e-12, 1.73461201999e-12, 2.20099763068e-12],
        "dvar2": [0.00017106445739, 2.35434526985e-05, 1.21941423004e-06, 1.78528722472e-07, 1.9061710077e-07, 3.32497137379e-07, 3.0596288525e-07, 1.04754121821e-06, 1.50575681346e-06, 1.30446517232e-06, 6.68159771067e-07, 1.48864018001e-07, 4.74892729585e-08, 4.84324438332e-08, 5.42728599839e-08, 2.53186662746e-08, 1.93745464117e-08, 7.37392724659e-09, 4.42841674442e-09, 1.43723022372e-09, 6.78330447368e-10, 1.38969480368e-09, 1.70676839328e-09, 3.47579853788e-10, 1.46097176024e-10, 3.58591989436e-10, 2.73557010377e-10, 1.87930740414e-10, 1.22520993351e-10, 7.55159476618e-11, 8.94252658035e-11, 6.22384019322e-11, 4.4117456216e-11, 7.71691946455e-11, 3.44961038901e-11, 3.41949593641e-11, 1.57186746258e-11, 5.59021622396e-12, 4.37079539228e-12, 5.47457435288e-12],
        "max": [0.0747957527637, 0.062120705843, 0.00998093839735, 0.00460528908297, 0.00722089642659, 0.00997299142182, 0.00497710891068, 0.0137330824509, 0.0138017199934, 0.0170918870717, 0.0151727413759, 0.00572779355571, 0.00294424826279, 0.00253475969657, 0.00253266026266, 0.00206384365447, 0.00200601341203, 0.00159442552831, 0.00108605460264, 0.000877283280715, 0.000358427787432, 0.000655156502035, 0.00051803374663, 0.000284635229036, 0.000190195423784, 0.000193423140445, 0.000205381249543, 0.00022750782955, 0.000179886905244, 6.97087161825e-05, 0.000104779945104, 8.58322382555e-05, 8.80345905898e-05, 0.000133138804813, 7.28605591576e-05, 0.000102926809632, 6.55194526189e-05, 2.78398947557e-05, 2.4384853532e-05, 2.7751106245e-05],
        "mean": [0.00452972296625, 0.00225678621791, 0.000436644593719, 0.000260964210611, 0.000187271856703, 0.000133896930492, 0.000260424567387, 0.000639052595943, 0.000743674754631, 0.000492760213092, 0.000195411150344, 0.000144988225657, 8.92611424206e-05, 8.97305872058e-05, 0.000113920148578, 6.81229066686e-05, 5.64315851079e-05, 3.11417934427e-05, 1.75006080099e-05, 1.32982286232e-05, 1.1167615412e-05, 1.60207255249e-05, 2.20572037506e-05, 7.48570164433e-06, 6.37510083834e-06, 1.06845009213e-05, 8.55741927808e-06, 5.79598190598e-06, 3.36836910719e-06, 2.01758939511e-06, 1.53312134898e-06, 1.7231466245e-06, 1.39631913498e-06, 1.26086990804e-06, 9.95112486635e-07, 9.25274662222e-07, 8.28630675187e-07, 5.43165356248e-07, 4.22029330593e-07, 4.67662545134e-07],
        "median": [0.00118528585881, 0.000833088706713, 0.000178080896148, 0.000149599043652, 8.69950163178e-05, 3.96236791858e-05, 6.46469998173e-05, 0.000153175904416, 8.79475483089e-05, 4.94529922435e-05, 2.48343712883e-05, 2.66485949396e-05, 1.74016749952e-05, 1.81904397323e-05, 2.04021853278e-05, 1.33055109472e-05, 9.59861245065e-06, 5.53682002646e-06, 3.94037942897e-06, 3.9536685108e-06, 3.67740631191e-06, 5.67406004848e-06, 6.94546952218e-06, 2.80994663626e-06, 2.6251991585e-06, 3.88673379348e-06, 3.50077675648e-06, 2.36594314629e-06, 1.09156326289e-06, 5.51221262413e-07, 3.8014366055e-07, 5.23180460732e-07, 4.43365593128e-07, 3.50192067344e-07, 2.39574546868e-07, 2.18958433607e-07, 1.94886837335e-07, 1.13238954214e-07, 3.55597862267e-08, 4.78197854648e-08],
        "min": [1.29058030636e-23, 7.31227200802e-24, 1.52741015517e-23, 1.14220842852e-23, 3.48466170347e-24, 7.85635884068e-24, 6.17110976683e-24, 2.23208705892e-24, 3.23875877096e-24, 1.04253956079e-23, 8.34682995306e-24, 1.22049616805e-23, 1.35073181813e-23, 6.7136125668e-24, 9.72707226879e-24, 1.25836835459e-23, 1.45221719586e-23, 1.86259904707e-23, 9.55259043606e-24, 1.31768170164e-23, 1.58151938684e-23, 1.34860299809e-23, 8.19076328929e-24, 6.75925053675e-24, 1.39218488098e-23, 1.27123869914e-23, 1.08097467847e-23, 6.15555776852e-24, 1.1431715488e-23, 1.2935484744e-23, 6.662166214e-24, 1.11755597303e-23, 9.05574532756e-24, 9.15979686982e-24, 8.40401290236e-24, 7.24218881634e-24, 6.1842766442e-24, 1.02470459902e-23, 1.21010552886e-23, 1.16063834919e-23],
        "var": [7.96569584054e-05, 1.64072407642e-05, 5.61948638733e-07, 1.19710193758e-07, 1.28583522496e-07, 1.89891338209e-07, 2.38872075897e-07, 1.4284506733e-06, 2.45548017119e-06, 1.74438719114e-06, 4.50268288432e-07, 1.72026872747e-07, 4.73405954438e-08, 4.13991863013e-08, 6.12447621506e-08, 2.39087434295e-08, 2.3313543096e-08, 7.71015873369e-09, 2.56582088909e-09, 1.13750164843e-09, 5.10423814326e-10, 1.05264974515e-09, 1.60046209619e-09, 2.11443335063e-10, 1.1436787628e-10, 3.21997928321e-10, 1.96990618262e-10, 1.08820660816e-10, 5.26902688147e-11, 2.71856200745e-11, 2.39667886232e-11, 2.02340678934e-11, 1.37461656641e-11, 1.84334214559e-11, 9.90374709325e-12, 9.08795955157e-12, 5.50991240481e-12, 2.52708748025e-12, 1.76397340745e-12, 2.1629913572e-12]
    },
    "mfcc": {
        "mean": [-681.065917969, 132.986480713, -11.5612258911, 19.5270786285, -7.44995832443, -0.429518461227, 2.63285923004, 8.32074356079, -4.43540239334, 9.44491291046, 5.97125387192, 7.45534133911, 2.5439593792],
        "cov": [[6306.10546875, -1168.63708496, 187.164596558, 103.861236572, 72.8540878296, 186.234130859, 181.988464355, 418.66192627, 208.143997192, 365.532867432, 243.256958008, 356.363372803, 299.247283936], [-1168.63708496, 1595.05041504, 180.467971802, 518.896728516, 233.763259888, 153.591125488, 237.456222534, 170.707870483, -5.90797281265, 78.613319397, 74.4740371704, 72.3240203857, 96.2679519653], [187.164596558, 180.467971802, 1308.44274902, 645.112060547, 450.647155762, 291.984039307, 246.920196533, 70.9219207764, 105.346290588, -0.0410213731229, 38.5519790649, 160.112197876, 211.232589722], [103.861236572, 518.896728516, 645.112060547, 976.325744629, 444.451263428, 265.554748535, 170.643447876, 81.3041534424, 70.3639450073, 84.0197067261, 27.6135559082, 110.71219635, 195.278427124], [72.8540878296, 233.763259888, 450.647155762, 444.451263428, 525.070861816, 166.382644653, 90.0174865723, 59.1829986572, 102.027534485, 69.5100326538, 14.6010875702, 25.2324199677, 120.725120544], [186.234130859, 153.591125488, 291.984039307, 265.554748535, 166.382644653, 295.835876465, 94.7572402954, 78.6334915161, 93.3576507568, 68.4499282837, 36.6542205811, 43.0508956909, 59.1822853088], [181.988464355, 237.456222534, 246.920196533, 170.643447876, 90.0174865723, 94.7572402954, 303.387939453, 147.943359375, 47.2992973328, 40.0949172974, 40.4536247253, 83.0866317749, 83.691116333], [418.66192627, 170.707870483, 70.9219207764, 81.3041534424, 59.1829986572, 78.6334915161, 147.943359375, 275.275054932, 55.6336174011, 76.3159332275, 47.6999778748, 54.7095909119, 64.7548980713], [208.143997192, -5.90797281265, 105.346290588, 70.3639450073, 102.027534485, 93.3576507568, 47.2992973328, 55.6336174011, 228.390411377, 43.2516937256, 9.73426246643, -6.98977279663, 52.711856842], [365.532867432, 78.613319397, -0.0410213731229, 84.0197067261, 69.5100326538, 68.4499282837, 40.0949172974, 76.3159332275, 43.2516937256, 179.726593018, 52.1245727539, 52.6405830383, 34.4264564514], [243.256958008, 74.4740371704, 38.5519790649, 27.6135559082, 14.6010875702, 36.6542205811, 40.4536247253, 47.6999778748, 9.73426246643, 52.1245727539, 148.513778687, 77.0161361694, 12.9359960556], [356.363372803, 72.3240203857, 160.112197876, 110.71219635, 25.2324199677, 43.0508956909, 83.0866317749, 54.7095909119, -6.98977279663, 52.6405830383, 77.0161361694, 203.311950684, 66.0050048828], [299.247283936, 96.2679519653, 211.232589722, 195.278427124, 120.725120544, 59.1822853088, 83.691116333, 64.7548980713, 52.711856842, 34.4264564514, 12.9359960556, 66.0050048828, 182.427612305]],
