{
"lowlevel": {
    "average_loudness": 0.793849349022,
    "barkbands_crest": {
        "dmean": 2.99947834015,
        "dmean2": 4.93862247467,
        "dvar": 6.29613637924,
        "dvar2": 15.8694181442,
        "max": 26.5800209045,
        "mean": 10.8434209824,
        "median": 10.140835762,
        "min": 2.7353682518,
        "var": 18.5141792297
    },
    "barkbands_flatness_db": {
        "dmean": 0.0289692673832,
        "dmean2": 0.0463700070977,
        "dvar": 0.000796765147243,
        "dvar2": 0.00190980825573,
        "max": 0.768191277981,
        "mean": 0.182445049286,
        "median": 0.169829368591,
        "min": 0.0325769335032,
        "var": 0.00579413771629
    },
    "barkbands_kurtosis": {
        "dmean": 4.26193237305,
        "dmean2": 7.22637033463,
        "dvar": 128.132522583,
        "dvar2": 350.356964111,
        "max": 254.202209473,
        "mean": 5.13453197479,
        "median": 1.38458824158,
        "min": -1.87629425526,
        "var": 188.451889038
    },
    "barkbands_skewness": {
        "dmean": 0.686549603939,
        "dmean2": 1.12232339382,
        "dvar": 0.654268145561,
        "dvar2": 1.76573634148,
        "max": 13.0719261169,
        "mean": 1.37671661377,
        "median": 1.13748526573,
        "min": -2.94734740257,
        "var": 2.37008571625
    },
    "barkbands_spread": {
        "dmean": 5.2611784935,
        "dmean2": 8.56972980499,
        "dvar": 41.7566337585,
        "dvar2": 101.620613098,
        "max": 113.091148376,
        "mean": 19.2737560272,
        "median": 17.2404060364,
        "min": 0.137255504727,
        "var": 152.491989136
    },
    "dissonance": {
        "dmean": 0.0233856942505,
        "dmean2": 0.0400866307318,
        "dvar": 0.000578437524382,
        "dvar2": 0.00159731111489,
        "max": 0.5,
        "mean": 0.462084710598,
        "median": 0.471595257521,
        "min": 0.218868374825,
        "var": 0.00113165460061
    },
    "dynamic_complexity": 4.40250921249,
    "erbbands_crest": {
        "dmean": 3.35980582237,
        "dmean2": 5.4463019371,
        "dvar": 8.91254615784,
        "dvar2": 21.4999752045,
        "max": 32.4053955078,
        "mean": 11.5776109695,
        "median": 10.499373436,
        "min": 2.4373061657,
        "var": 32.3004875183
    },
    "erbbands_flatness_db": {
        "dmean": 0.0204695723951,
        "dmean2": 0.0300012212247,
        "dvar": 0.000358144578058,
        "dvar2": 0.00070811988553,
        "max": 0.455113947392,
        "mean": 0.204212248325,
        "median": 0.199881240726,
        "min": 0.0446540676057,
        "var": 0.00397210009396
    },
    "erbbands_kurtosis": {
        "dmean": 1.39610671997,
        "dmean2": 2.21672034264,
        "dvar": 4.60475349426,
        "dvar2": 10.2777719498,
        "max": 91.6081008911,
        "mean": 1.66616868973,
        "median": 0.606420278549,
        "min": -1.78817236423,
        "var": 15.6973524094
    },
    "erbbands_skewness": {
        "dmean": 0.445633649826,
        "dmean2": 0.695205688477,
        "dvar": 0.168145909905,
        "dvar2": 0.395147293806,
        "max": 8.06159877777,
        "mean": 0.351096540689,
        "median": 0.262968599796,
        "min": -4.09296655655,
        "var": 0.910756587982
    },
    "erbbands_spread": {
        "dmean": 6.25064229965,
        "dmean2": 9.69341754913,
        "dvar": 53.6000747681,
        "dvar2": 121.20627594,
        "max": 137.915618896,
        "mean": 26.6846790314,
        "median": 23.0959300995,
        "min": 2.32418966293,
        "var": 263.815948486
    },
    "hfc": {
        "dmean": 5.01970243454,
        "dmean2": 7.77669906616,
        "dvar": 51.6754760742,
        "dvar2": 131.964996338,
        "max": 160.416671753,
        "mean": 18.5535926819,
        "median": 11.9896097183,
        "min": 1.13971830004e-16,
        "var": 337.249359131
    },
    "melbands_crest": {
        "dmean": 4.47511005402,
        "dmean2": 7.71721363068,
        "dvar": 16.4050445557,
        "dvar2": 49.0455856323,
        "max": 39.6016120911,
        "mean": 16.7713794708,
        "median": 15.081735611,
        "min": 1.92219293118,
        "var": 55.2826271057
    },
    "melbands_flatness_db": {
        "dmean": 0.0334891416132,
        "dmean2": 0.0536076799035,
        "dvar": 0.00111136259511,
        "dvar2": 0.00250880932435,
        "max": 0.95050239563,
        "mean": 0.234919220209,
        "median": 0.216206997633,
        "min": 0.00538993021473,
        "var": 0.00867749191821
    },
    "melbands_kurtosis": {
        "dmean": 9.58524990082,
        "dmean2": 16.5688095093,
        "dvar": 904.308288574,
        "dvar2": 2875.57714844,
        "max": 737.380493164,
        "mean": 13.05651474,
        "median": 4.43543052673,
        "min": -1.81203210354,
        "var": 1159.26696777
    },
    "melbands_skewness": {
        "dmean": 0.901974797249,
        "dmean2": 1.48171424866,
        "dvar": 1.35783982277,
        "dvar2": 3.83149886131,
        "max": 22.0181751251,
        "mean": 2.25377964973,
        "median": 1.88312995434,
        "min": -1.716132164,
        "var": 4.48674488068
    },
    "melbands_spread": {
        "dmean": 6.80342006683,
        "dmean2": 10.9889707565,
        "dvar": 71.0487747192,
        "dvar2": 153.292678833,
        "max": 205.657241821,
        "mean": 23.3742733002,
        "median": 19.4258403778,
        "min": 0.0924039706588,
        "var": 307.999755859
    },
    "pitch_salience": {
        "dmean": 0.0838119536638,
        "dmean2": 0.140558838844,
        "dvar": 0.00569146033376,
        "dvar2": 0.0150390034541,
        "max": 0.922278344631,
        "mean": 0.5036252141,
        "median": 0.50496762991,
        "min": 0.0185923222452,
        "var": 0.0216991566122
    },
    "silence_rate_20dB": {
        "dmean": 0,
        "dmean2": 0,
        "dvar": 0,
        "dvar2": 0,
        "max": 1,
        "mean": 1,
        "median": 1,
        "min": 1,
        "var": 0
    },
    "silence_rate_30dB": {
        "dmean": 0.00828661955893,
        "dmean2": 0.0165752582252,
        "dvar": 0.00821794383228,
        "dvar2": 0.0202004984021,
        "max": 1,
        "mean": 0.992201805115,
        "median": 1,
        "min": 0,
        "var": 0.00773755647242
    },
    "silence_rate_60dB": {
        "dmean": 0.0307092368603,
        "dmean2": 0.0614259615541,
        "dvar": 0.0297687873244,
        "dvar2": 0.0693611577153,
        "max": 1,
        "mean": 0.110515415668,
        "median": 0,
        "min": 0,
        "var": 0.0982959866524
    },
    "spectral_centroid": {
        "dmean": 221.605636597,
        "dmean2": 345.951293945,
        "dvar": 83870.9296875,
        "dvar2": 175117.3125,
        "max": 11405.8779297,
        "mean": 1358.78039551,
        "median": 1279.41479492,
        "min": 92.8293762207,
        "var": 435877.53125
    },
    "spectral_complexity": {
        "dmean": 3.03460884094,
        "dmean2": 4.92078018188,
        "dvar": 11.9892578125,
        "dvar2": 27.5851802826,
        "max": 49,
        "mean": 15.3967342377,
        "median": 15,
        "min": 0,
        "var": 77.0086212158
    },
    "spectral_decrease": {
        "dmean": 2.64217314694e-09,
        "dmean2": 4.48955939092e-09,
        "dvar": 1.2063032126e-17,
        "dvar2": 3.40547511948e-17,
        "max": 1.24171372047e-28,
        "mean": -7.1252443945e-09,
        "median": -5.82997028431e-09,
        "min": -5.37704707426e-08,
        "var": 3.87816086308e-17
    },
    "spectral_energy": {
        "dmean": 0.0102846743539,
        "dmean2": 0.0174302700907,
        "dvar": 0.00017841772933,
        "dvar2": 0.000501813541632,
        "max": 0.210976406932,
        "mean": 0.0285751894116,
        "median": 0.0234163962305,
        "min": 1.01326159603e-20,
        "var": 0.000608460337389
    },
    "spectral_energyband_high": {
        "dmean": 0.000166010053363,
        "dmean2": 0.000262746878434,
        "dvar": 1.68830183611e-07,
        "dvar2": 4.2443662096e-07,
        "max": 0.0071111577563,
        "mean": 0.00034186852281,
        "median": 0.000178231246537,
        "min": 6.9613315076e-21,
        "var": 2.80150658227e-07
    },
    "spectral_energyband_low": {
        "dmean": 0.00756085477769,
        "dmean2": 0.0132367322221,
        "dvar": 0.000147209182614,
        "dvar2": 0.000423004210461,
        "max": 0.152279183269,
        "mean": 0.0125331664458,
        "median": 0.00782798230648,
        "min": 2.06991611058e-23,
        "var": 0.000251191610005
    },
    "spectral_energyband_middle_high": {
        "dmean": 0.00287013989873,
        "dmean2": 0.004536265973,
        "dvar": 3.20250546793e-05,
        "dvar2": 8.55777907418e-05,
        "max": 0.112627893686,
        "mean": 0.00871680956334,
        "median": 0.00326483859681,
        "min": 1.29707100025e-21,
        "var": 0.000159329167218
    },
    "spectral_energyband_middle_low": {
        "dmean": 0.00369535107166,
        "dmean2": 0.00608995789662,
        "dvar": 4.21594158979e-05,
        "dvar2": 0.000109033397166,
        "max": 0.191238865256,
        "mean": 0.00737936561927,
        "median": 0.00467969337478,
        "min": 2.30288289176e-22,
        "var": 7.74405343691e-05
    },
    "spectral_entropy": {
        "dmean": 0.16710279882,
        "dmean2": 0.250555545092,
        "dvar": 0.0307173877954,
        "dvar2": 0.0609836652875,
        "max": 9.81464576721,
        "mean": 7.39204359055,
        "median": 7.4156961441,
        "min": 4.29880189896,
        "var": 0.215824991465
    },
    "spectral_flux": {
        "dmean": 0.0257113073021,
        "dmean2": 0.0401689447463,
        "dvar": 0.000693114183377,
        "dvar2": 0.00156273425091,
        "max": 0.336792707443,
        "mean": 0.0948187336326,
        "median": 0.0885924994946,
        "min": 6.53024925801e-11,
        "var": 0.00300348876044
    },
    "spectral_kurtosis": {
        "dmean": 2.8302192688,
        "dmean2": 4.72323846817,
        "dvar": 66.9682159424,
        "dvar2": 163.058700562,
        "max": 380.956268311,
        "mean": 7.02648830414,
        "median": 5.09066009521,
        "min": -1.41087949276,
        "var": 209.992218018
    },
    "spectral_rms": {
        "dmean": 0.00089678337099,
        "dmean2": 0.00150003423914,
        "dvar": 8.4518848098e-07,
        "dvar2": 2.33865262089e-06,
        "max": 0.0143467988819,
        "mean": 0.00474307313561,
        "median": 0.00477967178449,
        "min": 3.14411821231e-12,
        "var": 5.38165477337e-06
    },
    "spectral_rolloff": {
        "dmean": 361.749206543,
        "dmean2": 617.871704102,
        "dvar": 448358.21875,
        "dvar2": 1021952.5,
        "max": 19487.5488281,
        "mean": 1266.89245605,
        "median": 1055.12695312,
        "min": 21.533203125,
        "var": 1367497.875
    },
    "spectral_skewness": {
        "dmean": 0.285090684891,
        "dmean2": 0.467301696539,
        "dvar": 0.150899335742,
        "dvar2": 0.351016998291,
        "max": 16.7942314148,
        "mean": 1.72168970108,
        "median": 1.59701883793,
        "min": -0.0798990353942,
        "var": 0.781934261322
    },
    "spectral_spread": {
        "dmean": 417176.3125,
        "dmean2": 611723.6875,
        "dvar": 593472585728,
        "dvar2": 1.10771122995e+12,
        "max": 41926296,
        "mean": 3575894.25,
        "median": 3301073.25,
        "min": 401084.90625,
        "var": 3.0573592576e+12
    },
    "spectral_strongpeak": {
        "dmean": 0.742926955223,
        "dmean2": 1.28710865974,
        "dvar": 1.63679373264,
        "dvar2": 4.3187789917,
        "max": 12.391497612,
        "mean": 1.11348640919,
        "median": 0.337802052498,
        "min": 0,
        "var": 3.00551056862
    },
    "zerocrossingrate": {
        "dmean": 0.00741269951686,
        "dmean2": 0.0090899458155,
        "dvar": 0.000124200814753,
        "dvar2": 0.000154246197781,
        "max": 0.6298828125,
        "mean": 0.0485530160367,
        "median": 0.04638671875,
        "min": 0.0009765625,
        "var": 0.000951260968577
    },
    "barkbands": {
        "dmean": [0.00220570946112, 0.00524203199893, 0.00200190814212, 0.00125293619931, 0.000976287410595, 0.000716357608326, 0.000474014988868, 0.000469955237349, 0.000954380724579, 0.0017810142599, 0.000774744607043, 0.000587812508456, 0.000327265501255, 0.000471635808935, 0.000576849328354, 0.000349375710357, 0.000285586749669, 0.000160157796927, 0.000187983852811, 7.25541758584e-05, 6.67963395244e-05, 3.14252611133e-05, 2.64197533397e-05, 2.20472229557e-05, 1.40919009937e-05, 4.29357805842e-06, 1.12472982039e-07],
        "dmean2": [0.00411372119561, 0.0088703231886, 0.0034523117356, 0.00222617038526, 0.00166641559917, 0.00111097702757, 0.000772195111495, 0.000740833056625, 0.00152712618001, 0.00288053788245, 0.00121905386914, 0.000936990603805, 0.000536412000656, 0.000734555942472, 0.000926174863707, 0.000538684427738, 0.000458672438981, 0.00024820730323, 0.000293399003567, 0.000119480049761, 0.000110174478323, 5.17215266882e-05, 4.27049853897e-05, 3.38306090271e-05, 2.15466316149e-05, 6.56448037262e-06, 1.92110249486e-07],
        "dvar": [2.31654958043e-05, 8.50525320857e-05, 2.40233530349e-05, 1.27179209812e-05, 5.23638664163e-06, 3.69548888557e-06, 2.00388944904e-06, 2.15269301407e-06, 5.46124374523e-06, 2.67059567705e-05, 5.25325322087e-06, 3.64415086551e-06, 1.16377225368e-06, 1.69324698618e-06, 2.93283892461e-06, 9.38921346005e-07, 5.53109771317e-07, 1.41163425837e-07, 1.44324388884e-07, 2.10234674114e-08, 2.50789415901e-08, 9.21216081196e-09, 8.17411294207e-09, 4.87529261406e-09, 3.3252824938e-09, 3.34221733622e-10, 6.43133712518e-13],
        "dvar2": [7.54381908337e-05, 0.000224134462769, 6.65692787152e-05, 3.56606178684e-05, 1.43414290505e-05, 7.68139398133e-06, 4.38869483332e-06, 4.78077254229e-06, 1.31805354613e-05, 7.05011407263e-05, 1.10650789793e-05, 8.88865451998e-06, 2.77487697531e-06, 3.90461354982e-06, 7.47919739297e-06, 1.90284299606e-06, 1.35113100441e-06, 3.07827434654e-07, 3.2166587971e-07, 5.47232730241e-08, 6.65655619514e-08, 2.34994548265e-08, 2.0364160136e-08, 9.5276924128e-09, 6.81566758587e-09, 7.32124305625e-10, 1.68213446644e-12],
        "max": [0.0580640137196, 0.123916886747, 0.0689916610718, 0.0677388980985, 0.0298364683986, 0.0546559952199, 0.0564472824335, 0.0426176860929, 0.0508770979941, 0.106561437249, 0.0721162259579, 0.0549449622631, 0.0354408361018, 0.0291983950883, 0.0604876689613, 0.0176949892193, 0.0114202555269, 0.018308352679, 0.00825979560614, 0.00259007327259, 0.003347058082, 0.00186047679745, 0.00205301586539, 0.00301537592895, 0.00159907678608, 0.000640848011244, 3.72633621737e-05],
        "mean": [0.00231255847029, 0.00780338700861, 0.00240820576437, 0.00126319669653, 0.00130232097581, 0.00126537715551, 0.00070409005275, 0.000640900339931, 0.00147196929902, 0.00296432245523, 0.00116801692639, 0.000998741015792, 0.000509203819092, 0.000746150151826, 0.000960499164648, 0.000501042872202, 0.000451405328931, 0.000315196462907, 0.000387631473131, 0.00013184468844, 0.000114030779514, 4.78395086247e-05, 4.03917256335e-05, 3.90876448364e-05, 2.23653169087e-05, 5.29605949851e-06, 8.97221781315e-08],
        "median": [0.000126450846437, 0.00404744036496, 0.000652300368529, 0.000291648088023, 0.000453068438219, 0.000359159748768, 0.000220647038077, 0.000227600350627, 0.000464732060209, 0.000365586369298, 0.00021015079983, 0.000176264555193, 0.000174260378117, 0.000140205433127, 0.000169407125213, 0.000113970527309, 8.99908191059e-05, 8.91749659786e-05, 0.000112737521704, 6.83485195623e-05, 4.52980930277e-05, 1.20493141367e-05, 1.14466920422e-05, 1.51413578351e-05, 6.13827887719e-06, 5.63498872452e-07, 1.36596800537e-09],
        "min": [1.73093122001e-24, 5.32627484165e-24, 3.48118105194e-25, 7.34491033911e-24, 1.58686391947e-23, 2.80611802602e-23, 1.51447441405e-23, 1.37803082307e-23, 3.98276401959e-23, 2.97290278514e-23, 3.46951281308e-23, 6.90980748041e-23, 3.71093959105e-23, 4.85543950272e-23, 7.6528431401e-23, 9.66267897305e-23, 1.36662805957e-22, 1.29090574304e-22, 1.25784590779e-22, 2.61627599861e-22, 2.8298437435e-22, 4.24832823732e-22, 4.31928987295e-22, 6.18646936197e-22, 7.43895985085e-22, 1.44478079975e-21, 2.14831850946e-21],
        "var": [2.73894620477e-05, 0.00013580484665, 2.17074066313e-05, 1.0070274584e-05, 5.90818626733e-06, 1.12011566671e-05, 4.24764675699e-06, 3.06046104015e-06, 1.05030685518e-05, 6.60267178318e-05, 1.02013118521e-05, 9.65104754869e-06, 2.34614140027e-06, 3.90485092794e-06, 6.4217056206e-06, 1.79347978246e-06, 1.12501049898e-06, 4.98290944506e-07, 4.72482497571e-07, 3.55795002349e-08, 3.49128121968e-08, 1.35288678038e-08, 1.19298944057e-08, 9.95898297163e-09, 5.70207259187e-09, 4.58326709918e-10, 5.01943593027e-13]
    },
    "erbbands": {
        "dmean": [0.236268013716, 1.00388932228, 2.23899888992, 3.06045675278, 3.82414197922, 3.17620921135, 3.69468355179, 7.25439310074, 7.25074958801, 6.62144947052, 11.3993778229, 22.4280700684, 37.7112236023, 54.6608047485, 21.2684402466, 25.1721134186, 15.169754982, 18.8138103485, 32.6298522949, 15.4592399597, 18.1929645538, 11.2715854645, 7.92749261856, 10.5399360657, 5.67028331757, 3.3206577301, 3.22091627121, 1.98731684685, 1.15655171871, 0.902010917664, 0.727645814419, 0.545625209808, 0.328627943993, 0.18060554564, 0.0901852175593, 0.026224732399, 0.00657961145043, 0.000890330062248, 2.65397320618e-05, 1.19729620565e-05],
        "dmean2": [0.412120312452, 1.63814175129, 3.80513834953, 5.2054901123, 6.84639692307, 5.32626056671, 5.88867521286, 11.1318120956, 11.5334692001, 10.5979042053, 18.0361232758, 35.588344574, 59.526599884, 89.2437362671, 32.6057777405, 39.8358230591, 24.1348075867, 29.3161125183, 51.7626571655, 24.2365264893, 26.934715271, 17.8904476166, 12.0173559189, 16.5478191376, 8.83922863007, 5.46218681335, 5.24389028549, 3.30332326889, 1.92150938511, 1.47927677631, 1.16376638412, 0.853027224541, 0.497823566198, 0.281693905592, 0.135682344437, 0.0404154919088, 0.010021854192, 0.00138945621438, 4.24751124228e-05, 2.01717502932e-05],
        "dvar": [0.229643777013, 3.93836641312, 30.3729686737, 59.5269241333, 122.937225342, 54.4260292053, 60.1891746521, 490.601287842, 482.807769775, 382.528381348, 1240.0390625, 2937.98779297, 11550.6796875, 32319.7285156, 2023.41918945, 7551.921875, 2102.09277344, 2949.87280273, 9809.0703125, 1389.72338867, 2920.4831543, 809.253845215, 455.709320068, 492.507019043, 111.160125732, 45.6934356689, 38.8358345032, 38.6159744263, 12.2007398605, 9.6556558609, 5.89848279953, 2.71515750885, 1.46884274483, 0.501020491123, 0.165967330337, 0.0145586514845, 0.000742747215554, 1.36024991662e-05, 2.65817501344e-08, 2.41118014443e-10],
        "dvar2": [0.674541294575, 9.62115764618, 81.2042388916, 163.860397339, 347.138824463, 143.773727417, 138.196884155, 970.593688965, 1059.34484863, 892.558410645, 2764.05102539, 7051.99121094, 26139.5, 88292.0703125, 4112.47607422, 18363.7773438, 5021.58740234, 7086.38964844, 24353.8671875, 2994.58422852, 5881.82421875, 1932.53112793, 903.484985352, 1143.51599121, 254.154434204, 121.332252502, 98.3821868896, 105.595230103, 31.5319824219, 24.0935230255, 14.0572338104, 5.73091650009, 2.91633033752, 1.04606425762, 0.338049411774, 0.031307157129, 0.00163085886743, 3.1566592952e-05, 6.79606344534e-08, 6.70701938432e-10],
        "max": [6.7827835083, 25.7802639008, 77.9399795532, 110.237251282, 216.794692993, 137.282485962, 164.447647095, 625.329650879, 1157.83776855, 592.799499512, 1056.10009766, 1414.37145996, 2547.43115234, 4239.07421875, 1166.52490234, 2613.76855469, 1750.89562988, 1295.82971191, 3350.43554688, 944.344909668, 1201.95458984, 586.256408691, 1267.73803711, 602.577636719, 208.412536621, 137.710006714, 111.147346497, 159.176025391, 59.4431877136, 63.3040313721, 71.3991622925, 53.3218994141, 66.2887115479, 18.7786235809, 14.3671827316, 4.28711366653, 1.04621481895, 0.113123692572, 0.00890746898949, 0.000295267731417],
        "mean": [0.305703490973, 1.44197523594, 2.74078440666, 3.84391856194, 3.92465877533, 4.4637465477, 6.09007930756, 12.3229131699, 11.2785339355, 10.4693956375, 16.8534355164, 35.3933906555, 62.9315681458, 98.1158905029, 38.6860198975, 44.9743881226, 26.6599674225, 33.5943870544, 58.8824119568, 27.8919677734, 34.0177078247, 22.02110672, 17.2344074249, 23.3445549011, 12.2576904297, 6.49159240723, 5.90163373947, 3.23918390274, 1.77865672112, 1.36241948605, 1.15367913246, 0.933788597584, 0.56623005867, 0.290807753801, 0.137807235122, 0.0336731187999, 0.0082423184067, 0.00100019341335, 4.07998013543e-05, 3.46307388099e-05],
        "median": [0.129752874374, 0.649508357048, 0.958912789822, 1.26229894161, 1.07244443893, 1.45580768585, 2.0917263031, 3.11478829384, 3.93754982948, 3.83157086372, 6.77479171753, 11.9113712311, 13.6213436127, 10.8642148972, 11.5216493607, 9.31247711182, 9.59683322906, 9.14274501801, 10.6805295944, 9.61786651611, 6.55060863495, 4.93830060959, 4.80338048935, 6.05475664139, 4.86307668686, 3.49725341797, 2.70174765587, 1.17630946636, 0.496623039246, 0.317299664021, 0.347141712904, 0.351148635149, 0.200559213758, 0.0851032137871, 0.0279851704836, 0.004936914891, 0.000723266741261, 6.84522019583e-05, 2.18725108425e-05, 2.89640665869e-05],
        "min": [2.78097829115e-22, 8.18481483631e-22, 2.72800490559e-21, 1.80709398598e-20, 5.80247037179e-20, 7.85383176201e-20, 8.01367278316e-20, 2.42374724525e-19, 1.97087619963e-19, 3.08189970348e-19, 3.27427063619e-19, 9.14361313213e-19, 7.38914289038e-19, 1.05568698202e-18, 2.43820253664e-18, 3.28220448734e-18, 1.91852197411e-18, 3.35397750152e-18, 3.44978362802e-18, 3.64857084565e-18, 5.63851841809e-18, 8.67463481204e-18, 7.9038919055e-18, 9.49894014478e-18, 6.71271211875e-18, 1.0261625485e-17, 1.06325539512e-17, 1.20156015897e-17, 1.67275706018e-17, 1.27978712581e-17, 1.25966910069e-17, 1.248771327e-17, 1.13719500212e-17, 6.87794061893e-18, 7.27152556209e-18, 4.6298092978e-18, 2.67256369049e-18, 1.07088249667e-18, 2.68725131624e-19, 3.2446931778e-20],
        "var": [0.282528668642, 5.51205635071, 28.3394947052, 55.3526153564, 98.0719451904, 77.9190597534, 140.411819458, 1424.6697998, 1101.3326416, 736.189147949, 1856.43981934, 5546.62890625, 26939.9375, 83504.5546875, 7066.49316406, 19358.7675781, 4925.02636719, 7366.44580078, 25146.5566406, 3166.16333008, 8280.14746094, 2097.91699219, 1675.9876709, 1873.89746094, 334.402099609, 79.1242523193, 72.80078125, 42.4659919739, 17.2267608643, 13.3720140457, 9.97579574585, 5.60725164413, 2.5998146534, 0.861212015152, 0.276289224625, 0.0207637380809, 0.001016100985, 1.60823092301e-05, 2.30599503936e-08, 8.34082858336e-10]
    },
    "gfcc": {
        "mean": [-48.5791130066, 115.364929199, -142.732055664, 29.1317958832, -52.2689704895, 18.9626865387, -23.9824523926, 13.0102205276, -16.48944664, -2.12562155724, -4.58648633957, -8.67023658752, 1.04248225689],
        "cov": [[10148.0693359, -847.578552246, -76.2546463013, 1280.26293945, -183.330459595, 578.213134766, -352.840179443, 462.975585938, -319.139404297, 102.73110199, -109.137283325, -10.9605913162, 3.73940992355], [-847.578552246, 1874.78674316, 416.202301025, 201.871551514, 560.559997559, -83.4603424072, 543.967041016, -337.044647217, 271.933807373, -129.828842163, 220.211578369, -184.250656128, 89.2418136597], [-76.2546463013, 416.202301025, 1636.4798584, 362.426696777, 280.234375, 91.2283630371, -35.2148399353, 26.36561203, -28.8610534668, 199.58140564, -38.2440299988, 204.183197021, -145.5390625], [1280.26293945, 201.871551514, 362.426696777, 733.847900391, 147.059799194, 79.4618301392, 17.6837596893, -0.686133086681, 56.7631721497, -14.1117649078, 88.9378738403, 17.811674118, 37.4838829041], [-183.330459595, 560.559997559, 280.234375, 147.059799194, 553.508422852, 3.99865531921, 230.147003174, -7.3687005043, 74.7790527344, 44.6269378662, 60.3822822571, 8.13130950928, 14.7895708084], [578.213134766, -83.4603424072, 91.2283630371, 79.4618301392, 3.99865531921, 296.569335938, 55.0628547668, 22.1652832031, -12.755695343, 36.8141021729, 12.297419548, -54.3606147766, 23.2992115021], [-352.840179443, 543.967041016, -35.2148399353, 17.6837596893, 230.147003174, 55.0628547668, 442.530822754, -104.366531372, 153.446609497, -29.7224063873, 54.5610427856, -84.7831954956, 41.9613800049], [462.975585938, -337.044647217, 26.36561203, -0.686133086681, -7.3687005043, 22.1652832031, -104.366531372, 332.640167236, -14.4259433746, 46.2342758179, -24.9918479919, 57.4488716125, 29.9818325043], [-319.139404297, 271.933807373, -28.8610534668, 56.7631721497, 74.7790527344, -12.755695343, 153.446609497, -14.4259433746, 215.278991699, -30.5732135773, 77.2276611328, -26.950876236, 42.8543167114], [102.73110199, -129.828842163, 199.58140564, -14.1117649078, 44.6269378662, 36.8141021729, -29.7224063873, 46.2342758179, -30.5732135773, 189.068359375, -7.86608219147, 66.4928436279, -35.6055107117], [-109.137283325, 220.211578369, -38.2440299988, 88.9378738403, 60.3822822571, 12.297419548, 54.5610427856, -24.9918479919, 77.2276611328, -7.86608219147, 237.818862915, -39.6153755188, 104.077789307], [-10.9605913162, -184.250656128, 204.183197021, 17.811674118, 8.13130950928, -54.3606147766, -84.7831954956, 57.4488716125, -26.950876236, 66.4928436279, -39.6153755188, 207.849945068, -51.9692993164], [3.73940992355, 89.2418136597, -145.5390625, 37.4838829041, 14.7895708084, 23.2992115021, 41.9613800049, 29.9818325043, 42.8543167114, -35.6055107117, 104.077789307, -51.9692993164, 176.526184082]],
        "icov": [[0.000205366464797, -0.000161529940669, 0.000222376547754, -0.000476795074064, 0.000156344423885, -0.000369898654753, 8.38899723021e-05, -0.000356531207217, 0.000367595959688, -0.000227202108363, 0.000158904440468, -8.3161467046e-05, 0.000184994059964], [-0.000161529940669, 0.00229380396195, -0.00108820840251, 0.00054197490681, -0.00132481148466, 0.00144505884964, -0.00123441300821, 0.00159935525153, -0.00102838024031, 0.00140109076165, -0.000917255296372, 0.00160497438628, -0.000680852215737], [0.000222376547754, -0.00108820840251, 0.00162531598471, -0.000990245025605, 0.000249052827712, -0.00121892802417, 0.000765697273891, -0.000815058418084, 0.000660709745716, -0.00135097978637, 0.000537461019121, -0.00137598544825, 0.00103728461545], [-0.000476795074064, 0.00054197490681, -0.000990245025605, 0.00293011986651, -0.000851036515087, 0.000400663615437, 0.00015652293223, 0.00103210320231, -0.00134883250576, 0.00134905404411, -0.000879311293829, 0.000134822257678, -0.000738904520404], [0.000156344423885, -0.00132481148466, 0.000249052827712, -0.000851036515087, 0.00371427461505, -0.000226165386266, -0.00116668909322, -0.00148621585686, 0.00117065815721, -0.00138712616172, 7.38439775887e-05, -0.000889970746357, 0.000431378197391], [-0.000369898654753, 0.00144505884964, -0.00121892802417, 0.000400663615437, -0.000226165386266, 0.00567760877311, -0.00191379454918, 0.00071362889139, -6.53914321447e-05, -0.000169896506122, -0.000656858959701, 0.00259168376215, -0.00107757619116], [8.38899723021e-05, -0.00123441300821, 0.000765697273891, 0.00015652293223, -0.00116668909322, -0.00191379454918, 0.00546972826123, 0.000496116175782, -0.00234119058587, -0.000610272807535, 0.00120975496247, -0.000123626057757, -0.000118169889902], [-0.000356531207217, 0.00159935525153, -0.000815058418084, 0.00103210320231, -0.00148621585686, 0.00071362889139, 0.000496116175782, 0.00530835380778, -0.00193879171275, 0.000430073036114, 0.000274440768408, 0.000197505505639, -0.00222757342272], [0.000367595959688, -0.00102838024031, 0.000660709745716, -0.00134883250576, 0.00117065815721, -6.53914321447e-05, -0.00234119058587, -0.00193879171275, 0.00828810408711, -0.000147028898937, -0.001349612372, -0.000884936191142, 0.000633082992863], [-0.000227202108363, 0.00140109076165, -0.00135097978637, 0.00134905404411, -0.00138712616172, -0.000169896506122, -0.000610272807535, 0.000430073036114, -0.000147028898937, 0.00834730826318, -0.00162623042706, -0.000776679255068, 0.00055637396872], [0.000158904440468, -0.000917255296372, 0.000537461019121, -0.000879311293829, 7.38439775887e-05, -0.000656858959701, 0.00120975496247, 0.000274440768408, -0.001349612372, -0.00162623042706, 0.00717187067494, -0.000162395779626, -0.00344012561254], [-8.3161467046e-05, 0.00160497438628, -0.00137598544825, 0.000134822257678, -0.000889970746357, 0.00259168376215, -0.000123626057757, 0.000197505505639, -0.000884936191142, -0.000776679255068, -0.000162395779626, 0.00837378390133, 0.000374797818949], [0.000184994059964, -0.000680852215737, 0.00103728461545, -0.000738904520404, 0.000431378197391, -0.00107757619116, -0.000118169889902, -0.00222757342272, 0.000633082992863, 0.00055637396872, -0.00344012561254, 0.000374797818949, 0.00962690915912]]
    },
    "melbands": {
        "dmean": [0.00180888152681, 0.0011476528598, 0.000559532840271, 0.000230653080507, 0.000135127440444, 0.000154362453031, 0.000108118591015, 7.48677484808e-05, 0.000101941426692, 0.000147424361785, 0.000195369764697, 0.000231699770666, 8.26415489428e-05, 6.80224329699e-05, 5.49020260223e-05, 2.79563410004e-05, 4.02790647058e-05, 5.70951451664e-05, 3.29515278281e-05, 1.79533217306e-05, 2.54765545833e-05, 1.55218440341e-05, 8.51196909935e-06, 7.56932104196e-06, 1.01433506643e-05, 6.45636191621e-06, 2.75292973129e-06, 2.36668779507e-06, 2.26708698392e-06, 1.8189284674e-06, 1.05676929252e-06, 7.17583930054e-07, 5.67332676837e-07, 5.08665834786e-07, 4.55685352563e-07, 3.86277122288e-07, 3.41843133356e-07, 2.59096736954e-07, 1.89856649513e-07, 1.55177175998e-07],
        "dmean2": [0.0031360713765, 0.00189762329683, 0.000957736105192, 0.000402898644097, 0.000214490602957, 0.000237652944634, 0.000172478248714, 0.000120095464808, 0.000161423289683, 0.000233836224652, 0.000306549685774, 0.000379209814128, 0.000126639512018, 0.000106915402284, 8.51075310493e-05, 4.51154992334e-05, 6.29708301858e-05, 9.01148596313e-05, 5.21904039488e-05, 2.77812414424e-05, 3.82533144148e-05, 2.43872400461e-05, 1.32231980388e-05, 1.18843690871e-05, 1.59909723152e-05, 9.86644772638e-06, 4.50129073215e-06, 3.92980109609e-06, 3.70372845282e-06, 2.99346629618e-06, 1.77219044417e-06, 1.21419725474e-06, 9.37058416639e-07, 8.40329448693e-07, 7.38231506148e-07, 6.19384252332e-07, 5.33041429662e-07, 4.00232664788e-07, 2.94311547577e-07, 2.44760656187e-07],
        "dvar": [1.06349343696e-05, 6.56514203001e-06, 2.0989443783e-06, 3.383599676e-07, 8.04243285302e-08, 2.04465536058e-07, 9.47742151425e-08, 4.97968812851e-08, 9.08277684175e-08, 1.28429633151e-07, 3.0827894193e-07, 5.91729246935e-07, 3.84120610875e-08, 4.67373659774e-08, 3.327736664e-08, 5.14704456833e-09, 1.51311478902e-08, 2.67807536147e-08, 7.71273800382e-09, 1.87212090275e-09, 6.10188921613e-09, 1.63555424759e-09, 4.72878902702e-10, 4.43015457652e-10, 5.03421804243e-10, 1.92717578007e-10, 3.14487220987e-11, 2.42734461003e-11, 1.80841210062e-11, 1.77466218804e-11, 1.33981549813e-11, 4.58058504321e-12, 3.11818951736e-12, 3.67588641817e-12, 2.46170076511e-12, 1.49887025534e-12, 1.01645428185e-12, 9.58304182536e-13, 4.63262620539e-13, 3.93313636868e-13],
        "dvar2": [3.10906616505e-05, 1.64988759934e-05, 5.73525130676e-06, 9.44076759879e-07, 1.89552636698e-07, 4.11101922282e-07, 2.07269934549e-07, 1.13127114787e-07, 2.02592460141e-07, 3.03103291799e-07, 6.91972218192e-07, 1.64072969255e-06, 7.60115881349e-08, 1.10962467659e-07, 7.70003865114e-08, 1.20874084075e-08, 3.64068952763e-08, 6.3864028732e-08, 1.85737718539e-08, 3.89927201638e-09, 1.29712605101e-08, 3.82156528644e-09, 1.04103392573e-09, 9.95739379839e-10, 1.17280196665e-09, 3.91061849569e-10, 8.14823278295e-11, 6.43760600383e-11, 4.47850437291e-11, 4.66809993438e-11, 3.6716244628e-11, 1.21924354293e-11, 7.57688529973e-12, 9.58787476496e-12, 6.0758533621e-12, 3.45831046092e-12, 2.14023677253e-12, 1.93603271435e-12, 9.47620237488e-13, 8.73358568625e-13],
        "max": [0.0463436990976, 0.0349071398377, 0.0246008597314, 0.00920208357275, 0.00577021203935, 0.012350869365, 0.0148982955143, 0.00692041218281, 0.0084849530831, 0.00965409912169, 0.0128162857145, 0.0184714384377, 0.00502364523709, 0.00717587769032, 0.00550012337044, 0.00223424355499, 0.00302811455913, 0.00472635636106, 0.00302284327336, 0.000763345742598, 0.00174714263994, 0.000759073707741, 0.000674632145092, 0.00107433379162, 0.000610198825598, 0.000305237917928, 0.000117938288895, 0.000125994818518, 6.99271840858e-05, 7.12203254807e-05, 9.87900784821e-05, 3.72144240828e-05, 3.89937376895e-05, 4.5519471314e-05, 4.55408917333e-05, 4.08166597481e-05, 3.06919100694e-05, 5.5338787206e-05, 2.4878887416e-05, 1.64957964444e-05],
        "mean": [0.00255520455539, 0.0016316868132, 0.000690360262524, 0.000286083726678, 0.000221131529543, 0.000266083196038, 0.000168801983818, 0.000116049079224, 0.00014806209947, 0.000227664873819, 0.00031608378049, 0.000411107641412, 0.000135837646667, 0.000116406386951, 9.03361069504e-05, 4.3010146328e-05, 6.4707659476e-05, 9.68229796854e-05, 5.38291242265e-05, 2.64591199084e-05, 4.63055584987e-05, 2.54163041973e-05, 1.59235314641e-05, 1.40893380376e-05, 2.0313917048e-05, 1.16833325592e-05, 5.03909723193e-06, 4.09769336329e-06, 3.89065098716e-06, 2.8788324471e-06, 1.54561325871e-06, 1.01709235878e-06, 8.36604328924e-07, 7.11803579634e-07, 6.64110928028e-07, 6.21737626716e-07, 5.52843971491e-07, 4.23037562314e-07, 3.03838817217e-07, 2.23968427804e-07],
        "median": [0.00126000121236, 0.000732184038498, 0.000226848846069, 9.06304412638e-05, 7.77999375714e-05, 6.89355219947e-05, 5.76279417146e-05, 4.14561363868e-05, 5.56751620024e-05, 7.21585311112e-05, 5.62957611692e-05, 3.6144603655e-05, 3.13534947054e-05, 2.30109399126e-05, 1.97007684619e-05, 1.66765312315e-05, 1.31452825372e-05, 1.48165827341e-05, 1.1921803889e-05, 8.88425165613e-06, 6.08847449257e-06, 4.75906108477e-06, 4.42426426162e-06, 3.97667190555e-06, 4.70497752758e-06, 3.77716264666e-06, 2.40338158619e-06, 2.02567298402e-06, 1.67172072452e-06, 1.08269387056e-06, 4.55757145801e-07, 2.6092058647e-07, 1.7691642995e-07, 1.54222064452e-07, 1.85137722042e-07, 1.96197632363e-07, 2.12356596307e-07, 1.49481053313e-07, 8.72016556741e-08, 5.47765814929e-08],
        "min": [1.92213828445e-24, 1.47679050889e-24, 5.52436530913e-24, 4.36087712103e-24, 2.67731995661e-24, 5.83913264323e-24, 3.22590349365e-24, 4.2339521624e-24, 1.87758677318e-24, 5.64334249415e-24, 3.59530102315e-24, 4.0431846907e-24, 6.66996883722e-24, 7.51646865334e-24, 6.96747983901e-24, 3.96756093445e-24, 4.55535697215e-24, 4.9626300803e-24, 4.31389927084e-24, 8.57179336171e-24, 5.48414957461e-24, 6.88775124504e-24, 5.8050794901e-24, 5.93045236491e-24, 6.88443724038e-24, 5.03841594746e-24, 6.6676203983e-24, 5.42658678879e-24, 6.55782870966e-24, 6.79427911638e-24, 7.39358463469e-24, 8.39890345027e-24, 7.47979214327e-24, 6.20049483555e-24, 6.82432761712e-24, 7.22168947686e-24, 7.31378188779e-24, 6.72916417068e-24, 8.16789500051e-24, 4.95639689586e-24],
        "var": [1.53820710693e-05, 7.68650079408e-06, 1.90183720861e-06, 3.23503797972e-07, 1.70440486613e-07, 5.99904694809e-07, 2.27392021657e-07, 9.46745757346e-08, 1.49583144093e-07, 2.44970294716e-07, 7.29400198907e-07, 1.54231690885e-06, 1.02786266609e-07, 1.24287794279e-07, 7.46373061133e-08, 9.51266265758e-09, 3.51483500083e-08, 6.90551189564e-08, 1.59655968446e-08, 3.54976292805e-09, 1.81637069829e-08, 3.5365186335e-09, 1.53709789341e-09, 1.07985964615e-09, 1.65522151541e-09, 4.65138316752e-10, 5.73412047011e-11, 3.80134639044e-11, 3.54710913419e-11, 2.58064108277e-11, 1.38009031286e-11, 5.87062950336e-12, 5.02059895394e-12, 4.20361185097e-12, 3.63070077475e-12, 2.8919258481e-12, 1.9791672641e-12, 1.58176759451e-12, 8.13053021177e-13, 6.07846509671e-13]
    },
    "mfcc": {
        "mean": [-679.385131836, 135.166885376, -19.144536972, 15.2011985779, 1.72691380978, 2.8475356102, 10.5618038177, 6.91916131973, 3.73761940002, 10.3508853912, -2.94425630569, 3.52333927155, -3.64263010025],
        "cov": [[8025.06591797, -798.255737305, -221.225982666, 664.305603027, 218.561355591, 164.225021362, 157.142608643, 181.936523438, 53.5561180115, 199.452362061, -188.661331177, -49.7687835693, -39.470375061], [-798.255737305, 1261.7467041, 203.23739624, 230.782577515, 103.570976257, 247.530181885, 206.576309204, 19.4489250183, 49.0185089111, 106.876441956, 74.7305526733, 18.6055202484, 13.2454795837], [-221.225982666, 203.23739624, 1186.71826172, 340.540679932, 230.717453003, 234.057312012, 8.67608070374, 29.629699707, -41.9977912903, -39.2829208374, 124.205223083, 20.2291088104, 69.9291763306], [664.305603027, 230.782577515, 340.540679932, 628.251159668, 265.037322998, 149.366226196, 66.4640579224, 84.1245803833, 10.4869747162, 15.6080713272, 10.3792238235, 81.0894393921, 40.4819374084], [218.561355591, 103.570976257, 230.717453003, 265.037322998, 358.211273193, 9.24761676788, 82.1091842651, 25.6339073181, 0.95046877861, 10.0231294632, -1.00704467297, 77.0734863281, 50.7164306641], [164.225021362, 247.530181885, 234.057312012, 149.366226196, 9.24761676788, 431.162353516, 100.283103943, 24.5575084686, 4.7726187706, 64.3933944702, 80.9007034302, -55.2439002991, 16.1943473816], [157.142608643, 206.576309204, 8.67608070374, 66.4640579224, 82.1091842651, 100.283103943, 256.100799561, 5.34137058258, 41.1528358459, 98.524520874, 4.5317940712, 22.7562713623, -12.7698984146], [181.936523438, 19.4489250183, 29.629699707, 84.1245803833, 25.6339073181, 24.5575084686, 5.34137058258, 183.805541992, 64.280670166, 9.58489990234, 25.757440567, 11.7647066116, 21.0233097076], [53.5561180115, 49.0185089111, -41.9977912903, 10.4869747162, 0.95046877861, 4.7726187706, 41.1528358459, 64.280670166, 169.645874023, 46.0598144531, 35.0674972534, -9.44069766998, -1.75832033157], [199.452362061, 106.876441956, -39.2829208374, 15.6080713272, 10.0231294632, 64.3933944702, 98.524520874, 9.58489990234, 46.0598144531, 177.519592285, 17.6710987091, 12.775800705, -21.3697509766], [-188.661331177, 74.7305526733, 124.205223083, 10.3792238235, -1.00704467297, 80.9007034302, 4.5317940712, 25.757440567, 35.0674972534, 17.6710987091, 145.553451538, 5.03168678284, 28.1526412964], [-49.7687835693, 18.6055202484, 20.2291088104, 81.0894393921, 77.0734863281, -55.2439002991, 22.7562713623, 11.7647066116, -9.44069766998, 12.775800705, 5.03168678284, 136.17199707, 28.2833538055], [-39.470375061, 13.2454795837, 69.9291763306, 40.4819374084, 50.7164306641, 16.1943473816, -12.7698984146, 21.0233097076, -1.75832033157, -21.3697509766, 28.1526412964, 28.2833538055, 104.916473389]],
