{
"lowlevel": {
    "average_loudness": 0.27698558569,
    "barkbands_crest": {
        "dmean": 3.12152671814,
        "dmean2": 5.23969888687,
        "dvar": 6.95625209808,
        "dvar2": 18.3549747467,
        "max": 25.8345508575,
        "mean": 10.2683868408,
        "median": 9.70696163177,
        "min": 2.46944046021,
        "var": 16.127779007
    },
    "barkbands_flatness_db": {
        "dmean": 0.0275391303003,
        "dmean2": 0.0452588014305,
        "dvar": 0.000623543339316,
        "dvar2": 0.00169160950463,
        "max": 0.341417521238,
        "mean": 0.129384845495,
        "median": 0.11905887723,
        "min": 0.0201507471502,
        "var": 0.00293180299923
    },
    "barkbands_kurtosis": {
        "dmean": 2.97121191025,
        "dmean2": 5.13655614853,
        "dvar": 25.7235965729,
        "dvar2": 71.8537139893,
        "max": 189.152999878,
        "mean": 3.23530769348,
        "median": 1.41137504578,
        "min": -1.8620852232,
        "var": 37.163444519
    },
    "barkbands_skewness": {
        "dmean": 0.639827013016,
        "dmean2": 1.06711161137,
        "dvar": 0.429289638996,
        "dvar2": 1.17080748081,
        "max": 12.2902994156,
        "mean": 1.40830612183,
        "median": 1.27919840813,
        "min": -2.62435317039,
        "var": 1.25353491306
    },
    "barkbands_spread": {
        "dmean": 6.75545454025,
        "dmean2": 11.1702890396,
        "dvar": 59.0568122864,
        "dvar2": 147.968963623,
        "max": 100.062805176,
        "mean": 24.381652832,
        "median": 23.1621265411,
        "min": 1.02768921852,
        "var": 217.157775879
    },
    "dissonance": {
        "dmean": 0.0172778517008,
        "dmean2": 0.0295300930738,
        "dvar": 0.000289049115963,
        "dvar2": 0.000808362383395,
        "max": 0.500000119209,
        "mean": 0.472582787275,
        "median": 0.478208601475,
        "min": 0.277845352888,
        "var": 0.000506284704898
    },
    "dynamic_complexity": 3.71044802666,
    "erbbands_crest": {
        "dmean": 2.58110713959,
        "dmean2": 4.25607299805,
        "dvar": 6.00747346878,
        "dvar2": 15.4516735077,
        "max": 28.8076877594,
        "mean": 8.60471153259,
        "median": 7.63654994965,
        "min": 2.3538274765,
        "var": 16.122013092
    },
    "erbbands_flatness_db": {
        "dmean": 0.0183122437447,
        "dmean2": 0.0264171231538,
        "dvar": 0.00026566721499,
        "dvar2": 0.000533604004886,
        "max": 0.428828775883,
        "mean": 0.160435140133,
        "median": 0.143784835935,
        "min": 0.0453876182437,
        "var": 0.00442717364058
    },
    "erbbands_kurtosis": {
        "dmean": 0.911040484905,
        "dmean2": 1.4529094696,
        "dvar": 1.52029144764,
        "dvar2": 3.87537765503,
        "max": 22.5543403625,
        "mean": 0.866671204567,
        "median": 0.189812898636,
        "min": -1.70416247845,
        "var": 4.79760885239
    },
    "erbbands_skewness": {
        "dmean": 0.341112822294,
        "dmean2": 0.535419046879,
        "dvar": 0.094261996448,
        "dvar2": 0.220576256514,
        "max": 4.2589058876,
        "mean": 0.415195524693,
        "median": 0.33170735836,
        "min": -3.0416033268,
        "var": 0.6331807971
    },
    "erbbands_spread": {
        "dmean": 6.71800327301,
        "dmean2": 10.0347280502,
        "dvar": 51.2832984924,
        "dvar2": 111.007705688,
        "max": 131.265518188,
        "mean": 32.9365539551,
        "median": 31.4675254822,
        "min": 2.35506415367,
        "var": 272.559143066
    },
    "hfc": {
        "dmean": 5.72816038132,
        "dmean2": 8.2162771225,
        "dvar": 61.0764541626,
        "dvar2": 130.834381104,
        "max": 225.87197876,
        "mean": 22.5959300995,
        "median": 16.2939186096,
        "min": 1.14556004804e-16,
        "var": 427.616577148
    },
    "melbands_crest": {
        "dmean": 5.13179302216,
        "dmean2": 8.90120601654,
        "dvar": 20.2981243134,
        "dvar2": 60.8840179443,
        "max": 36.7389678955,
        "mean": 16.1999835968,
        "median": 14.6304512024,
        "min": 3.18101119995,
        "var": 51.4734458923
    },
    "melbands_flatness_db": {
        "dmean": 0.0328537784517,
        "dmean2": 0.0552001222968,
        "dvar": 0.000901209306903,
        "dvar2": 0.00248903804459,
        "max": 0.436796188354,
        "mean": 0.181527420878,
        "median": 0.17678783834,
        "min": 0.00725993374363,
        "var": 0.00294333347119
    },
    "melbands_kurtosis": {
        "dmean": 7.4218378067,
        "dmean2": 12.7938346863,
        "dvar": 165.068984985,
        "dvar2": 462.945037842,
        "max": 249.144821167,
        "mean": 10.4549121857,
        "median": 5.91169023514,
        "min": -1.81846022606,
        "var": 230.923995972
    },
    "melbands_skewness": {
        "dmean": 0.894123256207,
        "dmean2": 1.49148190022,
        "dvar": 0.950997889042,
        "dvar2": 2.62289762497,
        "max": 12.3253135681,
        "mean": 2.36613416672,
        "median": 2.09025359154,
        "min": -1.15932333469,
        "var": 2.56225991249
    },
    "melbands_spread": {
        "dmean": 8.64204692841,
        "dmean2": 14.2656621933,
        "dvar": 120.453697205,
        "dvar2": 268.805908203,
        "max": 213.275665283,
        "mean": 26.0630149841,
        "median": 22.2002906799,
        "min": 0.764426290989,
        "var": 379.432922363
    },
    "pitch_salience": {
        "dmean": 0.0939869731665,
        "dmean2": 0.159087941051,
        "dvar": 0.00701713887975,
        "dvar2": 0.0189855061471,
        "max": 0.939770519733,
        "mean": 0.536137998104,
        "median": 0.550934672356,
        "min": 0.0786606445909,
        "var": 0.0222966484725
    },
    "silence_rate_20dB": {
        "dmean": 0,
        "dmean2": 0,
        "dvar": 0,
        "dvar2": 0,
        "max": 1,
        "mean": 1,
        "median": 1,
        "min": 1,
        "var": 0
    },
    "silence_rate_30dB": {
        "dmean": 0.00636717351153,
        "dmean2": 0.0127358492464,
        "dvar": 0.00632669124752,
        "dvar2": 0.0168186314404,
        "max": 1,
        "mean": 0.988092422485,
        "median": 1,
        "min": 0,
        "var": 0.011765695177
    },
    "silence_rate_60dB": {
        "dmean": 0.0216955542564,
        "dmean2": 0.0433962270617,
        "dvar": 0.0212269388139,
        "dvar2": 0.0488246455789,
        "max": 1,
        "mean": 0.0960858315229,
        "median": 0,
        "min": 0,
        "var": 0.0868542864919
    },
    "spectral_centroid": {
        "dmean": 248.54548645,
        "dmean2": 381.029785156,
        "dvar": 82819.03125,
        "dvar2": 160174.75,
        "max": 10890.2353516,
        "mean": 1595.84228516,
        "median": 1508.74279785,
        "min": 341.680877686,
        "var": 347404.625
    },
    "spectral_complexity": {
        "dmean": 3.38144087791,
        "dmean2": 5.29882097244,
        "dvar": 10.105463028,
        "dvar2": 21.9128036499,
        "max": 48,
        "mean": 20.6478424072,
        "median": 21,
        "min": 0,
        "var": 94.6736068726
    },
    "spectral_decrease": {
        "dmean": 3.43015171822e-09,
        "dmean2": 5.8609166409e-09,
        "dvar": 1.9684147376e-17,
        "dvar2": 5.7374411957e-17,
        "max": -1.07682823755e-28,
        "mean": -7.59390594851e-09,
        "median": -5.84182302532e-09,
        "min": -6.37355412891e-08,
        "var": 4.60078915493e-17
    },
    "spectral_energy": {
        "dmean": 0.0132647696882,
        "dmean2": 0.0225264225155,
        "dvar": 0.000288149807602,
        "dvar2": 0.000835262704641,
        "max": 0.261040359735,
        "mean": 0.0307106971741,
        "median": 0.0241710301489,
        "min": 1.07969922418e-20,
        "var": 0.00072291190736
    },
    "spectral_energyband_high": {
        "dmean": 0.000288939336315,
        "dmean2": 0.00041582720587,
        "dvar": 2.92601669116e-07,
        "dvar2": 5.09820154093e-07,
        "max": 0.0102964770049,
        "mean": 0.000800571870059,
        "median": 0.000436811998952,
        "min": 7.61865575125e-21,
        "var": 1.30525324948e-06
    },
    "spectral_energyband_low": {
        "dmean": 0.0102575849742,
        "dmean2": 0.0183445997536,
        "dvar": 0.000257651438005,
        "dvar2": 0.000768921105191,
        "max": 0.159491792321,
        "mean": 0.0133630977944,
        "median": 0.00591083429754,
        "min": 1.67813168677e-22,
        "var": 0.000333459931426
    },
    "spectral_energyband_middle_high": {
        "dmean": 0.00274090538733,
        "dmean2": 0.00411220733076,
        "dvar": 2.51467481576e-05,
        "dvar2": 6.24999738648e-05,
        "max": 0.14670817554,
        "mean": 0.00845971144736,
        "median": 0.00397368613631,
        "min": 1.39103607231e-21,
        "var": 0.000129157240735
    },
    "spectral_energyband_middle_low": {
        "dmean": 0.00383408344351,
        "dmean2": 0.00604601996019,
        "dvar": 4.64401528006e-05,
        "dvar2": 0.000121041455714,
        "max": 0.187533974648,
        "mean": 0.0080825490877,
        "median": 0.00455473223701,
        "min": 4.32055659423e-22,
        "var": 0.000116054412501
    },
    "spectral_entropy": {
        "dmean": 0.130673781037,
        "dmean2": 0.197435647249,
        "dvar": 0.0157675184309,
        "dvar2": 0.0339546352625,
        "max": 9.78962516785,
        "mean": 7.78636455536,
        "median": 7.8061132431,
        "min": 6.04178142548,
        "var": 0.105716586113
    },
    "spectral_flux": {
        "dmean": 0.0257263183594,
        "dmean2": 0.0400122180581,
        "dvar": 0.000778039451689,
        "dvar2": 0.00163122650702,
        "max": 0.324126362801,
        "mean": 0.0998667776585,
        "median": 0.094155356288,
        "min": 1.03908576188e-10,
        "var": 0.00314514292404
    },
    "spectral_kurtosis": {
        "dmean": 1.26882052422,
        "dmean2": 2.12852668762,
        "dvar": 2.7138967514,
        "dvar2": 8.20372962952,
        "max": 37.6863098145,
        "mean": 4.09063720703,
        "median": 3.70573043823,
        "min": -1.15434229374,
        "var": 6.65387296677
    },
    "spectral_rms": {
        "dmean": 0.00106352823786,
        "dmean2": 0.00176045042463,
        "dvar": 1.21542473153e-06,
        "dvar2": 3.44195154867e-06,
        "max": 0.0159584935755,
        "mean": 0.00493520824239,
        "median": 0.00485607795417,
        "min": 3.24555855281e-12,
        "var": 5.60532180316e-06
    },
    "spectral_rolloff": {
        "dmean": 555.758178711,
        "dmean2": 941.772583008,
        "dvar": 843635.4375,
        "dvar2": 1850465,
        "max": 18970.7519531,
        "mean": 1548.53198242,
        "median": 1248.92578125,
        "min": 43.06640625,
        "var": 2154666.25
    },
    "spectral_skewness": {
        "dmean": 0.184326201677,
        "dmean2": 0.292506992817,
        "dvar": 0.0316483564675,
        "dvar2": 0.0794592276216,
        "max": 4.10789966583,
        "mean": 1.51992368698,
        "median": 1.51718711853,
        "min": 0.00259016640484,
        "var": 0.155227690935
    },
    "spectral_spread": {
        "dmean": 525790.75,
        "dmean2": 739611.8125,
        "dvar": 423797489664,
        "dvar2": 634317897728,
        "max": 39828360,
        "mean": 4616254.5,
        "median": 4461383,
        "min": 1287034.375,
        "var": 2.09757601792e+12
    },
    "spectral_strongpeak": {
        "dmean": 0.538003265858,
        "dmean2": 0.924296498299,
        "dvar": 0.820418536663,
        "dvar2": 2.16677117348,
        "max": 11.1742095947,
        "mean": 0.811935782433,
        "median": 0.278786480427,
        "min": 0,
        "var": 1.47872316837
    },
    "zerocrossingrate": {
        "dmean": 0.0107015985996,
        "dmean2": 0.0129949608818,
        "dvar": 0.000184023287147,
        "dvar2": 0.000188248697668,
        "max": 0.60546875,
        "mean": 0.0641712769866,
        "median": 0.05712890625,
        "min": 0.00732421875,
        "var": 0.00130473345052
    },
    "barkbands": {
        "dmean": [0.00254708551802, 0.00695776194334, 0.00249921157956, 0.000803808448836, 0.000695216702297, 0.000354791991413, 0.000611522293184, 0.000937724427786, 0.00170105858706, 0.00168066797778, 0.000787148135714, 0.00045460430556, 0.000509563833475, 0.000519993132912, 0.00031636536005, 0.000206914948649, 0.000190407750779, 0.000174610628164, 0.00019755102403, 7.59010654292e-05, 7.5247247878e-05, 8.90873125172e-05, 6.96820497978e-05, 4.72487190564e-05, 3.86572792195e-05, 2.36388477788e-05, 2.19827256842e-06],
        "dmean2": [0.00461502512917, 0.0123402914032, 0.00448762159795, 0.00142421526834, 0.00115398934577, 0.000570977223106, 0.000971894420218, 0.00150338141248, 0.00280246813782, 0.00275026704185, 0.00126850663219, 0.000746808480471, 0.000828852062114, 0.000841003260575, 0.000510340556502, 0.000334176176693, 0.000303171837004, 0.00026829939452, 0.000291850185022, 0.000120644705021, 0.000116945841, 0.000134280577186, 0.000102267404145, 6.94304762874e-05, 5.64420988667e-05, 3.68953151337e-05, 3.85026305594e-06],
        "dvar": [2.34522485698e-05, 0.000121241413581, 6.3454535848e-05, 3.88761191061e-06, 1.85427768429e-06, 7.35912635719e-07, 1.59015746704e-06, 6.58243334328e-06, 2.739525371e-05, 2.22594535444e-05, 4.40949816038e-06, 1.00965871752e-06, 1.32559182475e-06, 1.11834845029e-06, 4.98628423884e-07, 1.70914361775e-07, 1.14149756314e-07, 1.10839991407e-07, 1.38856293574e-07, 1.41550291488e-08, 1.60222910495e-08, 3.25111315647e-08, 2.5249518032e-08, 1.74828418409e-08, 7.6847728181e-09, 2.07892880688e-09, 3.54474574693e-11],
        "dvar2": [7.63723510318e-05, 0.000364458275726, 0.000176593108336, 1.08677968456e-05, 4.69167389383e-06, 1.8867124254e-06, 3.69304416381e-06, 1.57721678988e-05, 7.67244418967e-05, 6.18209160166e-05, 1.13748237709e-05, 2.53490748037e-06, 3.2761906823e-06, 2.70450505013e-06, 1.19804280985e-06, 4.04334258519e-07, 2.6212683224e-07, 2.51572913612e-07, 2.67349804517e-07, 3.2611410461e-08, 3.61368783786e-08, 6.65530066613e-08, 4.56311823882e-08, 3.40001058419e-08, 1.5115466212e-08, 4.76382799874e-09, 9.62438254093e-11],
        "max": [0.0492575317621, 0.130725502968, 0.0792320743203, 0.0278236828744, 0.021909058094, 0.0205305404961, 0.0354290641844, 0.0470803193748, 0.177025750279, 0.137177556753, 0.0695451796055, 0.0236571300775, 0.0228762645274, 0.0294739678502, 0.0166619382799, 0.0107902437449, 0.0064116762951, 0.00759980361909, 0.00882219150662, 0.00261001009494, 0.0031934583094, 0.00338784302585, 0.00431481655687, 0.00560671556741, 0.00244809733704, 0.00148143107072, 0.000103351761936],
        "mean": [0.00303729390725, 0.00868790782988, 0.00203632353805, 0.000738545088097, 0.000994394882582, 0.000545649789274, 0.000994372065179, 0.00126592104789, 0.0027878920082, 0.00276305433363, 0.00138981186319, 0.000747483107261, 0.000863172695972, 0.000905575987417, 0.000516077852808, 0.000360934674973, 0.000366644380847, 0.000358304503607, 0.000463610573206, 0.000171976600541, 0.000173749984242, 0.000190822858713, 0.000145504818647, 9.48591914494e-05, 7.52223058953e-05, 3.36921475537e-05, 1.8167812641e-06],
        "median": [0.000340906000929, 0.00356738595292, 0.000412364839576, 0.000242934809648, 0.000505327130668, 0.000226466276217, 0.000450749881566, 0.000285775749944, 0.000590418465436, 0.00052944838535, 0.000274031830486, 0.000270055083092, 0.000278543739114, 0.00030510511715, 0.000228951510508, 0.000222857110202, 0.00021596881561, 0.000165556702996, 0.000165655277669, 0.000104389597254, 9.54294227995e-05, 7.74077270762e-05, 5.72961216676e-05, 3.86219689972e-05, 3.43046958733e-05, 1.31506831167e-05, 9.59087245178e-08],
        "min": [1.67265244825e-22, 7.32119970466e-23, 1.02695600804e-23, 1.83356517922e-23, 8.37737212296e-23, 1.21278427961e-22, 6.29733839795e-23, 6.01163254183e-23, 8.181212077e-23, 1.20185142477e-22, 6.69066696965e-23, 6.31623698088e-23, 1.28879803292e-22, 1.49525618468e-22, 1.02621791822e-22, 1.33451422631e-22, 1.55352485902e-22, 1.92218884254e-22, 1.80674201518e-22, 2.95468445274e-22, 5.86866772174e-22, 5.97738865791e-22, 8.21978825879e-22, 7.02692202283e-22, 1.15425067423e-21, 1.52812843512e-21, 2.14582929358e-21],
        "var": [3.48625108018e-05, 0.000157823116751, 4.25256912422e-05, 2.75902243629e-06, 2.42598525801e-06, 1.17862157367e-06, 2.95434119835e-06, 1.03299689727e-05, 5.67520801269e-05, 4.86175122205e-05, 1.17881318147e-05, 1.96173505174e-06, 2.54162387137e-06, 2.5508663839e-06, 8.4720676341e-07, 2.75556800489e-07, 2.57880174104e-07, 2.95171446396e-07, 5.81985261761e-07, 4.19393977324e-08, 5.17900673458e-08, 1.08757298278e-07, 9.00445016327e-08, 5.04753430164e-08, 2.23973373181e-08, 4.1199794687e-09, 2.98096027029e-11]
    },
    "erbbands": {
        "dmean": [0.341206759214, 1.16189610958, 2.79126214981, 2.68546414375, 2.27251338959, 2.4750187397, 2.84092211723, 2.99565696716, 7.48569822311, 12.1221027374, 22.2937145233, 38.0542793274, 49.3374633789, 41.5767822266, 25.0933475494, 16.3719539642, 22.1497268677, 22.9836444855, 20.6615962982, 13.1214761734, 10.3531913757, 9.90068721771, 8.71332263947, 10.4402074814, 7.27765512466, 3.6276986599, 3.1152908802, 3.13658690453, 3.19727730751, 2.61662101746, 2.00068068504, 1.23462915421, 0.722330749035, 0.470490664244, 0.271700799465, 0.107980854809, 0.0447986610234, 0.00912682432681, 0.000265796901658, 1.83594420378e-05],
        "dmean2": [0.632804691792, 1.9220918417, 4.86119604111, 4.7496972084, 3.91159439087, 4.10050535202, 4.65397310257, 4.80356788635, 11.9201869965, 19.0016231537, 35.8226966858, 62.1026992798, 81.257270813, 67.4257507324, 40.0146217346, 26.4925670624, 36.1025085449, 36.8185310364, 32.8474349976, 20.9435310364, 16.4767513275, 15.6744709015, 13.2566413879, 15.3920936584, 10.7885150909, 5.75483512878, 4.90096712112, 4.7946228981, 4.81921625137, 3.88180041313, 3.00062918663, 1.80138719082, 1.06006121635, 0.707310199738, 0.392485558987, 0.158852726221, 0.0725779533386, 0.0156922116876, 0.000444654142484, 2.96458219964e-05],
        "dvar": [0.342467069626, 4.76497983932, 69.8033447266, 52.8428230286, 21.0677700043, 30.2996025085, 61.3117218018, 43.8341293335, 228.241470337, 890.637817383, 3214.73803711, 12652.9521484, 26006.0644531, 13222.4082031, 3350.12353516, 1484.1875, 2672.46655273, 2329.96704102, 2049.77416992, 808.883483887, 343.515319824, 317.861175537, 268.891448975, 373.167388916, 222.405685425, 31.9224510193, 25.2730903625, 32.2115287781, 41.1766624451, 33.522064209, 21.2302799225, 11.5716781616, 3.79750752449, 1.14644420147, 0.400555938482, 0.0489380024374, 0.00826098490506, 0.00040807100595, 4.02108838671e-07, 6.07250583151e-10],
        "dvar2": [1.15858256817, 12.1545362473, 188.560577393, 146.353622437, 57.1197433472, 76.0980529785, 158.231994629, 110.037216187, 526.527160645, 2050.86181641, 7636.06884766, 34939.6679688, 72191.9609375, 36170.0507812, 8340.91601562, 3610.68359375, 6542.31884766, 5694.58251953, 4666.82226562, 1816.15246582, 791.49987793, 740.188049316, 593.750244141, 728.982421875, 432.048614502, 73.338180542, 58.9417228699, 69.3229904175, 85.7841033936, 64.9824523926, 40.8101119995, 21.6289463043, 7.46993541718, 2.46685123444, 0.74766087532, 0.0978657379746, 0.0201309192926, 0.00109254010022, 1.01435841771e-06, 1.56996970979e-09],
        "max": [6.88809013367, 25.7806053162, 94.1115646362, 95.799156189, 59.8157081604, 105.620162964, 179.494781494, 219.778396606, 465.803283691, 618.224304199, 1156.33215332, 2973.12475586, 4728.04394531, 3446.28027344, 1253.05822754, 1118.34411621, 947.220336914, 977.872741699, 1505.89624023, 824.815002441, 394.811248779, 405.131072998, 349.298492432, 438.377929688, 477.985015869, 125.858512878, 99.3965682983, 161.544494629, 140.346206665, 168.375961304, 114.155578613, 129.800537109, 74.9747009277, 26.847694397, 18.0124187469, 6.66006946564, 2.9919731617, 0.271165132523, 0.0125597212464, 0.000538700143807],
        "mean": [0.357849121094, 1.53281140327, 2.59872150421, 2.46444439888, 2.66805267334, 3.41677927971, 4.11614942551, 4.86984825134, 11.9586858749, 18.7262554169, 33.4457893372, 62.2086906433, 82.4056243896, 78.1425628662, 47.9765777588, 29.9902267456, 39.6302185059, 43.3394813538, 37.7424201965, 23.6452274323, 20.1642551422, 20.3574047089, 19.5090103149, 24.8588752747, 17.6220912933, 8.52946281433, 7.14412498474, 6.90211582184, 6.87710142136, 5.42590427399, 4.01783752441, 2.40439748764, 1.40085637569, 0.872226536274, 0.51420712471, 0.184816613793, 0.0551579706371, 0.00926155503839, 0.000287158996798, 4.58459653601e-05],
        "median": [0.104104198515, 0.694817066193, 0.715934157372, 0.756958603859, 1.33112990856, 1.45751452446, 1.58232116699, 2.22208452225, 5.69811105728, 7.19954967499, 9.10159873962, 14.115447998, 15.2406597137, 17.586479187, 14.0722942352, 11.4327659607, 13.6595897675, 13.8795223236, 15.1469182968, 12.4292869568, 12.9698390961, 12.5165214539, 10.1067886353, 9.43391609192, 7.19785404205, 5.19770908356, 4.12077236176, 3.45976114273, 2.78372740746, 2.16778087616, 1.56775641441, 0.945543289185, 0.589030683041, 0.392436087132, 0.226923808455, 0.0806409865618, 0.0187422260642, 0.00215831794776, 6.82825266267e-05, 3.80238452635e-05],
        "min": [4.8035876628e-21, 7.49391061408e-21, 8.33674545817e-21, 5.36436966998e-20, 2.11415706492e-19, 2.48196912814e-19, 7.11356973726e-19, 9.80431744255e-19, 1.04946234452e-18, 6.07970874288e-19, 1.625182429e-18, 1.71507421412e-18, 1.73311998636e-18, 5.71133512741e-18, 2.11055732999e-18, 3.44971703998e-18, 5.79329466405e-18, 8.96156639574e-18, 4.87396199535e-18, 7.21668596902e-18, 6.7186876715e-18, 9.37298452573e-18, 9.67110372721e-18, 9.44706847575e-18, 1.05226158575e-17, 1.44009199883e-17, 1.70601848892e-17, 2.79832223376e-17, 2.26242202427e-17, 1.97891645723e-17, 2.2135632779e-17, 1.46743660464e-17, 1.40595442038e-17, 1.35367238705e-17, 7.84171273885e-18, 6.1961171467e-18, 2.54537143642e-18, 1.40113270187e-18, 2.746972464e-19, 3.13643139149e-20],
        "var": [0.368209689856, 6.01811027527, 52.1571998596, 36.8590354919, 18.8166370392, 42.2985954285, 84.0775375366, 82.5981216431, 411.419677734, 1423.49938965, 5539.52441406, 26594.2421875, 53026.796875, 35203.4335938, 8982.6171875, 3032.50024414, 5207.26123047, 5384.7109375, 4602.30810547, 1599.36560059, 694.822570801, 711.854797363, 784.342163086, 1526.69580078, 875.149108887, 100.767715454, 79.2197875977, 101.22177887, 136.538269043, 116.486206055, 67.2811355591, 33.488407135, 10.491314888, 2.89098620415, 1.18280529976, 0.132504269481, 0.012589215301, 0.00039673934225, 5.10434972512e-07, 1.59640678454e-09]
    },
    "gfcc": {
        "mean": [-0.280423641205, 77.2292022705, -134.447509766, 24.9972515106, -61.9663124084, 24.2213039398, -28.7779159546, 18.2958965302, -18.8665733337, 4.97176742554, -15.4132957458, 0.84586507082, -10.0637588501],
        "cov": [[6082.00048828, -608.54095459, 1135.50720215, 806.430419922, 759.227722168, 476.073669434, 122.097969055, 534.217651367, 125.600387573, 518.874816895, -30.6226825714, 352.273101807, -261.208129883], [-608.54095459, 1045.63024902, -71.4531402588, 115.725593567, 188.386474609, -61.569065094, 141.414123535, -83.0792388916, 150.442382812, -86.4724960327, 125.783485413, -73.7559204102, 98.9419403076], [1135.50720215, -71.4531402588, 1622.8067627, 719.556213379, 464.673095703, 169.664886475, -164.290618896, 155.26864624, -43.3129501343, 329.104492188, -76.2109832764, 277.546722412, -140.736526489], [806.430419922, 115.725593567, 719.556213379, 678.136474609, 297.920593262, 78.6472091675, -39.7336425781, 82.8082351685, 66.3249969482, 154.890441895, 38.7389602661, 135.385070801, -25.5810337067], [759.227722168, 188.386474609, 464.673095703, 297.920593262, 473.266876221, 152.936660767, 82.4807052612, 119.275337219, 70.6496353149, 142.711914062, 19.4677314758, 117.069755554, -19.5665607452], [476.073669434, -61.569065094, 169.664886475, 78.6472091675, 152.936660767, 245.851150513, 97.051651001, 75.7823028564, 8.46162128448, 61.9991149902, 12.6228904724, 38.4797935486, -15.9990406036], [122.097969055, 141.414123535, -164.290618896, -39.7336425781, 82.4807052612, 97.051651001, 243.824050903, 28.8773918152, 62.7572746277, -27.7116165161, 53.1168823242, -16.3014450073, 17.3701133728], [534.217651367, -83.0792388916, 155.26864624, 82.8082351685, 119.275337219, 75.7823028564, 28.8773918152, 165.216644287, 58.8626403809, 91.8294448853, 4.81441402435, 47.1660728455, -7.10208702087], [125.600387573, 150.442382812, -43.3129501343, 66.3249969482, 70.6496353149, 8.46162128448, 62.7572746277, 58.8626403809, 177.935073853, 30.8110218048, 53.1802864075, -6.38493394852, 46.6257286072], [518.874816895, -86.4724960327, 329.104492188, 154.890441895, 142.711914062, 61.9991149902, -27.7116165161, 91.8294448853, 30.8110218048, 184.498428345, 18.5052070618, 89.3137435913, -34.1457061768], [-30.6226825714, 125.783485413, -76.2109832764, 38.7389602661, 19.4677314758, 12.6228904724, 53.1168823242, 4.81441402435, 53.1802864075, 18.5052070618, 119.647712708, 12.9297027588, 35.3760070801], [352.273101807, -73.7559204102, 277.546722412, 135.385070801, 117.069755554, 38.4797935486, -16.3014450073, 47.1660728455, -6.38493394852, 89.3137435913, 12.9297027588, 141.647476196, -9.84079551697], [-261.208129883, 98.9419403076, -140.736526489, -25.5810337067, -19.5665607452, -15.9990406036, 17.3701133728, -7.10208702087, 46.6257286072, -34.1457061768, 35.3760070801, -9.84079551697, 105.948135376]],
        "icov": [[0.000343739870004, 0.000115154405648, 0.000207184362807, -0.000337698176736, -0.000183596668649, -0.000212927086977, -6.33924428257e-05, -0.00055716681527, -9.14385454962e-05, -0.000242808702751, 0.000215628810111, -0.000312251911964, 0.000701574492268], [0.000115154405648, 0.00230241031386, -0.000630232738331, 7.45586366975e-05, -0.00179485499393, 0.00124707689974, -0.000806436873972, 0.00132279377431, -0.00101212749723, 0.0012622771319, -0.002046860056, 0.00197102548555, -0.000888935348485], [0.000207184362807, -0.000630232738331, 0.00275751878507, -0.00190223276149, -0.000195824948605, -0.00113746779971, 0.0011413678294, -0.000582257576752, 0.000751205428969, -0.00208826269954, 0.00246425904334, -0.00238015269861, 0.00182143202983], [-0.000337698176736, 7.45586366975e-05, -0.00190223276149, 0.00395443476737, -0.000815306382719, 0.00048153733951, 0.000512840633746, 0.000864164961968, -0.00122048333287, 0.00122818932869, -0.0022867382504, 0.000461651827209, -0.000838890729938], [-0.000183596668649, -0.00179485499393, -0.000195824948605, -0.000815306382719, 0.00607331329957, -0.00184666865971, -0.00116742297541, -0.00133615604136, -7.02176912455e-05, -0.001824872219, 0.00230688694865, -0.00257536326535, 0.000144423698657], [-0.000212927086977, 0.00124707689974, -0.00113746779971, 0.00048153733951, -0.00184666865971, 0.00768760871142, -0.00341800693423, -0.000611451279838, 0.00141799275298, -6.42488521407e-05, -0.00160259916447, 0.00233242404647, -0.0016380075831], [-6.33924428257e-05, -0.000806436873972, 0.0011413678294, 0.000512840633746, -0.00116742297541, -0.00341800693423, 0.00817298702896, -0.000842236040626, -0.00164934748318, 0.00245219422504, -0.00179461506195, -0.00118427560665, 0.00211399979889], [-0.00055716681527, 0.00132279377431, -0.000582257576752, 0.000864164961968, -0.00133615604136, -0.000611451279838, -0.000842236040626, 0.0125552788377, -0.00359648186713, -0.00285353511572, 0.000494767853525, 0.000838160456624, -0.00195742282085], [-9.14385454962e-05, -0.00101212749723, 0.000751205428969, -0.00122048333287, -7.02176912455e-05, 0.00141799275298, -0.00164934748318, -0.00359648186713, 0.0106215346605, -0.00277190445922, -0.000856822240166, 0.00214209570549, -0.00342919607647], [-0.000242808702751, 0.0012622771319, -0.00208826269954, 0.00122818932869, -0.001824872219, -6.42488521407e-05, 0.00245219422504, -0.00285353511572, -0.00277190445922, 0.0150497509167, -0.00540227908641, -0.00201097875834, 0.00249235425144], [0.000215628810111, -0.002046860056, 0.00246425904334, -0.0022867382504, 0.00230688694865, -0.00160259916447, -0.00179461506195, 0.000494767853525, -0.000856822240166, -0.00540227908641, 0.0154879596084, -0.00422047590837, -0.00125162082259], [-0.000312251911964, 0.00197102548555, -0.00238015269861, 0.000461651827209, -0.00257536326535, 0.00233242404647, -0.00118427560665, 0.000838160456624, 0.00214209570549, -0.00201097875834, -0.00422047590837, 0.0156181370839, -0.00426472863182], [0.000701574492268, -0.000888935348485, 0.00182143202983, -0.000838890729938, 0.000144423698657, -0.0016380075831, 0.00211399979889, -0.00195742282085, -0.00342919607647, 0.00249235425144, -0.00125162082259, -0.00426472863182, 0.0158510617912]]
    },
    "melbands": {
        "dmean": [0.00246923137456, 0.00137801759411, 0.000454185908893, 0.000163369317306, 9.94321526377e-05, 6.7984132329e-05, 0.000115005932457, 0.000149475075887, 0.000194937732886, 0.000251145364018, 0.000255531689618, 0.000183443742571, 0.000100896584627, 5.2786537708e-05, 4.97833825648e-05, 5.00555761391e-05, 4.59269140265e-05, 3.96398245357e-05, 1.97392528207e-05, 1.59686042025e-05, 1.26181857922e-05, 1.09346547106e-05, 1.03321326606e-05, 8.86557245394e-06, 9.39903475228e-06, 7.67972505855e-06, 3.42461521541e-06, 2.51944516094e-06, 2.17354886445e-06, 2.04308139473e-06, 1.96139512809e-06, 1.98561360776e-06, 1.84983127838e-06, 1.43286968068e-06, 1.27991154386e-06, 1.03523416328e-06, 7.18335002148e-07, 5.50728259441e-07, 4.6556405664e-07, 3.95948291043e-07],
        "dmean2": [0.00449977442622, 0.00229600537568, 0.000792870530859, 0.000274275749689, 0.000161929579917, 0.000108858228486, 0.000183773780009, 0.000235660918406, 0.000313626340358, 0.00041226981557, 0.000422232522396, 0.000298295228276, 0.000161533011124, 8.68077186169e-05, 8.11888239696e-05, 8.10558340163e-05, 7.40028044675e-05, 6.3317718741e-05, 3.18502643495e-05, 2.56414423347e-05, 2.0315981601e-05, 1.75379900611e-05, 1.64118100656e-05, 1.3665356164e-05, 1.40140355143e-05, 1.15605889732e-05, 5.2468458307e-06, 4.11740120398e-06, 3.50219374923e-06, 3.22777009387e-06, 3.05269372802e-06, 3.05379353449e-06, 2.82864516521e-06, 2.15179079532e-06, 1.95562734007e-06, 1.55643579092e-06, 1.09340271592e-06, 8.23164896246e-07, 7.12072164788e-07, 6.03805176524e-07],
        "dvar": [1.55514408107e-05, 1.20602853713e-05, 1.32385957841e-06, 1.04996750849e-07, 6.21728517558e-08, 2.19387885636e-08, 5.54922827689e-08, 1.50117642761e-07, 2.21185047167e-07, 6.26525206826e-07, 6.77559000906e-07, 2.47336089387e-07, 6.3162907793e-08, 1.45624143855e-08, 1.44332457097e-08, 1.29431727558e-08, 9.3373913046e-09, 7.57429052811e-09, 1.95427940497e-09, 1.22212240328e-09, 5.45134437591e-10, 3.906742152e-10, 4.31929603195e-10, 2.75912792613e-10, 3.2228525404e-10, 2.69985034329e-10, 3.4169916896e-11, 1.63028982675e-11, 1.23019441856e-11, 1.25212687441e-11, 1.42914013956e-11, 1.61795733061e-11, 1.55179688544e-11, 1.04794332934e-11, 8.39080367687e-12, 7.1075016532e-12, 4.61631297424e-12, 2.48012309474e-12, 1.25822941476e-12, 8.11241698817e-13],
        "dvar2": [5.13252816745e-05, 3.06570946123e-05, 3.63651338375e-06, 2.7152557891e-07, 1.57742320539e-07, 5.47556631147e-08, 1.27857930465e-07, 3.50137213445e-07, 5.30273041477e-07, 1.75323225449e-06, 1.88321769201e-06, 6.7619055244e-07, 1.56889143454e-07, 3.78358251396e-08, 3.4692664741e-08, 3.18433173163e-08, 2.29880132707e-08, 1.71535301519e-08, 4.75277239786e-09, 2.78712097845e-09, 1.26285260027e-09, 9.20827691875e-10, 1.04236419496e-09, 6.24811424821e-10, 6.39115649292e-10, 5.64417734772e-10, 6.81743550501e-11, 3.941633131e-11, 2.93927521211e-11, 2.99970707995e-11, 3.21588138064e-11, 3.56083912356e-11, 3.3851803305e-11, 2.03757583722e-11, 1.7207030939e-11, 1.37277038695e-11, 9.58004769264e-12, 5.18395049109e-12, 2.71075609876e-12, 1.79725754678e-12],
        "max": [0.0485936701298, 0.0404122173786, 0.0142383482307, 0.00518270209432, 0.00549354730174, 0.00430597411469, 0.00666744634509, 0.00864173844457, 0.00860810466111, 0.023826405406, 0.0231667309999, 0.0131403980777, 0.00554708344862, 0.00259879953228, 0.00251878285781, 0.00269690249115, 0.00176000373904, 0.00327645568177, 0.00158402544912, 0.000967668136582, 0.000592145777773, 0.000386631785659, 0.00057182443561, 0.00030642648926, 0.000427032646257, 0.000566933478694, 0.000151623869897, 8.81702871993e-05, 7.05780475982e-05, 8.99937876966e-05, 9.12336763577e-05, 8.32256409922e-05, 9.24350897549e-05, 9.40929021453e-05, 7.44645731174e-05, 8.00624766271e-05, 9.13245239644e-05, 6.28139241599e-05, 3.82683319913e-05, 2.50729408435e-05],
        "mean": [0.00294427410699, 0.00161562871654, 0.000441493029939, 0.000219827750698, 0.000147707483848, 0.000109751134005, 0.000186599529115, 0.000222428003326, 0.000290978088742, 0.000404388003517, 0.000417656032369, 0.000330458860844, 0.000185152384802, 8.68217030074e-05, 8.25665993034e-05, 8.53114252095e-05, 8.00717825769e-05, 6.76429990563e-05, 3.302535697e-05, 2.71400149359e-05, 2.26636275329e-05, 2.05561973416e-05, 1.91858325707e-05, 1.79152684723e-05, 2.056609992e-05, 1.68110600498e-05, 7.45263605495e-06, 5.16146110385e-06, 4.47517459179e-06, 4.16986631535e-06, 3.91403045796e-06, 3.98336987928e-06, 3.52647248292e-06, 2.79665619018e-06, 2.39888026954e-06, 1.89600564227e-06, 1.29592035591e-06, 1.00928900792e-06, 8.20261107037e-07, 7.00987243363e-07],
        "median": [0.00108006340452, 0.000638811383396, 0.000158212002134, 0.000109335058369, 5.88069815421e-05, 4.99568122905e-05, 8.89955990715e-05, 7.6186392107e-05, 7.68372701714e-05, 8.14620871097e-05, 7.38443632144e-05, 7.28127051843e-05, 4.42617383669e-05, 3.01352411043e-05, 3.00579122268e-05, 2.70696473308e-05, 2.52478057519e-05, 2.48812575592e-05, 1.55210873345e-05, 1.53706077981e-05, 1.33857511173e-05, 1.17799881991e-05, 1.01759014797e-05, 7.94777952251e-06, 7.12211749487e-06, 5.94549237576e-06, 3.74874161935e-06, 3.11582334689e-06, 2.52871723205e-06, 2.16024227484e-06, 1.83274687515e-06, 1.53258679347e-06, 1.36550852403e-06, 1.09038001028e-06, 9.2824160447e-07, 7.09517962605e-07, 4.96152665619e-07, 4.02981811476e-07, 3.53531504516e-07, 3.04782389549e-07],
        "min": [3.85339998192e-23, 5.89074150137e-24, 1.18522446148e-23, 1.91120360734e-23, 2.0759736157e-23, 2.210171793e-23, 1.44112123614e-23, 6.32317493366e-24, 1.42495731842e-23, 1.09651326616e-23, 8.27975626573e-24, 2.34192797248e-23, 8.00691531103e-24, 6.22552618094e-24, 9.15379916036e-24, 1.68125522886e-23, 1.56207633211e-23, 6.81094695845e-24, 8.88724937137e-24, 9.92701222067e-24, 7.13425607843e-24, 1.0436652653e-23, 6.7533009478e-24, 1.06446760626e-23, 7.08839486084e-24, 7.0946166068e-24, 7.03137205031e-24, 1.0794109195e-23, 9.23061922417e-24, 1.38448701849e-23, 1.77857652542e-23, 1.48595993222e-23, 7.57491378008e-24, 1.2250840253e-23, 1.26556181941e-23, 1.37487869267e-23, 6.36604242411e-24, 8.557686951e-24, 1.14678303291e-23, 1.18870286476e-23],
        "var": [1.96222390514e-05, 1.14685690278e-05, 9.64466039477e-07, 1.24454032857e-07, 9.10522359732e-08, 4.05370137457e-08, 9.89101849314e-08, 2.29416286857e-07, 3.88602387602e-07, 1.2742511899e-06, 1.36537028084e-06, 6.36251854758e-07, 1.71778665958e-07, 2.70352291665e-08, 2.70373554656e-08, 2.49270506458e-08, 1.98104537219e-08, 1.75349761378e-08, 3.45073414287e-09, 2.02966909946e-09, 1.05287356611e-09, 8.07927280633e-10, 8.34189162191e-10, 7.71989250303e-10, 1.22334142816e-09, 9.0270146913e-10, 1.24345450603e-10, 4.03189599762e-11, 3.35098650217e-11, 3.39242002545e-11, 3.79524363325e-11, 4.78509107338e-11, 4.49466054653e-11, 3.52793697034e-11, 2.37050119117e-11, 1.993880408e-11, 1.11262188698e-11, 6.28399849517e-12, 2.88052264333e-12, 1.91091933943e-12]
    },
    "mfcc": {
        "mean": [-636.000732422, 107.709159851, -13.0555467606, 7.82321214676, -5.25252485275, 5.33965063095, 2.68976521492, 10.8357486725, 4.91133451462, 6.96016550064, 5.46677684784, 0.0462217517197, -1.2824587822],
        "cov": [[5054.54931641, -420.791259766, 225.717056274, 553.063293457, 479.197875977, 346.259094238, 227.898468018, 301.090637207, 174.860626221, 305.964019775, 336.223815918, 161.996643066, 163.547973633], [-420.791259766, 751.913574219, -73.7492446899, 64.2037963867, 83.8058242798, 47.6341705322, 50.0218162537, 31.5520362854, 41.8547859192, 10.26450634, 28.1756496429, 37.457195282, 7.5515255928], [225.717056274, -73.7492446899, 980.128845215, 520.016601562, 431.324829102, 183.925918579, 32.0986175537, -18.7163028717, 9.69850730896, -2.54827547073, 16.8416671753, 88.1835632324, 130.845977783], [553.063293457, 64.2037963867, 520.016601562, 645.534118652, 392.139404297, 157.30758667, 23.5279598236, 29.8200035095, 32.8653106689, 31.3204631805, 56.0386962891, 92.0860061646, 125.899200439], [479.197875977, 83.8058242798, 431.324829102, 392.139404297, 477.447540283, 163.802429199, 61.763381958, 30.8401756287, 77.4145278931, 50.1057472229, 42.8467674255, 97.6196365356, 105.305900574], [346.259094238, 47.6341705322, 183.925918579, 157.30758667, 163.802429199, 226.41519165, 115.294586182, 70.0349960327, 34.0461883545, 31.6821651459, 53.1244087219, 43.2094612122, 33.1436424255], [227.898468018, 50.0218162537, 32.0986175537, 23.5279598236, 61.763381958, 115.294586182, 185.946060181, 73.9985961914, 18.2656135559, 31.0422115326, 43.0288200378, 15.6445713043, 10.553899765], [301.090637207, 31.5520362854, -18.7163028717, 29.8200035095, 30.8401756287, 70.0349960327, 73.9985961914, 134.585021973, 50.346698761, 37.6501235962, 37.3406143188, 17.8226280212, 12.338517189], [174.860626221, 41.8547859192, 9.69850730896, 32.8653106689, 77.4145278931, 34.0461883545, 18.2656135559, 50.346698761, 125.941604614, 55.1737785339, 15.4441337585, 29.0276527405, 17.215593338], [305.964019775, 10.26450634, -2.54827547073, 31.3204631805, 50.1057472229, 31.6821651459, 31.0422115326, 37.6501235962, 55.1737785339, 129.556060791, 56.2359580994, 18.9517936707, 29.6986370087], [336.223815918, 28.1756496429, 16.8416671753, 56.0386962891, 42.8467674255, 53.1244087219, 43.0288200378, 37.3406143188, 15.4441337585, 56.2359580994, 106.188865662, 38.5784835815, 25.3073787689], [161.996643066, 37.457195282, 88.1835632324, 92.0860061646, 97.6196365356, 43.2094612122, 15.6445713043, 17.8226280212, 29.0276527405, 18.9517936707, 38.5784835815, 98.6377716064, 51.7932510376], [163.547973633, 7.5515255928, 130.845977783, 125.899200439, 105.305900574, 33.1436424255, 10.553899765, 12.338517189, 17.215593338, 29.6986370087, 25.3073787689, 51.7932510376, 112.358894348]],
