{
"lowlevel": {
    "average_loudness": 0.902898848057,
    "barkbands_crest": {
        "dmean": 3.28723859787,
        "dmean2": 5.17077493668,
        "dvar": 9.09588623047,
        "dvar2": 20.1555404663,
        "max": 26.4705181122,
        "mean": 13.224729538,
        "median": 12.3492040634,
        "min": 2.01206755638,
        "var": 35.7769050598
    },
    "barkbands_flatness_db": {
        "dmean": 0.02900486812,
        "dmean2": 0.0433281734586,
        "dvar": 0.000838765874505,
        "dvar2": 0.00183594378177,
        "max": 0.437663704157,
        "mean": 0.145459234715,
        "median": 0.135006129742,
        "min": 0.0180978290737,
        "var": 0.00479044439271
    },
    "barkbands_kurtosis": {
        "dmean": 8.74012565613,
        "dmean2": 13.6924066544,
        "dvar": 565.774658203,
        "dvar2": 1358.44665527,
        "max": 535.403198242,
        "mean": 12.4815893173,
        "median": 1.96342778206,
        "min": -1.89534401894,
        "var": 1193.48840332
    },
    "barkbands_skewness": {
        "dmean": 0.891149699688,
        "dmean2": 1.34747374058,
        "dvar": 1.38267934322,
        "dvar2": 3.08124303818,
        "max": 20.3565006256,
        "mean": 1.99324309826,
        "median": 1.26596641541,
        "min": -2.93557357788,
        "var": 6.57564353943
    },
    "barkbands_spread": {
        "dmean": 7.09992551804,
        "dmean2": 11.1129312515,
        "dvar": 73.0876617432,
        "dvar2": 169.593017578,
        "max": 109.264907837,
        "mean": 24.1303367615,
        "median": 21.7243270874,
        "min": 0.309913277626,
        "var": 273.728912354
    },
    "dissonance": {
        "dmean": 0.0197391994298,
        "dmean2": 0.0333299823105,
        "dvar": 0.000428326660767,
        "dvar2": 0.00113213353325,
        "max": 0.499999940395,
        "mean": 0.467622727156,
        "median": 0.476552635431,
        "min": 0.190310716629,
        "var": 0.000939032819588
    },
    "dynamic_complexity": 3.93394899368,
    "erbbands_crest": {
        "dmean": 3.1274292469,
        "dmean2": 5.02884483337,
        "dvar": 9.66020011902,
        "dvar2": 22.4791374207,
        "max": 32.7803421021,
        "mean": 10.3687257767,
        "median": 8.71692562103,
        "min": 2.11903333664,
        "var": 36.4308815002
    },
    "erbbands_flatness_db": {
        "dmean": 0.0195181295276,
        "dmean2": 0.0274587348104,
        "dvar": 0.000351969036274,
        "dvar2": 0.000638738740236,
        "max": 0.42302146554,
        "mean": 0.148124098778,
        "median": 0.134448438883,
        "min": 0.034411907196,
        "var": 0.00387358060107
    },
    "erbbands_kurtosis": {
        "dmean": 1.40258002281,
        "dmean2": 2.17016220093,
        "dvar": 5.66777420044,
        "dvar2": 13.4717521667,
        "max": 70.8605117798,
        "mean": 1.72904169559,
        "median": 0.434626817703,
        "min": -1.74785339832,
        "var": 20.7246952057
    },
    "erbbands_skewness": {
        "dmean": 0.419014185667,
        "dmean2": 0.634400308132,
        "dvar": 0.169630035758,
        "dvar2": 0.375684440136,
        "max": 6.46404504776,
        "mean": 0.409319519997,
        "median": 0.311204642057,
        "min": -4.1242890358,
        "var": 0.916642189026
    },
    "erbbands_spread": {
        "dmean": 9.52919769287,
        "dmean2": 14.2242136002,
        "dvar": 126.505523682,
        "dvar2": 278.588439941,
        "max": 181.440917969,
        "mean": 38.4826011658,
        "median": 34.3139953613,
        "min": 2.12410521507,
        "var": 588.936157227
    },
    "hfc": {
        "dmean": 7.32439136505,
        "dmean2": 10.7835683823,
        "dvar": 128.797302246,
        "dvar2": 293.692810059,
        "max": 179.411392212,
        "mean": 24.3457717896,
        "median": 16.2380428314,
        "min": 1.13752236712e-16,
        "var": 519.944152832
    },
    "melbands_crest": {
        "dmean": 4.0085515976,
        "dmean2": 6.33209991455,
        "dvar": 13.1929836273,
        "dvar2": 29.7319812775,
        "max": 37.0554847717,
        "mean": 18.1921234131,
        "median": 17.5515804291,
        "min": 2.17003917694,
        "var": 57.295589447
    },
    "melbands_flatness_db": {
        "dmean": 0.0342108383775,
        "dmean2": 0.0518194511533,
        "dvar": 0.00121234729886,
        "dvar2": 0.00270611350425,
        "max": 0.541994392872,
        "mean": 0.206847399473,
        "median": 0.192072376609,
        "min": 0.0061706523411,
        "var": 0.00756966182962
    },
    "melbands_kurtosis": {
        "dmean": 20.5289497375,
        "dmean2": 31.8517341614,
        "dvar": 2033.56152344,
        "dvar2": 4741.83837891,
        "max": 1083.57824707,
        "mean": 33.7836875916,
        "median": 6.60025501251,
        "min": -1.81434285641,
        "var": 5334.61328125
    },
    "melbands_skewness": {
        "dmean": 1.23279428482,
        "dmean2": 1.8477410078,
        "dvar": 2.39444470406,
        "dvar2": 5.35516738892,
        "max": 24.5752658844,
        "mean": 3.3573319912,
        "median": 2.13547182083,
        "min": -2.56148457527,
        "var": 12.4213552475
    },
    "melbands_spread": {
        "dmean": 8.44355583191,
        "dmean2": 13.2783279419,
        "dvar": 129.127151489,
        "dvar2": 295.513366699,
        "max": 223.071929932,
        "mean": 25.2965488434,
        "median": 20.8921203613,
        "min": 0.274979829788,
        "var": 402.74798584
    },
    "pitch_salience": {
        "dmean": 0.0864457637072,
        "dmean2": 0.135691955686,
        "dvar": 0.00679596606642,
        "dvar2": 0.0157810430974,
        "max": 0.954466700554,
        "mean": 0.457963466644,
        "median": 0.467682570219,
        "min": 0.0395983941853,
        "var": 0.0276847742498
    },
    "silence_rate_20dB": {
        "dmean": 0,
        "dmean2": 0,
        "dvar": 0,
        "dvar2": 0,
        "max": 1,
        "mean": 1,
        "median": 1,
        "min": 1,
        "var": 0
    },
    "silence_rate_30dB": {
        "dmean": 0.0112858684734,
        "dmean2": 0.0225744470954,
        "dvar": 0.0111598139629,
        "dvar2": 0.0259039215744,
        "max": 1,
        "mean": 0.986674666405,
        "median": 1,
        "min": 0,
        "var": 0.0131465420127
    },
    "silence_rate_60dB": {
        "dmean": 0.0223316121846,
        "dmean2": 0.0446685887873,
        "dvar": 0.0218339022249,
        "dvar2": 0.0498727187514,
        "max": 1,
        "mean": 0.0675870329142,
        "median": 0,
        "min": 0,
        "var": 0.0630276948214
    },
    "spectral_centroid": {
        "dmean": 282.750793457,
        "dmean2": 436.131866455,
        "dvar": 119394.109375,
        "dvar2": 256874.859375,
        "max": 11218.5703125,
        "mean": 1616.97460938,
        "median": 1585.04272461,
        "min": 200.582519531,
        "var": 480236.9375
    },
    "spectral_complexity": {
        "dmean": 3.91115379333,
        "dmean2": 6.10446691513,
        "dvar": 25.0939846039,
        "dvar2": 55.4960136414,
        "max": 57,
        "mean": 15.8619451523,
        "median": 14,
        "min": 0,
        "var": 96.8825759888
    },
    "spectral_decrease": {
        "dmean": 2.78614775695e-09,
        "dmean2": 4.30888658087e-09,
        "dvar": 1.5738664599e-17,
        "dvar2": 3.78922604322e-17,
        "max": 5.01377342422e-29,
        "mean": -7.66667085372e-09,
        "median": -6.71166944244e-09,
        "min": -9.15449689387e-08,
        "var": 4.32824472362e-17
    },
    "spectral_energy": {
        "dmean": 0.0109628587961,
        "dmean2": 0.0169117469341,
        "dvar": 0.000233703816775,
        "dvar2": 0.000559346342925,
        "max": 0.350132256746,
        "mean": 0.0311441272497,
        "median": 0.0275630690157,
        "min": 1.0128418665e-20,
        "var": 0.00067220145138
    },
    "spectral_energyband_high": {
        "dmean": 0.000433448032709,
        "dmean2": 0.000659784011077,
        "dvar": 8.86405643996e-07,
        "dvar2": 2.16759190153e-06,
        "max": 0.0132645387203,
        "mean": 0.00102774275001,
        "median": 0.000557265477255,
        "min": 7.596109425e-21,
        "var": 1.8975159719e-06
    },
    "spectral_energyband_low": {
        "dmean": 0.00821413565427,
        "dmean2": 0.0130136432126,
        "dvar": 0.000210830738069,
        "dvar2": 0.000518801796716,
        "max": 0.333373844624,
        "mean": 0.0157642550766,
        "median": 0.0101434187964,
        "min": 7.96076710584e-23,
        "var": 0.000408943742514
    },
    "spectral_energyband_middle_high": {
        "dmean": 0.00297076650895,
        "dmean2": 0.00426380243152,
        "dvar": 2.38191387325e-05,
        "dvar2": 4.58622416772e-05,
        "max": 0.0739293321967,
        "mean": 0.00850734580308,
        "median": 0.00296880071983,
        "min": 1.25860821248e-21,
        "var": 0.000133781431941
    },
    "spectral_energyband_middle_low": {
        "dmean": 0.00286678806879,
        "dmean2": 0.00442456640303,
        "dvar": 2.3259106456e-05,
        "dvar2": 5.32515987288e-05,
        "max": 0.0892102047801,
        "mean": 0.00625756196678,
        "median": 0.00255334191024,
        "min": 2.64255478552e-22,
        "var": 9.66184525169e-05
    },
    "spectral_entropy": {
        "dmean": 0.165223330259,
        "dmean2": 0.235864818096,
        "dvar": 0.0284641161561,
        "dvar2": 0.0571592897177,
        "max": 9.79704189301,
        "mean": 7.77525901794,
        "median": 7.79081296921,
        "min": 5.82691669464,
        "var": 0.174703538418
    },
    "spectral_flux": {
        "dmean": 0.0294326003641,
        "dmean2": 0.0468508526683,
        "dvar": 0.000880710955244,
        "dvar2": 0.00217070407234,
        "max": 0.443388581276,
        "mean": 0.0954055562615,
        "median": 0.0871895253658,
        "min": 1.00640044909e-10,
        "var": 0.00265842187218
    },
    "spectral_kurtosis": {
        "dmean": 1.06575870514,
        "dmean2": 1.69330859184,
        "dvar": 1.83186125755,
        "dvar2": 4.93340301514,
        "max": 37.6383705139,
        "mean": 3.60614109039,
        "median": 3.22102022171,
        "min": -1.20196688175,
        "var": 5.55103778839
    },
    "spectral_rms": {
        "dmean": 0.000942967482843,
        "dmean2": 0.00142322224565,
        "dvar": 9.4389122296e-07,
        "dvar2": 2.18336367652e-06,
        "max": 0.0184822194278,
        "mean": 0.00505859451368,
        "median": 0.00518563389778,
        "min": 3.14346682365e-12,
        "var": 4.79495975014e-06
    },
    "spectral_rolloff": {
        "dmean": 563.51373291,
        "dmean2": 929.664611816,
        "dvar": 1114498.75,
        "dvar2": 2497560,
        "max": 18755.4199219,
        "mean": 1493.71105957,
        "median": 1227.39257812,
        "min": 43.06640625,
        "var": 2317773.5
    },
    "spectral_skewness": {
        "dmean": 0.17604650557,
        "dmean2": 0.267702758312,
        "dvar": 0.0314034633338,
        "dvar2": 0.0752202570438,
        "max": 4.10093784332,
        "mean": 1.51806926727,
        "median": 1.5216884613,
        "min": -0.0347744785249,
        "var": 0.164022311568
    },
    "spectral_spread": {
        "dmean": 667379.25,
        "dmean2": 975823.0625,
        "dvar": 749653327872,
        "dvar2": 1.41639666893e+12,
        "max": 39459496,
        "mean": 5529089,
        "median": 5405274.5,
        "min": 1432251.25,
        "var": 2.9024934953e+12
    },
    "spectral_strongpeak": {
        "dmean": 0.720581769943,
        "dmean2": 1.19494020939,
        "dvar": 1.8445751667,
        "dvar2": 4.36253976822,
        "max": 15.9645881653,
        "mean": 1.28825807571,
        "median": 0.417839884758,
        "min": 0,
        "var": 3.93374991417
    },
    "zerocrossingrate": {
        "dmean": 0.0119944596663,
        "dmean2": 0.013844368048,
        "dvar": 0.00019487690588,
        "dvar2": 0.000225703537581,
        "max": 0.5,
        "mean": 0.0662785246968,
        "median": 0.0625,
        "min": 0.001953125,
        "var": 0.00151425029617
    },
    "barkbands": {
        "dmean": [0.000831559300423, 0.00736023578793, 0.00123365502805, 0.000638274184894, 0.000528324570041, 0.000434035697253, 0.000844890018925, 0.000996652757749, 0.000580273801461, 0.000874779711012, 0.000842753506731, 0.000883744389284, 0.000429202074884, 0.000720453390386, 0.000641430378892, 0.000488719320856, 0.000229855955695, 0.00018900570285, 0.000227736280067, 0.000137810726301, 0.000107505387859, 8.2445127191e-05, 9.92946879705e-05, 7.64431097195e-05, 7.26151556592e-05, 3.29603899445e-05, 1.79961841695e-06],
        "dmean2": [0.0013073196169, 0.0114502795041, 0.0021167951636, 0.00102725659963, 0.000875203637406, 0.000685884791892, 0.00128994532861, 0.00152901024558, 0.00093503727112, 0.00135919405147, 0.00128434330691, 0.00130481575616, 0.000663530372549, 0.00107334973291, 0.000958731339779, 0.00076835276559, 0.000373448216124, 0.000306724658003, 0.000371648813598, 0.000223696944886, 0.000179942333489, 0.000132747212774, 0.000154583147378, 0.000114337322884, 0.000111053559522, 4.80501767015e-05, 2.89833860734e-06],
        "dvar": [2.70006444225e-06, 0.000193058644072, 9.49019795371e-06, 2.88706587526e-06, 1.25684016439e-06, 1.94160361389e-06, 6.31926059214e-06, 1.07851656139e-05, 3.30767784362e-06, 7.14084671927e-06, 7.32674243409e-06, 5.4743459259e-06, 2.35543711824e-06, 5.5986379266e-06, 5.01031126987e-06, 2.22116887016e-06, 4.70894264026e-07, 1.96492109694e-07, 2.4547347266e-07, 8.09277551639e-08, 6.62422223741e-08, 4.98392367376e-08, 5.41326627967e-08, 2.36806609877e-08, 1.84828827798e-08, 4.77072115146e-09, 2.7419875398e-11],
        "dvar2": [6.43550310997e-06, 0.000460288312752, 2.57248375419e-05, 6.92502680977e-06, 3.11986491397e-06, 4.02858313464e-06, 1.25999522425e-05, 2.2001348043e-05, 8.18847456685e-06, 1.71107240021e-05, 1.56485984917e-05, 1.06867146314e-05, 4.80765402244e-06, 1.12375801109e-05, 1.01329842437e-05, 5.01107297168e-06, 1.18370405744e-06, 4.89570311402e-07, 6.29189855772e-07, 1.97091353016e-07, 1.74959481569e-07, 1.29848942265e-07, 1.3569786006e-07, 4.87020308526e-08, 4.16796126501e-08, 9.81617187534e-09, 5.94719481994e-11],
        "max": [0.0274433717132, 0.326206475496, 0.0809521749616, 0.0236302018166, 0.0252682231367, 0.0460061654449, 0.0697558745742, 0.0843985751271, 0.0541672334075, 0.0682981014252, 0.0561275407672, 0.0572467632592, 0.054361730814, 0.0521613284945, 0.0523395203054, 0.0302575826645, 0.0177357643843, 0.0103060975671, 0.00931556522846, 0.0046707210131, 0.00410142447799, 0.00381876714528, 0.00348687567748, 0.00304858130403, 0.00298133469187, 0.00172405131161, 0.000200916794711],
        "mean": [0.00105891108979, 0.0129435826093, 0.00154333782848, 0.000684049620759, 0.000746754871216, 0.000632771290839, 0.00126277690288, 0.00178183568642, 0.00082197249867, 0.00138728995807, 0.0012980310712, 0.00159049965441, 0.000583404093049, 0.00108851050027, 0.000959325290751, 0.000656676595099, 0.000311329873512, 0.000289962743409, 0.000362983642844, 0.000239141008933, 0.000180684321094, 0.000155741319759, 0.000188094287296, 0.000164166413015, 0.000149697109009, 6.05059831287e-05, 2.04029015549e-06],
        "median": [0.00028384354664, 0.00651203468442, 0.000561731169, 0.00015448834165, 0.000286971218884, 0.000149987419718, 0.000201429997105, 0.000146227233927, 0.000145594327478, 0.000223723109229, 0.000147116777953, 0.000287526403554, 0.000111943933007, 0.000185462238733, 0.000113232992589, 0.000118650335935, 0.000105270621134, 0.000116349801829, 0.000137562092277, 0.000102485282696, 6.98146614013e-05, 5.28919263161e-05, 7.91516940808e-05, 7.56003719289e-05, 7.82757415436e-05, 2.75193997368e-05, 2.26364875289e-07],
        "min": [3.65062486395e-23, 2.50242014592e-23, 3.2691033312e-23, 8.63640422529e-24, 7.11431935454e-23, 6.98108642745e-23, 1.90076397989e-23, 4.43436069765e-23, 1.87570218448e-23, 4.00395029915e-23, 8.879388688e-23, 7.61337043367e-23, 1.71578597415e-22, 7.04266869624e-23, 1.02904128296e-22, 7.64814847108e-23, 1.41455975304e-22, 1.29256096254e-22, 2.72075475638e-22, 3.44189024895e-22, 3.44273792732e-22, 7.25082220475e-22, 5.76949692501e-22, 8.92814344738e-22, 8.78177125305e-22, 1.74660054719e-21, 2.31619598608e-21],
        "var": [4.55355939266e-06, 0.000350906542735, 9.07824505703e-06, 3.05742219098e-06, 2.08618394026e-06, 4.00788394472e-06, 1.58887160069e-05, 4.32851302321e-05, 6.92585808793e-06, 1.51213926074e-05, 1.70797702594e-05, 1.70256535057e-05, 4.01615170631e-06, 1.16848641483e-05, 1.0973118151e-05, 3.8508360376e-06, 5.40261282822e-07, 3.17971938557e-07, 3.85842810147e-07, 1.50298816948e-07, 8.98828389495e-08, 8.49973957884e-08, 9.50042249315e-08, 6.20478175506e-08, 4.20455350536e-08, 9.98627758264e-09, 4.49663153934e-11]
    },
    "erbbands": {
        "dmean": [0.281402736902, 1.47530436516, 1.57995820045, 1.76043498516, 1.55811464787, 1.97862815857, 3.23110198975, 3.61537909508, 8.1522321701, 17.8544158936, 19.8520030975, 12.1308889389, 22.7925052643, 26.6401252747, 37.6121559143, 31.2151165009, 18.0208511353, 28.6931533813, 33.6518859863, 29.4914970398, 20.5775623322, 12.2051715851, 9.24898052216, 12.3451852798, 8.66612529755, 6.67784118652, 5.40734672546, 3.45201683044, 3.06876897812, 2.73836803436, 3.0110180378, 1.83136808872, 1.27483975887, 0.976649820805, 0.459735691547, 0.179419219494, 0.0563709177077, 0.00849764607847, 0.000250925251748, 1.82439362106e-05],
        "dmean2": [0.442638218403, 2.29960989952, 2.60577630997, 2.91647028923, 2.56599831581, 3.27566862106, 5.12740898132, 5.68227100372, 12.6476287842, 27.3807468414, 29.9155979156, 19.4012241364, 35.4033470154, 40.0234146118, 56.1801109314, 45.7095336914, 27.1430034637, 41.864616394, 48.5421791077, 43.6485939026, 32.4909210205, 19.5810050964, 15.1064796448, 19.9630908966, 13.7640428543, 10.7628469467, 9.02141189575, 5.75884580612, 4.99410295486, 4.37554645538, 4.69202756882, 2.75126361847, 1.94914519787, 1.49440658092, 0.709058761597, 0.267518788576, 0.0826065912843, 0.0124295949936, 0.00036931791692, 2.70054351859e-05],
        "dvar": [0.243719890714, 8.9045085907, 12.0030250549, 22.1243457794, 16.2517776489, 22.7274875641, 88.3115005493, 177.76902771, 490.183898926, 3481.8918457, 4605.69189453, 1406.24572754, 4800.67529297, 7496.67626953, 12538.5585938, 6436.75830078, 3557.35791016, 9931.40527344, 11477.5947266, 8423.43359375, 4799.77490234, 966.893554688, 420.690032959, 855.004577637, 329.073944092, 210.139251709, 155.828414917, 71.0634078979, 77.0428848267, 49.3531990051, 45.9741897583, 14.5160903931, 6.60351419449, 3.17660713196, 0.860867798328, 0.140188038349, 0.0164480023086, 0.000363493862096, 5.03444312017e-07, 8.45915115733e-10],
        "dvar2": [0.628490567207, 20.348815918, 32.3100471497, 57.4816131592, 40.5773773193, 55.1228942871, 184.441360474, 381.475189209, 1074.40966797, 7496.21679688, 9155.78027344, 3657.36254883, 12027.5957031, 16092.4589844, 25671.1621094, 12781.4033203, 7346.68554688, 19807.484375, 20811.5371094, 17009.5742188, 11578.3447266, 2281.86035156, 1056.92224121, 2158.96801758, 808.305786133, 512.476623535, 418.794403076, 185.272491455, 205.879348755, 125.179290771, 112.890296936, 29.8413944244, 14.6558828354, 7.14950609207, 2.00635576248, 0.305543601513, 0.0350230298936, 0.000692658068147, 9.35347543418e-07, 1.67082503388e-09],
        "max": [9.82197093964, 70.5504226685, 110.310722351, 98.936050415, 59.2825622559, 127.56628418, 287.614562988, 479.94241333, 522.635986328, 1700.93200684, 2156.93676758, 1011.4352417, 2050.39135742, 2817.13793945, 2003.19116211, 1697.49365234, 2621.25756836, 2430.61328125, 2553.7590332, 2299.56420898, 1889.50097656, 642.865539551, 358.076904297, 759.43560791, 407.652130127, 323.038604736, 189.201507568, 139.884155273, 154.104385376, 158.764053345, 119.981399536, 94.4249954224, 64.0068664551, 33.0043716431, 21.4425735474, 8.92592334747, 3.27587175369, 0.736881017685, 0.0353212319314, 0.00104681658559],
        "mean": [0.46194255352, 2.52877402306, 2.38580179214, 2.06964945793, 1.78957056999, 2.70954537392, 4.75215673447, 5.25285339355, 11.753323555, 31.916217804, 36.5722999573, 18.1883125305, 36.7529525757, 42.1977233887, 62.87134552, 58.7444992065, 28.7067928314, 47.4131393433, 58.66929245, 45.981136322, 28.9635639191, 18.4607276917, 15.1019105911, 19.0027542114, 15.5315771103, 11.6539783478, 9.01134490967, 5.96173477173, 5.57678842545, 5.21787309647, 5.62896728516, 3.79625821114, 2.62047076225, 1.93970417976, 0.894692480564, 0.32961538434, 0.0992709249258, 0.0138132972643, 0.000393632479245, 5.19152927154e-05],
        "median": [0.198586776853, 1.1768862009, 1.17765808105, 0.728318750858, 0.689260423183, 0.89984691143, 1.23733377457, 1.36934757233, 2.81314682961, 3.31920528412, 4.17300415039, 3.71090149879, 7.132417202, 8.45730113983, 10.5170049667, 12.5835170746, 7.91445302963, 8.79652500153, 9.80143356323, 7.47878217697, 6.55154705048, 6.99245405197, 6.54691791534, 7.21681690216, 6.15127754211, 4.91849374771, 3.72536230087, 2.34044456482, 1.92271399498, 1.94064617157, 2.30451416969, 1.66880965233, 1.21178162098, 0.957292258739, 0.446778714657, 0.149233818054, 0.0434591844678, 0.00542879244313, 0.000137777882628, 4.26570259151e-05],
        "min": [1.04979943193e-21, 5.10032416727e-21, 3.17798009205e-20, 3.97104305863e-20, 1.35250234007e-19, 3.06390283829e-19, 7.01820098251e-20, 8.14105265213e-19, 5.2489024943e-19, 5.65026965606e-19, 7.31126797161e-19, 3.74402417962e-19, 1.61126935449e-18, 1.71766773553e-18, 3.54542555917e-18, 2.87020154066e-18, 7.18626640199e-18, 5.24447480328e-18, 6.71358686225e-18, 2.67654304962e-18, 4.90020264592e-18, 7.57978930661e-18, 7.112411581e-18, 1.21185847488e-17, 1.29487465203e-17, 1.70432458847e-17, 1.31445955924e-17, 1.68965288594e-17, 2.92597969421e-17, 2.13296544599e-17, 1.75193478842e-17, 1.4654075306e-17, 1.53386979574e-17, 8.36851263812e-18, 7.64609114143e-18, 6.26278831766e-18, 3.25592289133e-18, 1.31459420356e-18, 3.52258198428e-19, 3.24917384716e-20],
        "var": [0.458184033632, 15.3541088104, 13.7286844254, 20.4971675873, 15.5662622452, 36.8532028198, 199.042404175, 321.569091797, 943.690917969, 12716.0644531, 20522.296875, 2766.89477539, 8876.84082031, 14274.0273438, 29041.4980469, 20698.6210938, 6208.78613281, 22817.4453125, 32619.8125, 18554.8359375, 6332.06152344, 1413.39599609, 670.060180664, 1205.01989746, 653.16003418, 383.811218262, 203.887619019, 101.797470093, 115.956710815, 86.6262588501, 84.3945541382, 35.5648002625, 15.8519916534, 7.3872551918, 1.7069311142, 0.272693753242, 0.0314558371902, 0.000795544940047, 1.04399964584e-06, 2.29008501051e-09]
    },
    "gfcc": {
        "mean": [-0.813002884388, 64.7368621826, -114.673194885, 30.9395942688, -51.9383850098, 33.7083816528, -30.6176490784, 22.1162528992, -20.8303756714, 10.1000938416, -10.1318330765, 3.66525554657, -9.60615348816],
        "cov": [[4997.421875, -1126.42663574, 236.213150024, 206.77923584, 69.4956359863, 168.288223267, -175.311462402, 250.523605347, -246.271408081, 195.257827759, -170.160064697, 121.657478333, -258.617919922], [-1126.42663574, 1132.27441406, 45.0716018677, 35.8667144775, 117.458724976, -63.4897651672, 164.582244873, -48.7168769836, 196.800292969, -60.7393341064, 210.765182495, -91.7078094482, 133.185653687], [236.213150024, 45.0716018677, 1606.06286621, 609.796569824, 222.038284302, 171.277999878, 52.8762550354, 154.783172607, 61.9788551331, 252.052886963, -34.9211425781, 223.116653442, -54.8819847107], [206.77923584, 35.8667144775, 609.796569824, 578.744995117, 214.708511353, 128.902282715, 62.3021659851, 47.8593826294, 65.266242981, 72.4752960205, -1.18370354176, 69.5204467773, 44.2974586487], [69.4956359863, 117.458724976, 222.038284302, 214.708511353, 339.2472229, 137.215927124, 60.3425331116, 39.4244728088, 26.4566574097, 44.0334205627, 30.4351177216, 25.5631275177, 30.7495288849], [168.288223267, -63.4897651672, 171.277999878, 128.902282715, 137.215927124, 229.074829102, 88.5917663574, 38.5540924072, 1.50188243389, 40.8643264771, 10.3452167511, 19.2941703796, 11.9736757278], [-175.311462402, 164.582244873, 52.8762550354, 62.3021659851, 60.3425331116, 88.5917663574, 197.818084717, 29.5075283051, 57.8439483643, 0.825053989887, 53.0111160278, -9.55530071259, 26.4346866608], [250.523605347, -48.7168769836, 154.783172607, 47.8593826294, 39.4244728088, 38.5540924072, 29.5075283051, 166.049850464, 44.2668457031, 55.098274231, 1.52661144733, 44.2694778442, 4.67646789551], [-246.271408081, 196.800292969, 61.9788551331, 65.266242981, 26.4566574097, 1.50188243389, 57.8439483643, 44.2668457031, 164.851074219, 30.2589912415, 58.2136230469, -10.2114715576, 43.1479454041], [195.257827759, -60.7393341064, 252.052886963, 72.4752960205, 44.0334205627, 40.8643264771, 0.825053989887, 55.098274231, 30.2589912415, 154.504211426, 29.523393631, 51.0729598999, -32.2620239258], [-170.160064697, 210.765182495, -34.9211425781, -1.18370354176, 30.4351177216, 10.3452167511, 53.0111160278, 1.52661144733, 58.2136230469, 29.523393631, 159.360168457, -4.01044797897, 37.704864502], [121.657478333, -91.7078094482, 223.116653442, 69.5204467773, 25.5631275177, 19.2941703796, -9.55530071259, 44.2694778442, -10.2114715576, 51.0729598999, -4.01044797897, 132.582275391, 15.4810810089], [-258.617919922, 133.185653687, -54.8819847107, 44.2974586487, 30.7495288849, 11.9736757278, 26.4346866608, 4.67646789551, 43.1479454041, -32.2620239258, 37.704864502, 15.4810810089, 139.428878784]],
        "icov": [[0.000325395463733, 0.000149104816956, 0.000147318685777, -0.000283501925878, 5.51855464437e-06, -0.000122496232507, 0.000198980225832, -0.000556977814995, 0.000386176252505, -0.000180017043022, -9.27316650632e-05, -3.59133409802e-05, 0.00046734767966], [0.000149104816956, 0.00250859023072, -0.000967247702647, 0.000788699078839, -0.00123420148157, 0.00169642060064, -0.00117690605111, 0.000712268636562, -0.00132817437407, 0.00147137767635, -0.00229547428899, 0.00188993557822, -0.00126286619343], [0.000147318685777, -0.000967247702647, 0.00217141746543, -0.00193514826242, 0.000606326793786, -0.000879206112586, 0.000411373301176, -0.000880174047779, 0.000583392218687, -0.00201720558107, 0.00138090190012, -0.0024569449015, 0.00181210238952], [-0.000283501925878, 0.000788699078839, -0.00193514826242, 0.00446543795988, -0.00182721531019, 0.000295604142593, -0.000671680085361, 0.00149892526679, -0.00176100991666, 0.00117490207776, -0.000208689656574, 0.00115045183338, -0.00225946633145], [5.51855464437e-06, -0.00123420148157, 0.000606326793786, -0.00182721531019, 0.00530997151509, -0.0029064072296, 0.000774625688791, -0.00088878814131, 0.00101459410507, -0.000998287927359, 0.000383030594094, -0.000742121948861, 0.000403685990022], [-0.000122496232507, 0.00169642060064, -0.000879206112586, 0.000295604142593, -0.0029064072296, 0.00874762330204, -0.0040822760202, 0.000295111734886, 0.000790523190517, -0.000489743077196, -0.000906725414097, 0.00195644632913, -0.0019638123922], [0.000198980225832, -0.00117690605111, 0.000411373301176, -0.000671680085361, 0.000774625688791, -0.0040822760202, 0.00851348694414, -0.00158326234668, -0.00109694572166, 0.0011736000888, -0.00101180269849, -0.000483439216623, 0.00142566196155], [-0.000556977814995, 0.000712268636562, -0.000880174047779, 0.00149892526679, -0.00088878814131, 0.000295111734886, -0.00158326234668, 0.00945878401399, -0.00354402256198, -0.000819236622192, 0.000642710656393, -0.0012060002191, -0.00151527556591], [0.000386176252505, -0.00132817437407, 0.000583392218687, -0.00176100991666, 0.00101459410507, 0.000790523190517, -0.00109694572166, -0.00354402256198, 0.0111966561526, -0.00331017374992, -0.000655034149531, 0.00174786057323, -0.00143849244341], [-0.000180017043022, 0.00147137767635, -0.00201720558107, 0.00117490207776, -0.000998287927359, -0.000489743077196, 0.0011736000888, -0.000819236622192, -0.00331017374992, 0.0131910266355, -0.0046159112826, -0.00119831098709, 0.00261841528118], [-9.27316650632e-05, -0.00229547428899, 0.00138090190012, -0.000208689656574, 0.000383030594094, -0.000906725414097, -0.00101180269849, 0.000642710656393, -0.000655034149531, -0.0046159112826, 0.011084835045, -0.00178188132122, -0.000870901916642], [-3.59133409802e-05, 0.00188993557822, -0.0024569449015, 0.00115045183338, -0.000742121948861, 0.00195644632913, -0.000483439216623, -0.0012060002191, 0.00174786057323, -0.00119831098709, -0.00178188132122, 0.0137596204877, -0.00494083808735], [0.00046734767966, -0.00126286619343, 0.00181210238952, -0.00225946633145, 0.000403685990022, -0.0019638123922, 0.00142566196155, -0.00151527556591, -0.00143849244341, 0.00261841528118, -0.000870901916642, -0.00494083808735, 0.0123716890812]]
    },
    "melbands": {
        "dmean": [0.00225005624816, 0.00112691463437, 0.000296353333397, 0.000111570945592, 0.000108442793135, 8.3086968516e-05, 0.000136085553095, 0.000200897906325, 0.000153673245222, 7.65618678997e-05, 0.000120298616821, 0.00011449532758, 0.000124157493701, 0.000114403948828, 5.89693881921e-05, 4.14042115153e-05, 6.0189726355e-05, 6.0782989749e-05, 4.81418537674e-05, 3.84661907447e-05, 2.34271064983e-05, 1.46627589857e-05, 9.14539577934e-06, 9.7439988167e-06, 1.11766858026e-05, 8.84740347828e-06, 5.05556909047e-06, 4.75187698612e-06, 4.08763480664e-06, 2.55636814472e-06, 1.96276596398e-06, 1.91465824173e-06, 1.66636493759e-06, 1.64284608672e-06, 1.89942682027e-06, 1.52174902723e-06, 1.093217179e-06, 9.35646653488e-07, 9.8394809811e-07, 8.34344177747e-07],
        "dmean2": [0.00350250862539, 0.00181890488602, 0.000481050083181, 0.000184450123925, 0.000172037020093, 0.000130948101287, 0.000207728837267, 0.000308595277602, 0.000230732926866, 0.000123677222291, 0.000186564822798, 0.000172412226675, 0.000184512216947, 0.000165012519574, 9.17047436815e-05, 6.27647677902e-05, 8.78059727256e-05, 8.836654888e-05, 7.12454930181e-05, 5.94226585235e-05, 3.75606905436e-05, 2.37300446315e-05, 1.50870646394e-05, 1.58835300681e-05, 1.82547428267e-05, 1.44001514855e-05, 8.07440665085e-06, 7.75882654125e-06, 6.90357592248e-06, 4.20473679696e-06, 3.33089656124e-06, 3.16995601679e-06, 2.68691701422e-06, 2.65534504251e-06, 3.00691681332e-06, 2.35596235143e-06, 1.64655136814e-06, 1.45655405959e-06, 1.53445262185e-06, 1.2811394754e-06],
        "dvar": [1.69899067259e-05, 4.96658867633e-06, 5.85377108564e-07, 6.50587850259e-08, 7.61213314604e-08, 7.94890553379e-08, 1.32232599981e-07, 4.02366964636e-07, 2.64299984565e-07, 6.09802057738e-08, 1.31760074851e-07, 1.38409944839e-07, 1.50868117998e-07, 1.03535036544e-07, 3.51546418642e-08, 2.1339470635e-08, 4.602891579e-08, 4.00173867376e-08, 3.34702683347e-08, 1.45624534653e-08, 7.58469198558e-09, 1.76573589084e-09, 5.78292524978e-10, 6.29459984136e-10, 7.59195706301e-10, 3.97140459407e-10, 1.12755291215e-10, 1.11412649939e-10, 9.23159743094e-11, 4.09729958295e-11, 2.18336859009e-11, 3.22070842218e-11, 1.71907783147e-11, 1.83970477741e-11, 1.88405541168e-11, 1.03149008432e-11, 5.02445177478e-12, 3.53239052592e-12, 3.69700841121e-12, 2.31099796417e-12],
        "dvar2": [4.12663684983e-05, 1.23351628645e-05, 1.46186266647e-06, 1.63328607528e-07, 1.63573318446e-07, 1.67820417118e-07, 2.81245775113e-07, 8.83245604655e-07, 5.24548227077e-07, 1.60796005844e-07, 3.28325796772e-07, 2.95615876666e-07, 3.08509839897e-07, 1.97576397909e-07, 8.29280253356e-08, 4.44219452334e-08, 9.03885677417e-08, 7.38600363093e-08, 6.9280417847e-08, 2.99645890323e-08, 1.8738042229e-08, 4.28842383826e-09, 1.46372081122e-09, 1.57012036706e-09, 1.91418036977e-09, 1.01945218933e-09, 2.65743843597e-10, 2.71549255304e-10, 2.52026982617e-10, 1.02968654436e-10, 5.87563539489e-11, 8.76957187423e-11, 4.40593291018e-11, 4.762967451e-11, 4.77071854244e-11, 2.37501008443e-11, 1.04137106924e-11, 7.90629367531e-12, 8.90334334036e-12, 5.27721009252e-12],
        "max": [0.0936224088073, 0.0595608204603, 0.0138295581564, 0.00575726525858, 0.00781699828804, 0.0104338442907, 0.0077917794697, 0.0153954736888, 0.0156621262431, 0.0062255943194, 0.0105480188504, 0.0121389115229, 0.00841791555285, 0.0079260924831, 0.00570798479021, 0.00416461657733, 0.00558714102954, 0.00487683992833, 0.005854296498, 0.00310871889815, 0.00215621618554, 0.000977256684564, 0.000707382918335, 0.000565132766496, 0.000721567485016, 0.000389944179915, 0.000191604791326, 0.000259787542745, 0.000172493353602, 0.000185774290003, 6.50950605632e-05, 9.42898332141e-05, 7.2712857218e-05, 9.44376224652e-05, 6.95033086231e-05, 6.58822682453e-05, 5.85937086726e-05, 4.01940051233e-05, 4.65542580059e-05, 3.68570144929e-05],
        "mean": [0.0039344066754, 0.00199009664357, 0.000357382232323, 0.000146090489579, 0.000162915166584, 0.000122514815303, 0.000197537476197, 0.000365042040357, 0.000272461620625, 0.000107739368104, 0.000191085593542, 0.000172992236912, 0.000197856599698, 0.000198756009922, 9.61630794336e-05, 5.78919607506e-05, 9.09999580472e-05, 9.84516736935e-05, 6.95931375958e-05, 5.48103962501e-05, 2.83203844447e-05, 1.99224050448e-05, 1.27547946249e-05, 1.45458379848e-05, 1.55063698912e-05, 1.38167933983e-05, 8.42060853756e-06, 7.53344647819e-06, 6.15613180344e-06, 4.06012304666e-06, 3.19581226904e-06, 3.17934791383e-06, 2.97167093777e-06, 2.85717328552e-06, 3.2939187804e-06, 2.854322247e-06, 2.11517840398e-06, 1.78053085165e-06, 1.84205623555e-06, 1.55821408043e-06],
        "median": [0.00195721187629, 0.00119249790441, 0.000134548405185, 5.92842407059e-05, 4.50920124422e-05, 3.17136909871e-05, 4.12583103753e-05, 3.39140569849e-05, 3.08397284243e-05, 1.85844291991e-05, 3.37090750691e-05, 3.12111660605e-05, 2.63848851318e-05, 2.89378913294e-05, 2.22112139454e-05, 1.01645555333e-05, 1.45709245771e-05, 1.44412460941e-05, 8.43778252602e-06, 8.66967639013e-06, 5.91768002778e-06, 6.68860320729e-06, 5.10069776283e-06, 5.41507415619e-06, 5.27471638634e-06, 4.91075297759e-06, 3.53556833943e-06, 2.96855819215e-06, 2.33718310483e-06, 1.53627661348e-06, 1.17003014566e-06, 1.05226808955e-06, 9.4942765827e-07, 1.07551898054e-06, 1.30323678604e-06, 1.15045190796e-06, 8.77985939951e-07, 7.77715001732e-07, 8.48902459438e-07, 7.49009473111e-07],
        "min": [9.77357561916e-24, 1.33485615018e-23, 7.89134166639e-24, 1.9031294582e-23, 3.79023289157e-24, 1.65188183528e-23, 7.76490461822e-24, 7.88518066272e-24, 5.56761342497e-24, 2.64209238681e-24, 7.77555187386e-24, 5.91710799383e-24, 1.15331282905e-23, 1.09608846456e-23, 5.69153164027e-24, 2.03474774479e-23, 7.79517873318e-24, 1.15564951394e-23, 4.64636982694e-24, 3.78316075355e-24, 6.19218576364e-24, 7.48918668779e-24, 7.41837774408e-24, 6.81544819877e-24, 1.03542182662e-23, 9.02806893156e-24, 9.04479751592e-24, 1.25544452053e-23, 8.76554864408e-24, 7.83243111171e-24, 9.02845547341e-24, 1.58029523249e-23, 1.45990133217e-23, 1.08562706455e-23, 1.02327313202e-23, 9.28692338242e-24, 8.70230329873e-24, 1.13636541468e-23, 8.76960023369e-24, 6.70480887909e-24],
        "var": [3.22119922203e-05, 7.57858106226e-06, 5.76331842694e-07, 8.23579568987e-08, 1.79754735541e-07, 1.53607956577e-07, 2.82371388494e-07, 1.54663177909e-06, 1.15503814868e-06, 1.10241686002e-07, 2.47106498819e-07, 2.62844338295e-07, 3.59267829708e-07, 3.09090808059e-07, 7.4155316554e-08, 3.9071956337e-08, 1.01272910058e-07, 1.06711233627e-07, 6.46631477252e-08, 3.0937911788e-08, 8.26789392505e-09, 2.18748374969e-09, 6.84625800496e-10, 9.92341986361e-10, 9.74467728732e-10, 6.4257815735e-10, 2.04681438465e-10, 1.92285937173e-10, 1.09253453506e-10, 5.95522381408e-11, 3.0355412628e-11, 4.23036848607e-11, 3.12400105784e-11, 2.79369530981e-11, 3.1005573109e-11, 2.13569960328e-11, 1.16060529243e-11, 7.95953407351e-12, 7.70721333976e-12, 5.02164542587e-12]
    },
    "mfcc": {
        "mean": [-645.658569336, 97.6509780884, 1.74098670483, 10.1888666153, 8.8359336853, 9.42343235016, 11.5733947754, 10.5796279907, 4.08972644806, 9.06123161316, 3.75370073318, 3.78960371017, 6.00538301468],
        "cov": [[4556.70605469, -1015.39215088, -163.649642944, -25.9055747986, 76.5199203491, -100.973419189, 91.4068908691, -2.0239610672, -66.0679779053, 93.0213851929, -99.0251922607, -54.8734474182, 65.9844589233], [-1015.39215088, 905.371154785, 7.0693821907, 28.5279636383, 18.9235877991, -17.1755580902, 22.8547611237, 8.4227437973, -9.07398414612, 31.5196075439, 79.7435913086, 50.4395523071, 19.067363739], [-163.649642944, 7.0693821907, 1090.20178223, 465.554077148, 252.062545776, 225.207351685, 59.8171005249, 67.2495956421, 105.596206665, 12.3432807922, 107.454544067, 121.428527832, 91.5068740845], [-25.9055747986, 28.5279636383, 465.554077148, 458.352355957, 228.026153564, 155.156417847, 50.2153320312, 53.7437705994, 88.3145980835, 13.6801309586, 41.7505836487, 61.3273124695, 50.2323570251], [76.5199203491, 18.9235877991, 252.062545776, 228.026153564, 324.767486572, 115.884078979, 77.1709442139, 38.9508018494, 58.644821167, 40.1713066101, 10.9619874954, 20.308216095, 65.190536499], [-100.973419189, -17.1755580902, 225.207351685, 155.156417847, 115.884078979, 255.093612671, 96.795425415, 49.5557289124, 54.3353042603, 17.1949272156, 33.0866241455, 21.7729625702, 13.0810880661], [91.4068908691, 22.8547611237, 59.8171005249, 50.2153320312, 77.1709442139, 96.795425415, 180.572387695, 55.4377365112, 15.0028047562, 39.7869606018, 13.4176054001, 9.9337310791, 32.0403823853], [-2.0239610672, 8.4227437973, 67.2495956421, 53.7437705994, 38.9508018494, 49.5557289124, 55.4377365112, 124.690155029, 62.0099067688, 13.7687835693, 5.94003295898, 11.6616392136, 11.1415224075], [-66.0679779053, -9.07398414612, 105.596206665, 88.3145980835, 58.644821167, 54.3353042603, 15.0028047562, 62.0099067688, 144.060134888, 22.3446102142, 15.4483098984, 12.9631347656, 7.15293073654], [93.0213851929, 31.5196075439, 12.3432807922, 13.6801309586, 40.1713066101, 17.1949272156, 39.7869606018, 13.7687835693, 22.3446102142, 111.557289124, 39.0831489563, 16.94921875, 22.2877006531], [-99.0251922607, 79.7435913086, 107.454544067, 41.7505836487, 10.9619874954, 33.0866241455, 13.4176054001, 5.94003295898, 15.4483098984, 39.0831489563, 115.137016296, 63.0300750732, 18.8763103485], [-54.8734474182, 50.4395523071, 121.428527832, 61.3273124695, 20.308216095, 21.7729625702, 9.9337310791, 11.6616392136, 12.9631347656, 16.94921875, 63.0300750732, 104.702926636, 47.8405418396], [65.9844589233, 19.067363739, 91.5068740845, 50.2323570251, 65.190536499, 13.0810880661, 32.0403823853, 11.1415224075, 7.15293073654, 22.2877006531, 18.8763103485, 47.8405418396, 106.111053467]],
