{
"lowlevel": {
    "average_loudness": 0.35574400425,
    "barkbands_crest": {
        "dmean": 2.40164589882,
        "dmean2": 3.88008785248,
        "dvar": 5.01360940933,
        "dvar2": 12.7412862778,
        "max": 26.0954456329,
        "mean": 10.6663131714,
        "median": 9.71602725983,
        "min": 2.61140394211,
        "var": 19.2206058502
    },
    "barkbands_flatness_db": {
        "dmean": 0.0193047542125,
        "dmean2": 0.029116557911,
        "dvar": 0.000328687136061,
        "dvar2": 0.000696638016962,
        "max": 0.433515667915,
        "mean": 0.179184094071,
        "median": 0.165580272675,
        "min": 0.0258473847061,
        "var": 0.00584645103663
    },
    "barkbands_kurtosis": {
        "dmean": 2.10676908493,
        "dmean2": 3.32881689072,
        "dvar": 16.171453476,
        "dvar2": 38.3332443237,
        "max": 122.362922668,
        "mean": 3.31893062592,
        "median": 1.74558925629,
        "min": -1.88241744041,
        "var": 39.1281471252
    },
    "barkbands_skewness": {
        "dmean": 0.429915726185,
        "dmean2": 0.655984282494,
        "dvar": 0.213895991445,
        "dvar2": 0.483944356441,
        "max": 9.26636791229,
        "mean": 1.10968196392,
        "median": 1.05236279964,
        "min": -3.41626524925,
        "var": 1.13647794724
    },
    "barkbands_spread": {
        "dmean": 3.62207937241,
        "dmean2": 5.50058937073,
        "dvar": 27.4579086304,
        "dvar2": 53.0676269531,
        "max": 102.786758423,
        "mean": 16.4083976746,
        "median": 13.343129158,
        "min": 0.58788061142,
        "var": 154.11857605
    },
    "dissonance": {
        "dmean": 0.0271227657795,
        "dmean2": 0.0456901788712,
        "dvar": 0.000733735854737,
        "dvar2": 0.00209109252319,
        "max": 0.500000059605,
        "mean": 0.447908908129,
        "median": 0.458948284388,
        "min": 0.20593701303,
        "var": 0.00170815642923
    },
    "dynamic_complexity": 6.42200374603,
    "erbbands_crest": {
        "dmean": 3.05515956879,
        "dmean2": 4.83784341812,
        "dvar": 7.36745262146,
        "dvar2": 17.5894241333,
        "max": 32.1841392517,
        "mean": 11.9907855988,
        "median": 10.8979539871,
        "min": 2.26489949226,
        "var": 31.7658729553
    },
    "erbbands_flatness_db": {
        "dmean": 0.0185914225876,
        "dmean2": 0.0266467556357,
        "dvar": 0.000312755611958,
        "dvar2": 0.000570512434933,
        "max": 0.497353076935,
        "mean": 0.221211031079,
        "median": 0.215946868062,
        "min": 0.0436147712171,
        "var": 0.00629585748538
    },
    "erbbands_kurtosis": {
        "dmean": 1.50979351997,
        "dmean2": 2.38976931572,
        "dvar": 6.03174304962,
        "dvar2": 14.0640125275,
        "max": 48.4510612488,
        "mean": 2.1680996418,
        "median": 0.72549200058,
        "min": -1.79940879345,
        "var": 21.2998638153
    },
    "erbbands_skewness": {
        "dmean": 0.387444764376,
        "dmean2": 0.597472906113,
        "dvar": 0.133124530315,
        "dvar2": 0.302822172642,
        "max": 5.46474218369,
        "mean": 0.625006735325,
        "median": 0.610518574715,
        "min": -3.20365619659,
        "var": 0.879145145416
    },
    "erbbands_spread": {
        "dmean": 5.18705511093,
        "dmean2": 7.7716255188,
        "dvar": 44.4195594788,
        "dvar2": 85.3927001953,
        "max": 148.11088562,
        "mean": 24.5499000549,
        "median": 20.3338680267,
        "min": 0.877190351486,
        "var": 280.373657227
    },
    "hfc": {
        "dmean": 3.87545084953,
        "dmean2": 5.63667964935,
        "dvar": 42.8060112,
        "dvar2": 89.8050765991,
        "max": 143.327941895,
        "mean": 15.4493770599,
        "median": 8.00636863708,
        "min": 1.15113074551e-16,
        "var": 343.520324707
    },
    "melbands_crest": {
        "dmean": 3.13040971756,
        "dmean2": 5.04906654358,
        "dvar": 8.21593475342,
        "dvar2": 21.1616668701,
        "max": 34.6140098572,
        "mean": 14.2770957947,
        "median": 13.2780160904,
        "min": 1.92132079601,
        "var": 30.2023983002
    },
    "melbands_flatness_db": {
        "dmean": 0.0208805222064,
        "dmean2": 0.0316560566425,
        "dvar": 0.000423866935307,
        "dvar2": 0.00089180021314,
        "max": 0.594599604607,
        "mean": 0.242222189903,
        "median": 0.216815948486,
        "min": 0.0059068845585,
        "var": 0.00861097965389
    },
    "melbands_kurtosis": {
        "dmean": 3.65056204796,
        "dmean2": 5.8211722374,
        "dvar": 73.8194503784,
        "dvar2": 190.878860474,
        "max": 335.703613281,
        "mean": 6.8983092308,
        "median": 3.86797142029,
        "min": -1.86138892174,
        "var": 144.480865479
    },
    "melbands_skewness": {
        "dmean": 0.514644503593,
        "dmean2": 0.789796292782,
        "dvar": 0.349980801344,
        "dvar2": 0.812819600105,
        "max": 14.2221097946,
        "mean": 1.65580332279,
        "median": 1.55743873119,
        "min": -2.87544298172,
        "var": 1.90565621853
    },
    "melbands_spread": {
        "dmean": 4.60329008102,
        "dmean2": 7.03664398193,
        "dvar": 38.0541572571,
        "dvar2": 70.947227478,
        "max": 228.451339722,
        "mean": 19.9491539001,
        "median": 16.8436145782,
        "min": 0.871617853642,
        "var": 217.989700317
    },
    "pitch_salience": {
        "dmean": 0.0629718527198,
        "dmean2": 0.101823143661,
        "dvar": 0.00312328548171,
        "dvar2": 0.00803099945188,
        "max": 0.862420737743,
        "mean": 0.546090185642,
        "median": 0.549368917942,
        "min": 0.111069001257,
        "var": 0.0142637463287
    },
    "silence_rate_20dB": {
        "dmean": 0,
        "dmean2": 0,
        "dvar": 0,
        "dvar2": 0,
        "max": 1,
        "mean": 1,
        "median": 1,
        "min": 1,
        "var": 0
    },
    "silence_rate_30dB": {
        "dmean": 0.00621712114662,
        "dmean2": 0.0124357286841,
        "dvar": 0.00617834273726,
        "dvar2": 0.0163461528718,
        "max": 1,
        "mean": 0.994500875473,
        "median": 1,
        "min": 0,
        "var": 0.00546895200387
    },
    "silence_rate_60dB": {
        "dmean": 0.0224772840738,
        "dmean2": 0.0449599437416,
        "dvar": 0.0219706594944,
        "dvar2": 0.0493902489543,
        "max": 1,
        "mean": 0.29348474741,
        "median": 0,
        "min": 0,
        "var": 0.207378715277
    },
    "spectral_centroid": {
        "dmean": 149.804992676,
        "dmean2": 225.542388916,
        "dvar": 41553.5117188,
        "dvar2": 72442.40625,
        "max": 10477.46875,
        "mean": 1077.04919434,
        "median": 1028.8692627,
        "min": 229.270675659,
        "var": 245131.6875
    },
    "spectral_complexity": {
        "dmean": 1.95121955872,
        "dmean2": 3.21057033539,
        "dvar": 4.28842115402,
        "dvar2": 10.7036113739,
        "max": 43,
        "mean": 12.1676034927,
        "median": 12,
        "min": 0,
        "var": 63.2481918335
    },
    "spectral_decrease": {
        "dmean": 1.34205446756e-09,
        "dmean2": 2.10419992541e-09,
        "dvar": 7.11942524542e-18,
        "dvar2": 1.76060860432e-17,
        "max": -9.37452238406e-29,
        "mean": -4.56139304106e-09,
        "median": -2.56670973364e-09,
        "min": -4.71517047629e-08,
        "var": 2.98354947961e-17
    },
    "spectral_energy": {
        "dmean": 0.00535501958802,
        "dmean2": 0.00835300702602,
        "dvar": 0.00010947285773,
        "dvar2": 0.000268432864686,
        "max": 0.188696444035,
        "mean": 0.0186170693487,
        "median": 0.0105609670281,
        "min": 1.07949121734e-20,
        "var": 0.000490163511131
    },
    "spectral_energyband_high": {
        "dmean": 8.98626385606e-05,
        "dmean2": 0.000129225139972,
        "dvar": 4.80712714079e-08,
        "dvar2": 1.01641354888e-07,
        "max": 0.00371301081032,
        "mean": 0.000292680342682,
        "median": 7.43579585105e-05,
        "min": 7.88324368734e-21,
        "var": 2.3146105832e-07
    },
    "spectral_energyband_low": {
        "dmean": 0.00204639113508,
        "dmean2": 0.00353178195655,
        "dvar": 6.14342789049e-05,
        "dvar2": 0.00016523427621,
        "max": 0.158239513636,
        "mean": 0.00412862468511,
        "median": 0.00133300258312,
        "min": 6.49690442975e-23,
        "var": 7.97624088591e-05
    },
    "spectral_energyband_middle_high": {
        "dmean": 0.00237614614889,
        "dmean2": 0.00356379617006,
        "dvar": 2.89311628876e-05,
        "dvar2": 6.62099264446e-05,
        "max": 0.120373539627,
        "mean": 0.00711898645386,
        "median": 0.00209559383802,
        "min": 1.69555930287e-21,
        "var": 0.000145655518281
    },
    "spectral_energyband_middle_low": {
        "dmean": 0.00297689251602,
        "dmean2": 0.00468885200098,
        "dvar": 3.20696963172e-05,
        "dvar2": 7.29481253074e-05,
        "max": 0.162153810263,
        "mean": 0.00744089111686,
        "median": 0.00395100936294,
        "min": 3.55208187429e-22,
        "var": 0.000108404536149
    },
    "spectral_entropy": {
        "dmean": 0.139251157641,
        "dmean2": 0.202247619629,
        "dvar": 0.019938820973,
        "dvar2": 0.0354631990194,
        "max": 9.81221866608,
        "mean": 7.15935134888,
        "median": 7.27164411545,
        "min": 5.101521492,
        "var": 0.388719081879
    },
    "spectral_flux": {
        "dmean": 0.0190078541636,
        "dmean2": 0.0306808147579,
        "dvar": 0.000712278473657,
        "dvar2": 0.00169819220901,
        "max": 0.433180093765,
        "mean": 0.06500967592,
        "median": 0.0511181540787,
        "min": 1.03898563364e-10,
        "var": 0.00301770446822
    },
    "spectral_kurtosis": {
        "dmean": 4.97157716751,
        "dmean2": 8.64316749573,
        "dvar": 96.7558364868,
        "dvar2": 294.11038208,
        "max": 162.586853027,
        "mean": 12.60800457,
        "median": 6.58764839172,
        "min": -1.20650553703,
        "var": 329.459381104
    },
    "spectral_rms": {
        "dmean": 0.000505803967826,
        "dmean2": 0.000771157734562,
        "dvar": 5.01440354128e-07,
        "dvar2": 1.15006514534e-06,
        "max": 0.0135681275278,
        "mean": 0.00353354401886,
        "median": 0.0032098882366,
        "min": 3.24524586891e-12,
        "var": 5.67706410948e-06
    },
    "spectral_rolloff": {
        "dmean": 293.287109375,
        "dmean2": 492.897827148,
        "dvar": 619921,
        "dvar2": 1262885,
        "max": 18540.0878906,
        "mean": 1285.9621582,
        "median": 1033.59375,
        "min": 43.06640625,
        "var": 1433251.125
    },
    "spectral_skewness": {
        "dmean": 0.392530232668,
        "dmean2": 0.669113397598,
        "dvar": 0.33239158988,
        "dvar2": 1.0291672945,
        "max": 10.080991745,
        "mean": 2.2831556797,
        "median": 1.9789545536,
        "min": 0.0649911612272,
        "var": 1.25338339806
    },
    "spectral_spread": {
        "dmean": 424228.4375,
        "dmean2": 597538.9375,
        "dvar": 524357730304,
        "dvar2": 727397957632,
        "max": 41775308,
        "mean": 3678829,
        "median": 3443049.25,
        "min": 480739.46875,
        "var": 3.88290917171e+12
    },
    "spectral_strongpeak": {
        "dmean": 0.635766804218,
        "dmean2": 1.0411387682,
        "dvar": 1.21605229378,
        "dvar2": 3.07085037231,
        "max": 15.8111476898,
        "mean": 1.32112574577,
        "median": 0.458973437548,
        "min": 0,
        "var": 3.30331230164
    },
    "zerocrossingrate": {
        "dmean": 0.0069244983606,
        "dmean2": 0.00789529085159,
        "dvar": 0.00015130956308,
        "dvar2": 0.000127386068925,
        "max": 0.64453125,
        "mean": 0.0520883724093,
        "median": 0.04736328125,
        "min": 0.00537109375,
        "var": 0.00110375601798
    },
    "barkbands": {
        "dmean": [0.000381350255338, 0.00120832619723, 0.000860984961037, 0.000307419075398, 0.000556534854695, 0.000659986806568, 0.000850300944876, 0.000666088191792, 0.00112968625035, 0.00118803617079, 0.00101806118619, 0.000540696899407, 0.000366356805898, 0.000350978050847, 0.000265182665316, 0.000244004113483, 0.000147217870108, 8.79990693647e-05, 5.25646719325e-05, 4.68647158414e-05, 2.25457133638e-05, 1.72658437805e-05, 1.83341217053e-05, 1.79497292265e-05, 1.84292166523e-05, 9.67682444752e-06, 6.13588326814e-07],
        "dmean2": [0.000647611159366, 0.00203411257826, 0.00150977401063, 0.000540323031601, 0.000924883002881, 0.00104354158975, 0.00135862396564, 0.00104443053715, 0.00173356791493, 0.00185734475963, 0.00156062969472, 0.000820525572635, 0.000573661760427, 0.000556542247068, 0.000412435503677, 0.000368970184354, 0.000228518125368, 0.000138192423037, 8.44826063258e-05, 7.55002038204e-05, 3.77271171601e-05, 2.80997846858e-05, 2.81870688923e-05, 2.62321027549e-05, 2.55248996837e-05, 1.32057693918e-05, 9.43162831391e-07],
        "dvar": [3.22138021147e-06, 2.0972063794e-05, 1.45465201058e-05, 9.12787584184e-07, 1.90263142485e-06, 3.07129107568e-06, 6.00979137744e-06, 5.24426286574e-06, 1.43980378198e-05, 1.88686608453e-05, 1.3143587239e-05, 3.30626812683e-06, 1.69368934166e-06, 1.47145999563e-06, 1.14153885988e-06, 7.98806297553e-07, 2.23253621812e-07, 5.42581268803e-08, 1.29176056518e-08, 9.06758224062e-09, 4.59330795621e-09, 2.71709454935e-09, 1.9372536908e-09, 2.15948392501e-09, 3.16311377091e-09, 7.59633689285e-10, 6.64152717197e-12],
        "dvar2": [8.2062497313e-06, 5.32890262548e-05, 4.17215560446e-05, 2.65242260866e-06, 5.13417217007e-06, 7.00684404364e-06, 1.47348700921e-05, 1.19693877423e-05, 3.15448778565e-05, 4.38771057816e-05, 2.99696785078e-05, 6.98724443282e-06, 3.90186733057e-06, 3.3663125123e-06, 2.56102453022e-06, 1.68608937656e-06, 5.0880538538e-07, 1.27084106794e-07, 3.18664454824e-08, 2.26728751329e-08, 1.2555146256e-08, 7.07471681238e-09, 4.49391501789e-09, 3.95997457048e-09, 5.22485921195e-09, 1.34125033302e-09, 1.4338897257e-11],
        "max": [0.0514936111867, 0.0945935472846, 0.0741045176983, 0.0150893293321, 0.037355273962, 0.0513357520103, 0.0478154495358, 0.0525031425059, 0.145130440593, 0.116442658007, 0.0819282233715, 0.0589130073786, 0.0323671065271, 0.0352081432939, 0.0414392985404, 0.0259795375168, 0.00995552353561, 0.004566708114, 0.00255572772585, 0.00182067533024, 0.00143291510176, 0.000922475475818, 0.000993674737401, 0.00152376166079, 0.001598708448, 0.00112255441491, 8.44613896334e-05],
        "mean": [0.000389307271689, 0.00198938185349, 0.00161238666624, 0.000440701580374, 0.00104599585757, 0.00117420707829, 0.00131591304671, 0.00102551514283, 0.00203667348251, 0.00195166980848, 0.00181897880975, 0.000890694849659, 0.00054403685499, 0.000554427620955, 0.000352085364284, 0.000517179083545, 0.000329820904881, 0.000169362479937, 0.000112729801913, 0.000103457627119, 4.65088087367e-05, 4.03262311011e-05, 4.51308005722e-05, 4.72878600704e-05, 4.24856298196e-05, 2.01072925847e-05, 7.0858845902e-07],
        "median": [1.1662844372e-05, 0.000472783518489, 0.000355464406312, 0.000113047193736, 0.000461621297291, 0.000360386184184, 0.000154454697622, 0.000205920674489, 0.000219700625166, 0.000278705760138, 0.000140867676237, 0.00013265213056, 8.03411530796e-05, 8.6128791736e-05, 5.81737003813e-05, 6.19601778453e-05, 4.2431314796e-05, 4.06629915233e-05, 3.32885902026e-05, 2.9185661333e-05, 9.76238698058e-06, 4.82846144223e-06, 9.20044203667e-06, 9.63507500273e-06, 6.20061609879e-06, 2.39759924625e-06, 1.58356117108e-09],
        "min": [2.79343337933e-24, 1.92753113481e-23, 3.87841823221e-23, 1.24168631302e-23, 6.99156565571e-23, 4.27909046785e-23, 1.0921353879e-22, 5.05127232918e-23, 3.3631298713e-23, 1.51520136515e-22, 7.37970857136e-23, 3.65169455934e-23, 1.02483665433e-22, 2.35889782205e-22, 1.2558750177e-22, 1.13065590766e-22, 2.35329804558e-22, 1.97023526794e-22, 2.38197900861e-22, 3.08733097219e-22, 4.07519914326e-22, 6.26288360418e-22, 9.82902714499e-22, 9.32159747952e-22, 9.63772042375e-22, 1.56324695752e-21, 2.49696604997e-21],
        "var": [3.73241527996e-06, 2.70453201665e-05, 1.45787889778e-05, 9.03667967123e-07, 3.18065372085e-06, 7.78060530138e-06, 1.22591800391e-05, 9.9645831142e-06, 4.02789519285e-05, 4.61837553303e-05, 3.98692682211e-05, 8.1702364696e-06, 2.65866083282e-06, 3.06528500005e-06, 1.60148022132e-06, 2.98790178022e-06, 9.67257960838e-07, 1.34904084348e-07, 3.56646800981e-08, 2.68684470228e-08, 7.88716647548e-09, 6.26253360281e-09, 7.05557701153e-09, 9.93951410067e-09, 1.1695764357e-08, 2.39557507165e-09, 1.07963464557e-11]
    },
    "erbbands": {
        "dmean": [0.0438059158623, 0.276279419661, 0.952907860279, 0.976154088974, 1.37523758411, 1.88399982452, 3.82426857948, 6.30527448654, 11.9272727966, 11.2748746872, 14.9351177216, 25.3104515076, 31.9394054413, 40.7328300476, 28.9857177734, 16.9712600708, 14.4499435425, 14.0795240402, 17.5004615784, 13.4368782043, 9.29632568359, 8.75311565399, 4.81702136993, 3.60641956329, 2.01185536385, 2.17499160767, 1.20456361771, 0.740752756596, 0.702780842781, 0.532092869282, 0.527436256409, 0.388470202684, 0.323637664318, 0.225647002459, 0.128845274448, 0.0581220053136, 0.0148920277134, 0.00262091611512, 8.73891476658e-05, 7.68360587244e-06],
        "dmean2": [0.0753075405955, 0.469913989305, 1.67744612694, 1.7301210165, 2.33117771149, 3.13708662987, 6.03896856308, 9.89644050598, 18.9850597382, 17.7497520447, 22.8590145111, 38.5611495972, 49.3364524841, 60.0012283325, 43.3122673035, 25.8475799561, 22.2559680939, 21.6146297455, 26.2736206055, 19.7188854218, 13.4198732376, 13.501039505, 7.42308759689, 5.65971374512, 3.21725940704, 3.4748108387, 1.96338033676, 1.25744080544, 1.16415250301, 0.844579279423, 0.809188902378, 0.557744681835, 0.481331348419, 0.331674784422, 0.175061315298, 0.0807174518704, 0.0205533094704, 0.00370891927741, 0.000121888966532, 1.14290660349e-05],
        "dvar": [0.0396021828055, 1.33584833145, 19.0421924591, 14.1689786911, 14.8837566376, 26.5231342316, 97.384475708, 324.881439209, 1187.99255371, 1476.24377441, 2704.81152344, 6892.44970703, 12736.8691406, 21351.1601562, 9211.90917969, 3348.85302734, 2210.82373047, 2564.75805664, 3463.43212891, 3212.55493164, 1411.18359375, 900.594787598, 157.212341309, 72.9527664185, 15.1013031006, 19.9286937714, 8.85108852386, 6.6940279007, 4.95353603363, 1.83677124977, 1.54707527161, 1.21026861668, 0.608900308609, 0.365135461092, 0.214181944728, 0.0318446308374, 0.00177921645809, 6.19080092292e-05, 1.21508620055e-07, 2.2615949391e-10],
        "dvar2": [0.104982092977, 3.60376977921, 54.6849861145, 41.3793144226, 41.8612861633, 69.211807251, 224.10987854, 763.025878906, 2930.0234375, 3419.18530273, 5919.66992188, 14849.6542969, 29403.6054688, 47318.2773438, 20456.2363281, 7194.40966797, 4970.08789062, 5408.17773438, 6955.92285156, 6797.76220703, 2783.82885742, 2000.45275879, 358.859222412, 173.156387329, 37.1569709778, 49.876121521, 22.7451820374, 19.0038509369, 13.389550209, 4.57020282745, 3.47979712486, 2.2851228714, 1.22514736652, 0.719467759132, 0.342679560184, 0.0581746250391, 0.00318212108687, 0.000115553710202, 2.32082641105e-07, 4.8880599568e-10],
        "max": [5.75264072418, 24.3682594299, 85.7752075195, 60.8504180908, 90.7577667236, 150.942520142, 299.569946289, 573.992370605, 783.679931641, 1052.59460449, 1168.90527344, 3121.57104492, 3139.04125977, 4239.81054688, 3275.08325195, 1629.53125, 1067.02832031, 2051.38793945, 1870.37231445, 2828.20605469, 1394.56884766, 705.803344727, 257.746185303, 179.49407959, 85.2259521484, 82.8053131104, 63.4246864319, 66.5975189209, 42.1982307434, 34.6832313538, 32.8812255859, 41.3538513184, 20.2842845917, 16.8308429718, 15.4507722855, 6.07123994827, 1.58219981194, 0.229524716735, 0.0138376308605, 0.000471588020446],
        "mean": [0.0513265766203, 0.473860472441, 1.85663056374, 1.62827658653, 2.19804143906, 3.28345918655, 6.66122436523, 11.3591184616, 19.5481948853, 17.0539150238, 25.4624176025, 45.8599205017, 55.9043579102, 76.4529266357, 59.4760704041, 31.5108890533, 24.5663261414, 23.6381168365, 28.6014480591, 25.1022281647, 20.7478942871, 20.2974491119, 10.1995105743, 7.63307952881, 4.91316461563, 4.86353778839, 2.62997674942, 1.52003228664, 1.53494620323, 1.27751040459, 1.28496968746, 0.989977538586, 0.803142726421, 0.518673300743, 0.272488623857, 0.120412372053, 0.0284621287137, 0.00430766865611, 0.000139990006573, 2.67570976575e-05],
        "median": [0.00932486541569, 0.122036755085, 0.395873904228, 0.481202214956, 0.793170571327, 1.23116588593, 2.89829063416, 3.02581501007, 3.15328216553, 3.07895326614, 5.78054952621, 5.84617376328, 10.2175979614, 8.61437034607, 6.94794654846, 5.74515295029, 4.66969537735, 4.43986558914, 5.10517597198, 3.83134746552, 3.13015890121, 2.68825888634, 2.51805663109, 2.24384236336, 1.64201939106, 1.37410330772, 0.732322216034, 0.252108097076, 0.168778315187, 0.229324489832, 0.262475848198, 0.176647797227, 0.170154467225, 0.0948516279459, 0.0261327978224, 0.0150396795943, 0.00226732366718, 0.000136019836646, 1.5531302779e-05, 1.51108024511e-05],
        "min": [3.93262256895e-22, 5.9204753602e-21, 3.901471353e-20, 4.26799185125e-20, 1.53658634476e-19, 2.79465606589e-19, 3.04464995104e-19, 2.72387473786e-19, 1.32220043949e-18, 1.11991424787e-18, 1.39396859398e-18, 7.44520712435e-19, 2.97278020842e-18, 4.70686117186e-18, 2.33875309314e-18, 1.69961917155e-18, 4.66651957338e-18, 1.11563594566e-17, 8.14916750073e-18, 6.08837025447e-18, 6.87638179707e-18, 1.40532559768e-17, 1.23660614716e-17, 9.84389348537e-18, 1.78732719985e-17, 1.17467389393e-17, 1.42233722872e-17, 1.7794115777e-17, 2.34203733104e-17, 2.63026858092e-17, 2.81695795122e-17, 1.83205715691e-17, 1.69616163931e-17, 1.04613606516e-17, 7.47018456672e-18, 5.79331865228e-18, 2.88660122348e-18, 1.29047826979e-18, 3.46263413733e-19, 3.66848333189e-20],
        "var": [0.0423322655261, 1.36902236938, 18.7676353455, 11.8355884552, 18.9562301636, 43.1812820435, 178.426589966, 809.818786621, 2607.33251953, 2482.83447266, 5479.71289062, 20046.7714844, 31158.8476562, 64321.6757812, 32830.1523438, 8892.30371094, 4263.41503906, 4883.17138672, 7058.71875, 6666.07421875, 4495.06054688, 3828.24755859, 458.779632568, 178.713546753, 54.8840026855, 60.8046455383, 20.0315628052, 9.88282489777, 9.61802768707, 5.72009706497, 5.76685428619, 5.12088346481, 2.556838274, 1.29030776024, 0.716576337814, 0.0960265621543, 0.00529713928699, 0.000150150241097, 2.56260335618e-07, 1.02867769858e-09]
    },
    "gfcc": {
        "mean": [-89.3589477539, 121.159416199, -134.878234863, 3.01519298553, -56.040397644, 7.566593647, -38.0465621948, 10.1319198608, -25.5803718567, -3.54809689522, -9.19752597809, -6.9132604599, -4.66156959534],
        "cov": [[18891.1523438, -6318.15380859, 1332.48266602, 2552.08129883, -1493.39343262, 2583.50585938, -142.475326538, 1593.31408691, -120.846969604, 846.132019043, -515.955627441, 862.120056152, -675.795837402], [-6318.15380859, 3565.3527832, -409.184143066, -720.808532715, 1026.49975586, -992.084960938, 249.714660645, -638.364624023, 185.013259888, -406.032470703, 331.899200439, -401.891723633, 272.894317627], [1332.48266602, -409.184143066, 1222.38122559, 367.514312744, 72.9882278442, 258.75592041, -138.794387817, 154.52633667, -168.206619263, 198.878738403, -96.4585037231, 183.866348267, -162.065505981], [2552.08129883, -720.808532715, 367.514312744, 946.262023926, -80.6420135498, 457.755981445, -24.8660106659, 173.178909302, 136.486129761, 85.8329467773, -69.0975570679, 140.032073975, -54.2833442688], [-1493.39343262, 1026.49975586, 72.9882278442, -80.6420135498, 651.432250977, -275.473876953, 5.44358491898, -138.978088379, 89.8441619873, -45.0060310364, 36.57421875, -43.8777084351, 30.634683609], [2583.50585938, -992.084960938, 258.75592041, 457.755981445, -275.473876953, 667.719848633, 86.8475570679, 235.746444702, -16.0608463287, 84.7724304199, -58.5714378357, 110.034301758, -110.177383423], [-142.475326538, 249.714660645, -138.794387817, -24.8660106659, 5.44358491898, 86.8475570679, 344.590545654, -48.0364151001, -27.5840835571, -46.1178283691, 48.2269897461, -61.7196273804, -16.5424728394], [1593.31408691, -638.364624023, 154.52633667, 173.178909302, -138.978088379, 235.746444702, -48.0364151001, 313.360443115, -7.19869947433, 99.6853179932, -22.7424221039, 67.7097473145, -41.477645874], [-120.846969604, 185.013259888, -168.206619263, 136.486129761, 89.8441619873, -16.0608463287, -27.5840835571, -7.19869947433, 268.372833252, -46.8673591614, 7.57750701904, -12.9198293686, 43.3580322266], [846.132019043, -406.032470703, 198.878738403, 85.8329467773, -45.0060310364, 84.7724304199, -46.1178283691, 99.6853179932, -46.8673591614, 190.00920105, -36.9332771301, 69.948928833, -62.2440719604], [-515.955627441, 331.899200439, -96.4585037231, -69.0975570679, 36.57421875, -58.5714378357, 48.2269897461, -22.7424221039, 7.57750701904, -36.9332771301, 176.270492554, -44.2868347168, 54.4574661255], [862.120056152, -401.891723633, 183.866348267, 140.032073975, -43.8777084351, 110.034301758, -61.7196273804, 67.7097473145, -12.9198293686, 69.948928833, -44.2868347168, 167.821273804, -33.1731529236], [-675.795837402, 272.894317627, -162.065505981, -54.2833442688, 30.634683609, -110.177383423, -16.5424728394, -41.477645874, 43.3580322266, -62.2440719604, 54.4574661255, -33.1731529236, 172.576477051]],
        "icov": [[0.000245875213295, 0.000123917619931, 0.00012733573385, -0.000334554206347, 2.40933168243e-05, -0.000268367264653, -2.11344868148e-05, -0.000499153451528, 0.000139054754982, -0.000175691224285, 6.06548273936e-05, -0.00028949600528, 0.000310529838316], [0.000123917619931, 0.00264679291286, -0.000971644534729, 0.000364919513231, -0.00222007301636, 0.00140109483618, -0.00154782494064, 0.00138508190867, -0.00121485977434, 0.00186043477152, -0.00219823629595, 0.00220151920803, -0.00093159172684], [0.00012733573385, -0.000971644534729, 0.00208821776323, -0.00091500551207, 0.000227548531257, -0.00104753091, 0.00125403446145, -0.000985795864835, 0.00190839264542, -0.00138188141864, 0.00092955189757, -0.00167716108263, 0.0012888382189], [-0.000334554206347, 0.000364919513231, -0.00091500551207, 0.00274373497814, -0.000535742205102, -0.000671832705848, -0.000265801150817, 0.00116740970407, -0.00194261036813, 0.000418012583395, -0.000359769939678, 0.000394424016122, -0.00113391806372], [2.40933168243e-05, -0.00222007301636, 0.000227548531257, -0.000535742205102, 0.00428805314004, -0.000202376395464, 0.000752156774979, -0.00109957030509, -3.88779189961e-05, -0.00158647517674, 0.00170336139854, -0.00194452702999, 0.00109382229857], [-0.000268367264653, 0.00140109483618, -0.00104753091, -0.000671832705848, -0.000202376395464, 0.00530270300806, -0.00242867600173, -0.000265928014414, -0.000872987729963, 0.00197953241877, -0.00118151528295, 0.000952619884629, 0.000152338136104], [-2.11344868148e-05, -0.00154782494064, 0.00125403446145, -0.000265801150817, 0.000752156774979, -0.00242867600173, 0.00509626651183, 1.15474165341e-06, 0.00170925620478, -0.00089100911282, 0.000339637510478, -0.000225531184697, 0.00136226718314], [-0.000499153451528, 0.00138508190867, -0.000985795864835, 0.00116740970407, -0.00109957030509, -0.000265928014414, 1.15474165341e-06, 0.00738084921613, -0.00148880353663, -0.000391225272324, -0.0020524263382, 0.00208249385469, -0.0016230562469], [0.000139054754982, -0.00121485977434, 0.00190839264542, -0.00194261036813, -3.88779189961e-05, -0.000872987729963, 0.00170925620478, -0.00148880353663, 0.00668769609183, -0.000240411289269, 0.0012237172341, -0.00126398191787, 0.000506237091031], [-0.000175691224285, 0.00186043477152, -0.00138188141864, 0.000418012583395, -0.00158647517674, 0.00197953241877, -0.00089100911282, -0.000391225272324, -0.000240411289269, 0.00977598037571, -0.00151178753003, 0.000284343172098, 0.00068791443482], [6.06548273936e-05, -0.00219823629595, 0.00092955189757, -0.000359769939678, 0.00170336139854, -0.00118151528295, 0.000339637510478, -0.0020524263382, 0.0012237172341, -0.00151178753003, 0.00885971542448, -0.00124281586614, -0.000931400747504], [-0.00028949600528, 0.00220151920803, -0.00167716108263, 0.000394424016122, -0.00194452702999, 0.000952619884629, -0.000225531184697, 0.00208249385469, -0.00126398191787, 0.000284343172098, -0.00124281586614, 0.0113004837185, -0.00164908124134], [0.000310529838316, -0.00093159172684, 0.0012888382189, -0.00113391806372, 0.00109382229857, 0.000152338136104, 0.00136226718314, -0.0016230562469, 0.000506237091031, 0.00068791443482, -0.000931400747504, -0.00164908124134, 0.00907875690609]]
    },
    "melbands": {
        "dmean": [0.000354289310053, 0.000443764496595, 0.000172943095095, 0.000112416382763, 0.000122463156004, 0.000142268036143, 0.000176147950697, 0.000129504944198, 0.000125542093883, 0.00016935369058, 0.000166507190443, 0.00017292884877, 0.000112979570986, 6.40085199848e-05, 3.87237778341e-05, 3.44101244991e-05, 2.83844001387e-05, 3.35893309966e-05, 1.84993787116e-05, 2.12583599932e-05, 1.03412767203e-05, 1.05395356513e-05, 6.03952730671e-06, 4.55561030321e-06, 3.20204776472e-06, 1.74455885826e-06, 1.8309447114e-06, 1.54845190536e-06, 9.59902536124e-07, 5.40661631021e-07, 4.51696308801e-07, 4.50737303481e-07, 3.50112031811e-07, 3.42227622241e-07, 3.43087407373e-07, 2.97537042115e-07, 2.60994170276e-07, 2.5099527079e-07, 2.28952586667e-07, 2.01672918365e-07],
        "dmean2": [0.000603834225331, 0.000775715510827, 0.000303142151097, 0.000189616635907, 0.000195471700863, 0.00022356963018, 0.000278916209936, 0.000205281059607, 0.000191783678019, 0.000258563028183, 0.000259773631115, 0.000254956481513, 0.000168034006492, 9.5959592727e-05, 6.07201363891e-05, 5.31989608135e-05, 4.3859861762e-05, 5.08653320139e-05, 2.75103684544e-05, 3.2218384149e-05, 1.5434658053e-05, 1.63942495419e-05, 9.08323545445e-06, 7.11531947672e-06, 5.08749872097e-06, 2.84061070488e-06, 2.94239407594e-06, 2.50817765846e-06, 1.57044371463e-06, 9.03831505639e-07, 7.69986058913e-07, 7.50227229673e-07, 5.69991698285e-07, 5.46727846995e-07, 5.40551013728e-07, 4.57094074591e-07, 3.85504137057e-07, 3.81126966431e-07, 3.53473950554e-07, 3.0298443221e-07],
        "dvar": [1.89181548649e-06, 4.18099216404e-06, 3.61263431614e-07, 9.50204395167e-08, 9.2095724824e-08, 1.46941331991e-07, 2.47386765295e-07, 1.87358324411e-07, 1.92895726059e-07, 3.19678918004e-07, 3.503885182e-07, 3.81190858434e-07, 1.51565771489e-07, 4.72967442988e-08, 2.27537739761e-08, 1.5722113389e-08, 1.15274794155e-08, 1.31492585709e-08, 5.23882448533e-09, 7.00441571411e-09, 1.9401100726e-09, 1.26455557137e-09, 3.74569875117e-10, 1.93224825029e-10, 6.0600684193e-11, 1.41208694043e-11, 1.41850186111e-11, 1.07215313017e-11, 5.28767307717e-12, 2.68382711888e-12, 2.31961997353e-12, 2.12669053375e-12, 8.42009513329e-13, 7.32113263242e-13, 6.51921387967e-13, 5.93144999263e-13, 5.98317890458e-13, 3.62177383353e-13, 3.34340763625e-13, 3.20919641772e-13],
        "dvar2": [4.86183398607e-06, 1.18632215163e-05, 1.04437799564e-06, 2.62855081701e-07, 2.17536793912e-07, 3.43105938327e-07, 6.07742094871e-07, 4.34559922269e-07, 4.246697074e-07, 6.8089184424e-07, 8.12888629298e-07, 8.45015335926e-07, 3.30203022259e-07, 1.00643958945e-07, 5.14887759095e-08, 3.54526292767e-08, 2.406566324e-08, 2.62607589008e-08, 1.10870406189e-08, 1.52088546201e-08, 4.0843786131e-09, 2.91792034979e-09, 7.67580776717e-10, 4.41484487856e-10, 1.45995729395e-10, 3.54374862788e-11, 3.57449660149e-11, 2.70861371526e-11, 1.35429237269e-11, 7.29740226579e-12, 6.51831323292e-12, 5.85346571561e-12, 2.12474395717e-12, 1.91993578154e-12, 1.59244221542e-12, 1.25365971944e-12, 1.20761083425e-12, 7.4470860251e-13, 7.55078074718e-13, 6.69892960548e-13],
        "max": [0.0369799397886, 0.0418395549059, 0.00925210956484, 0.00710549252108, 0.0107392063364, 0.0115187773481, 0.0114317825064, 0.0112990494817, 0.0139007885009, 0.0238676015288, 0.0165713392198, 0.0169022586197, 0.0134568354115, 0.00718031544238, 0.00549311283976, 0.0034727442544, 0.00453521544114, 0.00312171666883, 0.00281834648922, 0.00246840436012, 0.00143358611967, 0.000839628221001, 0.000470091588795, 0.000348569592461, 0.00017632287927, 9.90376211121e-05, 6.43889143248e-05, 6.80037628626e-05, 5.01440736116e-05, 4.32498272858e-05, 4.14214227931e-05, 2.8298178222e-05, 1.45791655086e-05, 2.57616538875e-05, 2.01168131753e-05, 2.44638540607e-05, 2.90448424494e-05, 1.56918122229e-05, 1.30118287416e-05, 1.54808767547e-05],
        "mean": [0.000518801331054, 0.000872912351042, 0.000305373279843, 0.000193275176571, 0.000221240101382, 0.000257195206359, 0.000285832880763, 0.000196315653739, 0.0002123361337, 0.000301817519357, 0.000282462278847, 0.000312389194733, 0.000216675471165, 0.000117172661703, 5.98620026722e-05, 5.37105988769e-05, 4.29039828305e-05, 5.23849739693e-05, 2.58541549556e-05, 4.3013929826e-05, 1.86478537216e-05, 2.31291323871e-05, 1.06031830001e-05, 8.05754552857e-06, 6.10587949268e-06, 3.66817698705e-06, 3.62091009265e-06, 3.14395060741e-06, 1.86139311609e-06, 1.00720126284e-06, 8.2615139263e-07, 8.87242379122e-07, 7.43459679597e-07, 7.19509046121e-07, 7.53672225073e-07, 6.7032209472e-07, 5.87757824633e-07, 5.71685575323e-07, 5.10435484102e-07, 4.1156610564e-07],
        "median": [0.000116405179142, 0.00022065587109, 0.000113023023005, 7.33257111278e-05, 9.92604327621e-05, 7.10877866368e-05, 4.17909286625e-05, 3.422046575e-05, 4.15118811361e-05, 3.24487446051e-05, 4.4999858801e-05, 3.19512582792e-05, 2.04881926038e-05, 1.53465371113e-05, 1.05131166492e-05, 7.19092076906e-06, 6.89190255798e-06, 7.87196859164e-06, 4.4543585318e-06, 4.6013078645e-06, 2.77370395452e-06, 2.62872413259e-06, 2.17539513869e-06, 1.84250063739e-06, 1.60663637416e-06, 1.08691131118e-06, 1.03051036149e-06, 8.1242728811e-07, 4.84206623241e-07, 2.1001663697e-07, 9.73967075879e-08, 8.53854018601e-08, 9.24363590116e-08, 1.3500819307e-07, 1.51923998715e-07, 1.25833295783e-07, 9.46819582737e-08, 1.16559398577e-07, 1.06616965923e-07, 6.15267836679e-08],
        "min": [5.07168615614e-24, 1.57189181281e-23, 9.38429800598e-24, 1.87580158095e-23, 9.73319540714e-24, 6.60643240219e-24, 2.167817851e-23, 1.08690438813e-23, 1.12114710453e-23, 4.29880954501e-24, 1.54801393984e-23, 2.01938499421e-23, 9.73077833733e-24, 3.75111170156e-24, 5.76257487567e-24, 1.36674017248e-23, 2.19731320247e-23, 1.39327445566e-23, 1.00000552185e-23, 6.71112371064e-24, 8.04219869273e-24, 1.40374863522e-23, 1.23103361425e-23, 1.03516915447e-23, 7.37967070604e-24, 9.72551269078e-24, 1.48316326254e-23, 6.23964639671e-24, 7.75309300388e-24, 1.04774107294e-23, 1.00820967526e-23, 1.3153470678e-23, 1.10747448843e-23, 1.69374920788e-23, 1.72456463919e-23, 1.30422760002e-23, 9.8421481422e-24, 1.07105333264e-23, 1.13167098232e-23, 8.37207586861e-24],
        "var": [2.49697563959e-06, 3.94184553443e-06, 3.43135099001e-07, 1.32320693069e-07, 1.76192401113e-07, 3.71612856043e-07, 5.40383723546e-07, 3.28730266119e-07, 4.23727357202e-07, 9.32214732074e-07, 8.69814584803e-07, 1.09425036499e-06, 4.89228966671e-07, 1.46717951566e-07, 4.67901344336e-08, 2.95307049925e-08, 2.12913544573e-08, 2.76848499681e-08, 8.58545501359e-09, 2.29227286042e-08, 4.59981208678e-09, 5.53646772872e-09, 8.10517652994e-10, 3.63047869545e-10, 1.30196450843e-10, 3.83432036122e-11, 3.52315086827e-11, 2.90148929188e-11, 1.10097842301e-11, 4.20116025301e-12, 3.32537599887e-12, 3.46683771101e-12, 2.22641675061e-12, 1.92110433464e-12, 1.97973256712e-12, 2.08678668963e-12, 2.1032598406e-12, 1.3812593647e-12, 1.04907792522e-12, 9.63923602396e-13]
    },
    "mfcc": {
        "mean": [-718.914855957, 142.338500977, -8.09652328491, -3.2645509243, 1.18470740318, -7.14903068542, 1.98825466633, 0.938739478588, -4.75543642044, 4.14640903473, -6.67370939255, -4.12847948074, -0.902694582939],
        "cov": [[13402.3330078, -2673.64746094, -178.826950073, 979.704406738, 87.7283096313, 342.16229248, 580.89831543, 787.286315918, 452.937957764, 468.594360352, 393.201660156, 349.574249268, 298.584564209], [-2673.64746094, 1308.625, 6.4734120369, -97.3773651123, 102.252601624, -71.9485168457, -9.87355899811, -93.630279541, -123.221313477, -41.2118530273, -84.4529953003, -65.7347488403, -9.21377754211], [-178.826950073, 6.4734120369, 823.730102539, 203.404968262, 165.574737549, 179.761032104, 60.7677879333, -39.3661613464, -29.4089584351, -53.8820419312, 27.8849163055, 9.44697666168, 12.7902994156], [979.704406738, -97.3773651123, 203.404968262, 470.377319336, 252.698074341, 113.465522766, 14.9415884018, 89.1548538208, 74.663520813, 19.4161148071, 22.7310848236, 72.4118347168, 89.7451629639], [87.7283096313, 102.252601624, 165.574737549, 252.698074341, 434.517822266, 65.0553588867, -118.528648376, 16.0670681, 61.9393539429, -18.9148254395, -24.1392326355, 52.9533996582, 80.7608795166], [342.16229248, -71.9485168457, 179.761032104, 113.465522766, 65.0553588867, 331.683135986, 53.8886680603, 85.4957122803, 59.0348243713, -26.8320732117, 87.024559021, 8.5509853363, -24.6335906982], [580.89831543, -9.87355899811, 60.7677879333, 14.9415884018, -118.528648376, 53.8886680603, 348.030151367, 73.6722793579, -50.0023918152, 76.0619812012, 32.6018218994, -10.9271335602, -6.95434856415], [787.286315918, -93.630279541, -39.3661613464, 89.1548538208, 16.0670681, 85.4957122803, 73.6722793579, 203.374389648, 68.329574585, 37.3079986572, 47.9988174438, 26.9005126953, 16.6255817413], [452.937957764, -123.221313477, -29.4089584351, 74.663520813, 61.9393539429, 59.0348243713, -50.0023918152, 68.329574585, 159.174865723, 13.2925882339, 27.6731376648, 31.9133224487, 5.6999297142], [468.594360352, -41.2118530273, -53.8820419312, 19.4161148071, -18.9148254395, -26.8320732117, 76.0619812012, 37.3079986572, 13.2925882339, 142.47303772, 34.8052101135, -1.71413326263, -2.6368701458], [393.201660156, -84.4529953003, 27.8849163055, 22.7310848236, -24.1392326355, 87.024559021, 32.6018218994, 47.9988174438, 27.6731376648, 34.8052101135, 157.853347778, 27.7404460907, -28.2532081604], [349.574249268, -65.7347488403, 9.44697666168, 72.4118347168, 52.9533996582, 8.5509853363, -10.9271335602, 26.9005126953, 31.9133224487, -1.71413326263, 27.7404460907, 120.52091217, 58.1196975708], [298.584564209, -9.21377754211, 12.7902994156, 89.7451629639, 80.7608795166, -24.6335906982, -6.95434856415, 16.6255817413, 5.6999297142, -2.6368701458, -28.2532081604, 58.1196975708, 129.764297485]],
