{
"lowlevel": {
    "average_loudness": 0.2780392766,
    "barkbands_crest": {
        "dmean": 3.09778261185,
        "dmean2": 4.92772579193,
        "dvar": 8.10925292969,
        "dvar2": 18.7967205048,
        "max": 26.2064304352,
        "mean": 11.897397995,
        "median": 11.2160673141,
        "min": 2.21329092979,
        "var": 23.6159534454
    },
    "barkbands_flatness_db": {
        "dmean": 0.0285540614277,
        "dmean2": 0.042225535959,
        "dvar": 0.000806479831226,
        "dvar2": 0.00168352352921,
        "max": 0.557710051537,
        "mean": 0.168932780623,
        "median": 0.153504863381,
        "min": 0.0284737125039,
        "var": 0.00542105268687
    },
    "barkbands_kurtosis": {
        "dmean": 4.77856779099,
        "dmean2": 7.4146900177,
        "dvar": 166.222610474,
        "dvar2": 354.040466309,
        "max": 414.375335693,
        "mean": 6.37761306763,
        "median": 2.22298717499,
        "min": -1.87130498886,
        "var": 306.023345947
    },
    "barkbands_skewness": {
        "dmean": 0.712917327881,
        "dmean2": 1.07791280746,
        "dvar": 0.748384892941,
        "dvar2": 1.52815830708,
        "max": 17.3920860291,
        "mean": 1.65053296089,
        "median": 1.37979960442,
        "min": -3.17854118347,
        "var": 2.65958809853
    },
    "barkbands_spread": {
        "dmean": 6.00136947632,
        "dmean2": 9.38617610931,
        "dvar": 59.8980102539,
        "dvar2": 135.624649048,
        "max": 112.864753723,
        "mean": 19.3946590424,
        "median": 16.3317756653,
        "min": 0.421287119389,
        "var": 185.345947266
    },
    "dissonance": {
        "dmean": 0.0215641912073,
        "dmean2": 0.0361410975456,
        "dvar": 0.000479689304484,
        "dvar2": 0.00126078398898,
        "max": 0.500000238419,
        "mean": 0.462313503027,
        "median": 0.473427534103,
        "min": 0.205963537097,
        "var": 0.00134033733048
    },
    "dynamic_complexity": 3.65141987801,
    "erbbands_crest": {
        "dmean": 3.12998795509,
        "dmean2": 5.06728124619,
        "dvar": 8.59303092957,
        "dvar2": 21.011133194,
        "max": 30.2164478302,
        "mean": 10.1932468414,
        "median": 9.06496524811,
        "min": 2.47818994522,
        "var": 23.7237567902
    },
    "erbbands_flatness_db": {
        "dmean": 0.0208296980709,
        "dmean2": 0.0302585661411,
        "dvar": 0.000373459333787,
        "dvar2": 0.00071593048051,
        "max": 0.528193771839,
        "mean": 0.190098941326,
        "median": 0.177504062653,
        "min": 0.0652540996671,
        "var": 0.00465232552961
    },
    "erbbands_kurtosis": {
        "dmean": 1.42468619347,
        "dmean2": 2.22800326347,
        "dvar": 4.19940900803,
        "dvar2": 9.96464347839,
        "max": 61.8963317871,
        "mean": 1.63268482685,
        "median": 0.745270729065,
        "min": -1.84558105469,
        "var": 10.5107688904
    },
    "erbbands_skewness": {
        "dmean": 0.432107388973,
        "dmean2": 0.663367688656,
        "dvar": 0.179960206151,
        "dvar2": 0.40053793788,
        "max": 6.02414703369,
        "mean": 0.617295503616,
        "median": 0.521818459034,
        "min": -3.63689732552,
        "var": 0.82602584362
    },
    "erbbands_spread": {
        "dmean": 7.70848941803,
        "dmean2": 11.7492027283,
        "dvar": 87.6067199707,
        "dvar2": 201.310699463,
        "max": 165.078155518,
        "mean": 29.918794632,
        "median": 26.4147186279,
        "min": 2.86960482597,
        "var": 309.834350586
    },
    "hfc": {
        "dmean": 7.08402347565,
        "dmean2": 10.3209371567,
        "dvar": 83.0972442627,
        "dvar2": 178.694351196,
        "max": 191.161758423,
        "mean": 19.8985061646,
        "median": 15.8429307938,
        "min": 1.2320249066e-16,
        "var": 370.716156006
    },
    "melbands_crest": {
        "dmean": 4.01480484009,
        "dmean2": 6.38446044922,
        "dvar": 15.5518188477,
        "dvar2": 34.4179573059,
        "max": 39.3899726868,
        "mean": 16.8445091248,
        "median": 15.7496509552,
        "min": 2.65769648552,
        "var": 54.7646141052
    },
    "melbands_flatness_db": {
        "dmean": 0.03323931247,
        "dmean2": 0.0497444793582,
        "dvar": 0.00122552679386,
        "dvar2": 0.002576014027,
        "max": 0.676254451275,
        "mean": 0.207271963358,
        "median": 0.19547919929,
        "min": 0.00881623011082,
        "var": 0.00739706400782
    },
    "melbands_kurtosis": {
        "dmean": 10.4721899033,
        "dmean2": 16.4672737122,
        "dvar": 957.27532959,
        "dvar2": 2257.91381836,
        "max": 1228.76281738,
        "mean": 15.7191963196,
        "median": 6.12822914124,
        "min": -1.87839913368,
        "var": 1520.71533203
    },
    "melbands_skewness": {
        "dmean": 0.927313446999,
        "dmean2": 1.42249548435,
        "dvar": 1.56711494923,
        "dvar2": 3.55905675888,
        "max": 29.6626701355,
        "mean": 2.54013562202,
        "median": 2.04003453255,
        "min": -1.01928043365,
        "var": 4.92407274246
    },
    "melbands_spread": {
        "dmean": 8.58797740936,
        "dmean2": 13.3033475876,
        "dvar": 180.060287476,
        "dvar2": 333.799499512,
        "max": 249.674835205,
        "mean": 23.7495765686,
        "median": 17.7230911255,
        "min": 0.281814426184,
        "var": 579.85925293
    },
    "pitch_salience": {
        "dmean": 0.0873342379928,
        "dmean2": 0.139615640044,
        "dvar": 0.0080170314759,
        "dvar2": 0.0188076756895,
        "max": 0.872243046761,
        "mean": 0.512831330299,
        "median": 0.524928867817,
        "min": 0.0279466062784,
        "var": 0.0278205480427
    },
    "silence_rate_20dB": {
        "dmean": 0,
        "dmean2": 0,
        "dvar": 0,
        "dvar2": 0,
        "max": 1,
        "mean": 1,
        "median": 1,
        "min": 1,
        "var": 0
    },
    "silence_rate_30dB": {
        "dmean": 0.0167452823371,
        "dmean2": 0.0334945172071,
        "dvar": 0.0164656024426,
        "dvar2": 0.04063237831,
        "max": 1,
        "mean": 0.978893995285,
        "median": 1,
        "min": 0,
        "var": 0.0206590723246
    },
    "silence_rate_60dB": {
        "dmean": 0.0290094334632,
        "dmean2": 0.0579077713192,
        "dvar": 0.0281664822251,
        "dvar2": 0.0632852017879,
        "max": 1,
        "mean": 0.0782926529646,
        "median": 0,
        "min": 0,
        "var": 0.0721564739943
    },
    "spectral_centroid": {
        "dmean": 287.289581299,
        "dmean2": 431.700531006,
        "dvar": 121438.875,
        "dvar2": 233749.5,
        "max": 10974.515625,
        "mean": 1451.24047852,
        "median": 1329.07702637,
        "min": 212.363113403,
        "var": 498639.1875
    },
    "spectral_complexity": {
        "dmean": 4.38396215439,
        "dmean2": 6.60148620605,
        "dvar": 26.5294132233,
        "dvar2": 57.6887893677,
        "max": 48,
        "mean": 15.6290531158,
        "median": 14,
        "min": 0,
        "var": 85.7875976562
    },
    "spectral_decrease": {
        "dmean": 2.72737454843e-09,
        "dmean2": 4.17787715534e-09,
        "dvar": 1.70859333673e-17,
        "dvar2": 3.84622441225e-17,
        "max": 9.41350200242e-29,
        "mean": -6.96900270825e-09,
        "median": -4.78943640303e-09,
        "min": -6.82171972244e-08,
        "var": 5.06813230439e-17
    },
    "spectral_energy": {
        "dmean": 0.0107678230852,
        "dmean2": 0.0164620373398,
        "dvar": 0.000254334299825,
        "dvar2": 0.0005696900771,
        "max": 0.259126573801,
        "mean": 0.0281075276434,
        "median": 0.0196572206914,
        "min": 1.08195490694e-20,
        "var": 0.000781834416557
    },
    "spectral_energyband_high": {
        "dmean": 0.000300519895973,
        "dmean2": 0.000434983958257,
        "dvar": 2.4285165523e-07,
        "dvar2": 4.66114812525e-07,
        "max": 0.00892972759902,
        "mean": 0.000643426086754,
        "median": 0.000330401526298,
        "min": 7.60212991045e-21,
        "var": 7.2317965305e-07
    },
    "spectral_energyband_low": {
        "dmean": 0.0055890865624,
        "dmean2": 0.00878262612969,
        "dvar": 0.000185432771104,
        "dvar2": 0.000432447355706,
        "max": 0.244385719299,
        "mean": 0.0103677967563,
        "median": 0.00190062844194,
        "min": 5.42349066751e-23,
        "var": 0.000378238764824
    },
    "spectral_energyband_middle_high": {
        "dmean": 0.00315895909443,
        "dmean2": 0.00482398224995,
        "dvar": 2.95301579172e-05,
        "dvar2": 7.60313268984e-05,
        "max": 0.160721153021,
        "mean": 0.0074359010905,
        "median": 0.00432046316564,
        "min": 1.49678200575e-21,
        "var": 0.000113694768515
    },
    "spectral_energyband_middle_low": {
        "dmean": 0.00519744865596,
        "dmean2": 0.0083105424419,
        "dvar": 8.37936822791e-05,
        "dvar2": 0.000205787597224,
        "max": 0.138833507895,
        "mean": 0.00958952959627,
        "median": 0.00423157261685,
        "min": 3.83423735146e-22,
        "var": 0.000176176035893
    },
    "spectral_entropy": {
        "dmean": 0.191352561116,
        "dmean2": 0.280260443687,
        "dvar": 0.0386694855988,
        "dvar2": 0.0752845853567,
        "max": 9.80184650421,
        "mean": 7.57825803757,
        "median": 7.63234138489,
        "min": 4.81753873825,
        "var": 0.229955360293
    },
    "spectral_flux": {
        "dmean": 0.0306222271174,
        "dmean2": 0.0472351312637,
        "dvar": 0.00112190353684,
        "dvar2": 0.00240231142379,
        "max": 0.403457909822,
        "mean": 0.0926316827536,
        "median": 0.0798318237066,
        "min": 1.04017058855e-10,
        "var": 0.00368567113765
    },
    "spectral_kurtosis": {
        "dmean": 1.85630297661,
        "dmean2": 3.03557515144,
        "dvar": 21.1629600525,
        "dvar2": 46.0245513916,
        "max": 320.961395264,
        "mean": 5.00241184235,
        "median": 3.71441078186,
        "min": -1.23720920086,
        "var": 71.8125457764
    },
    "spectral_rms": {
        "dmean": 0.00092385878088,
        "dmean2": 0.00136431504507,
        "dvar": 1.13925216283e-06,
        "dvar2": 2.23886081585e-06,
        "max": 0.0158998873085,
        "mean": 0.00466974359006,
        "median": 0.00437924358994,
        "min": 3.24894711828e-12,
        "var": 5.61546539757e-06
    },
    "spectral_rolloff": {
        "dmean": 507.719512939,
        "dmean2": 833.838745117,
        "dvar": 895527.625,
        "dvar2": 1762330.25,
        "max": 19401.4160156,
        "mean": 1472.95849609,
        "median": 1184.32617188,
        "min": 21.533203125,
        "var": 2361717
    },
    "spectral_skewness": {
        "dmean": 0.239378064871,
        "dmean2": 0.379291087389,
        "dvar": 0.0888587459922,
        "dvar2": 0.223372370005,
        "max": 13.8177108765,
        "mean": 1.61958611012,
        "median": 1.54486453533,
        "min": -0.0579579137266,
        "var": 0.372224599123
    },
    "spectral_spread": {
        "dmean": 532684.1875,
        "dmean2": 784650.9375,
        "dvar": 583923990528,
        "dvar2": 952948621312,
        "max": 40125468,
        "mean": 4491368,
        "median": 4404748.5,
        "min": 375566.0625,
        "var": 2.52429022003e+12
    },
    "spectral_strongpeak": {
        "dmean": 0.58336943388,
        "dmean2": 0.952045559883,
        "dvar": 0.788161933422,
        "dvar2": 1.88432204723,
        "max": 11.2581987381,
        "mean": 1.03998553753,
        "median": 0.442331433296,
        "min": 0,
        "var": 1.65279233456
    },
    "zerocrossingrate": {
        "dmean": 0.0109636411071,
        "dmean2": 0.0123705212027,
        "dvar": 0.000289574672934,
        "dvar2": 0.00025721808197,
        "max": 0.64013671875,
        "mean": 0.0593716278672,
        "median": 0.05224609375,
        "min": 0.0009765625,
        "var": 0.00198584399186
    },
    "barkbands": {
        "dmean": [0.00184286851436, 0.00427627796307, 0.0011370802531, 0.000496197724715, 0.00172423326876, 0.000947319203988, 0.000415108836023, 0.00147341948468, 0.00164890219457, 0.00122001382988, 0.000886936439201, 0.000793813844211, 0.000771802267991, 0.000426339218393, 0.000322693813359, 0.000230954305152, 0.00023156129464, 0.000159055984113, 0.000147367405589, 0.000122668367112, 8.98104408407e-05, 6.80527009536e-05, 5.35263097845e-05, 5.19823261129e-05, 3.97270305257e-05, 1.19014321172e-05, 4.45849877906e-07],
        "dmean2": [0.00283060665242, 0.00645755790174, 0.00203335424885, 0.000905890890863, 0.00289143715054, 0.00156114622951, 0.000667275919113, 0.00229570735246, 0.0026055148337, 0.00197503017262, 0.00143724598456, 0.00127359351609, 0.00123109132983, 0.000679304765072, 0.000539167027455, 0.000380371813662, 0.000372432492441, 0.000256569852354, 0.000235059938859, 0.000192941210116, 0.000141068128869, 0.000105831888504, 8.11222198536e-05, 7.52487248974e-05, 5.63613357372e-05, 1.64343200595e-05, 6.90595925334e-07],
        "dvar": [4.81609349663e-05, 0.000118340271001, 2.07146185858e-05, 3.89172873838e-06, 1.8751305106e-05, 6.42598934064e-06, 2.67028462986e-06, 1.82248295459e-05, 2.30221812672e-05, 1.68224760273e-05, 5.29207545696e-06, 2.81936263491e-06, 4.00371527576e-06, 8.13417898371e-07, 7.37280288376e-07, 4.73432777426e-07, 1.92930755816e-07, 6.98047415426e-08, 6.93754884651e-08, 5.55802266433e-08, 1.94921128127e-08, 1.24513457322e-08, 1.43602854052e-08, 1.87671673757e-08, 1.342224909e-08, 8.31633539811e-10, 2.94497000571e-12],
        "dvar2": [0.000105908409751, 0.000256802421063, 5.7760058553e-05, 1.11128674689e-05, 4.89825179102e-05, 1.5139050447e-05, 5.94917810304e-06, 4.10217289755e-05, 5.50633958483e-05, 4.8955764214e-05, 1.43910565384e-05, 7.16139948054e-06, 9.73633086687e-06, 1.93185155695e-06, 1.89275101548e-06, 1.2030951666e-06, 4.58457009245e-07, 1.67356759562e-07, 1.70849844494e-07, 1.31367983158e-07, 4.39011742515e-08, 2.77005973714e-08, 2.95343678403e-08, 3.42084014449e-08, 2.3150159123e-08, 1.49774759262e-09, 6.48806182391e-12],
        "max": [0.0953485369682, 0.230988815427, 0.0452452525496, 0.0224016271532, 0.120079040527, 0.0562772974372, 0.0452746525407, 0.101410038769, 0.113046146929, 0.117624029517, 0.0508766584098, 0.0284012872726, 0.0316618680954, 0.0173603631556, 0.0187229607254, 0.0205422844738, 0.00716266734526, 0.00751851918176, 0.00525208143517, 0.00436879321933, 0.00267755240202, 0.00275835511275, 0.00254753814079, 0.00308165373281, 0.00257434952073, 0.00113205832895, 5.40656874364e-05],
        "mean": [0.00224060565233, 0.00737836351618, 0.0011235420825, 0.000398179428885, 0.00228091422468, 0.00128987140488, 0.000485689815832, 0.00209156982601, 0.00247207516804, 0.00187984330114, 0.00134103896562, 0.0011506236624, 0.00101725454442, 0.000635955482721, 0.000416223309003, 0.000317485653795, 0.000348825444235, 0.000251437071711, 0.000238084045122, 0.000187248821021, 0.000165557168657, 0.00011960008851, 9.32110779104e-05, 9.48330489337e-05, 6.96120041539e-05, 1.92891675397e-05, 4.7658056701e-07],
        "median": [6.8570014264e-05, 0.000983645324595, 8.57196355355e-05, 7.15901842341e-05, 0.000445329642389, 0.000399054260924, 8.90283263288e-05, 0.000225735420827, 0.000306386820739, 0.000305306952214, 0.000306538277073, 0.000369095534552, 0.000246319774305, 0.000154018693138, 0.000129126114189, 0.000114348906209, 0.000107755884528, 0.000113806388981, 0.000103444406705, 7.79888650868e-05, 6.65687839501e-05, 5.44800968783e-05, 4.01359102398e-05, 3.8962913095e-05, 2.30001587624e-05, 5.17529633726e-06, 3.71333963578e-09],
        "min": [6.04017621151e-24, 1.29029166215e-23, 9.45466203214e-24, 4.87389064375e-23, 3.14466273221e-23, 1.07535562225e-22, 1.01002146788e-22, 4.18899087733e-23, 4.90611939826e-23, 1.70646769671e-22, 1.43146841856e-23, 5.699952336e-23, 8.22324132385e-23, 1.06664786003e-22, 9.96249407978e-23, 2.34984674757e-22, 7.16710235325e-23, 1.74688943436e-22, 2.78721925376e-22, 3.64567510887e-22, 3.15727680741e-22, 5.38353315872e-22, 5.95977724354e-22, 9.13468111632e-22, 1.22815722228e-21, 1.75710105576e-21, 2.32671931482e-21],
        "var": [6.89902226441e-05, 0.00021230938728, 1.3952802874e-05, 2.32697152569e-06, 2.50136890827e-05, 9.87426756183e-06, 3.53382165486e-06, 4.43994977104e-05, 4.77679459436e-05, 3.22479500028e-05, 1.01203668237e-05, 4.47878483101e-06, 5.82506345381e-06, 1.56894930115e-06, 8.66733216753e-07, 5.23512312611e-07, 3.27942387912e-07, 1.26004124468e-07, 1.37151488389e-07, 1.0581511134e-07, 5.01746377779e-08, 2.82515522088e-08, 3.22683142429e-08, 4.36574616458e-08, 3.71402677501e-08, 1.97118699141e-09, 4.20786669397e-12]
    },
    "erbbands": {
        "dmean": [0.224312230945, 0.67904150486, 1.28692829609, 1.4928394556, 2.43722867966, 6.78578710556, 10.3943815231, 7.38238525391, 4.06018066406, 15.783788681, 34.3283462524, 40.1643180847, 35.73487854, 37.2148246765, 32.1350708008, 28.2944221497, 34.2220039368, 20.704328537, 20.160238266, 14.0710554123, 11.4828147888, 12.4002475739, 8.99000453949, 7.44532728195, 7.15207052231, 5.26901054382, 3.80042314529, 3.57596945763, 2.6596622467, 1.75600075722, 1.53077197075, 1.15882194042, 0.859390079975, 0.524251699448, 0.250264793634, 0.0766299590468, 0.0181594528258, 0.00232718884945, 7.73081337684e-05, 1.40365191328e-05],
        "dmean2": [0.348251134157, 1.0300784111, 2.2474064827, 2.64461541176, 4.3008928299, 11.5140571594, 16.7737426758, 11.9195213318, 6.36409568787, 24.5482215881, 53.5470314026, 63.2823600769, 57.6432228088, 60.3676795959, 51.4536399841, 45.0733718872, 54.4674949646, 32.6342544556, 32.2761421204, 23.3313369751, 18.4723701477, 19.7799816132, 14.6272983551, 12.0473718643, 11.1366529465, 8.16214370728, 5.94952487946, 5.62879371643, 4.15244102478, 2.68093562126, 2.31930732727, 1.71510469913, 1.25815784931, 0.766411066055, 0.349780112505, 0.106762193143, 0.0253833364695, 0.00331886624917, 0.000108581181848, 2.09322261071e-05],
        "dvar": [0.419258981943, 3.25896596909, 24.1625652313, 34.229095459, 66.4405822754, 339.5831604, 699.438903809, 548.092712402, 170.21321106, 2506.48535156, 9492.68261719, 13760.6542969, 14764.390625, 12152.1425781, 6992.14208984, 3714.89672852, 8041.68212891, 1930.47338867, 1966.87145996, 2611.14794922, 419.142089844, 631.878967285, 232.9425354, 172.465957642, 200.767486572, 95.5466537476, 41.7062072754, 31.8588008881, 19.8619556427, 11.6586332321, 12.6079597473, 7.70209980011, 6.46343517303, 2.42415809631, 0.564143955708, 0.0371683016419, 0.00221117748879, 3.96901377826e-05, 7.501117949e-08, 3.87920862099e-10],
        "dvar2": [0.970651268959, 6.5902056694, 66.2392044067, 94.8281707764, 181.008758545, 898.237609863, 1611.86743164, 1243.05493164, 368.960174561, 5511.32763672, 22080.4785156, 33099.171875, 41157.7226562, 35881.6484375, 18429.8320312, 9410.53417969, 19439.8769531, 4517.43310547, 4813.40283203, 6630.65820312, 994.64050293, 1431.13342285, 565.065246582, 421.10760498, 485.384368896, 217.200698853, 99.5981369019, 70.9051589966, 44.5544433594, 24.8594818115, 25.8935680389, 14.5676927567, 12.5839614868, 4.6068277359, 0.941960096359, 0.0658251717687, 0.00418357318267, 8.06912648841e-05, 1.37229733355e-07, 8.15134237886e-10],
        "max": [10.8076295853, 35.4188766479, 53.5624504089, 59.2199401855, 138.605773926, 634.203125, 460.87802124, 600.708374023, 383.589477539, 1335.20410156, 1739.24804688, 2113.48510742, 3952.35009766, 2648.40185547, 1940.13146973, 1316.44445801, 1414.0423584, 775.13458252, 733.196960449, 1462.19360352, 410.114562988, 485.033813477, 284.444244385, 355.159362793, 335.974121094, 231.914611816, 121.293907166, 115.519561768, 76.459564209, 146.727661133, 82.6955032349, 59.1555862427, 63.3356704712, 32.3828964233, 23.8973579407, 7.75348949432, 1.8355987072, 0.165174409747, 0.0122127430514, 0.000504902913235],
        "mean": [0.33552762866, 1.19553768635, 1.40836572647, 1.35300457478, 2.5146279335, 8.48237609863, 13.9967498779, 10.1166582108, 5.41797733307, 22.0440502167, 46.9351425171, 58.9468269348, 59.8600654602, 59.0965690613, 51.2837982178, 43.7401199341, 48.0310325623, 32.7693138123, 29.7136001587, 19.474067688, 18.9138412476, 19.5340442657, 14.6017522812, 12.2209796906, 11.7933597565, 8.3886756897, 6.56905603409, 6.55928039551, 4.74430799484, 2.9912519455, 2.6607875824, 2.11038279533, 1.48255050182, 0.873531639576, 0.434815347195, 0.128921493888, 0.0275662522763, 0.00312917935662, 0.00011432365136, 3.77447868232e-05],
        "median": [0.0456788912416, 0.124401159585, 0.175536543131, 0.297582179308, 0.452417343855, 1.53343582153, 3.10290384293, 2.94211745262, 1.67972648144, 3.47896075249, 6.77700901031, 8.47220230103, 10.4469032288, 14.1648206711, 15.0985679626, 14.804148674, 13.0125865936, 9.72196102142, 9.81702613831, 7.85701227188, 8.77333545685, 7.24992036819, 6.68740558624, 6.11701536179, 4.41039228439, 3.60780024529, 2.85679340363, 2.5887055397, 1.98667049408, 1.39556133747, 1.14043974876, 0.86021053791, 0.589373886585, 0.283961623907, 0.142446860671, 0.0409253053367, 0.0055391388014, 0.000282483873889, 2.9105322028e-05, 2.75823877018e-05],
        "min": [1.74943764441e-22, 3.45834884093e-21, 1.0714272565e-20, 1.02691325885e-19, 9.78594989705e-20, 1.58386411117e-19, 3.11191757092e-19, 1.1617552146e-18, 1.88594512005e-18, 5.34871682785e-19, 8.81689229981e-19, 1.05088902428e-18, 1.81921894157e-18, 6.32808306008e-18, 1.10348613071e-18, 2.42850611871e-18, 3.13163176646e-18, 5.38691695912e-18, 4.44784321152e-18, 8.12835977242e-18, 1.19078232646e-17, 4.66773222016e-18, 1.01410035265e-17, 1.09873887913e-17, 1.77747051567e-17, 1.67701174638e-17, 1.54760628787e-17, 1.52717641566e-17, 1.59358297155e-17, 1.61002153186e-17, 1.65150215804e-17, 1.80129166295e-17, 1.60102511552e-17, 1.49290516483e-17, 8.42916896526e-18, 6.47294885512e-18, 2.80551126047e-18, 1.3431101178e-18, 3.10538930643e-19, 3.62291214249e-20],
        "var": [0.577220499516, 5.7434015274, 17.7036838531, 22.1788311005, 54.7839202881, 392.274627686, 1110.58300781, 831.713684082, 254.216720581, 4815.55419922, 17726.8632812, 27714.5605469, 32137.8183594, 24484.5273438, 12546.5996094, 6182.06835938, 11725.1435547, 3838.16040039, 3090.72412109, 2738.57861328, 754.991394043, 1186.94726562, 398.959564209, 309.197937012, 454.019317627, 194.621582031, 84.6896514893, 83.7946548462, 45.1042671204, 25.78515625, 27.6555137634, 18.1489391327, 13.5714054108, 5.87553167343, 1.55714762211, 0.0920890122652, 0.00465589389205, 7.5577518146e-05, 1.48272562228e-07, 1.25176413679e-09]
    },
    "gfcc": {
        "mean": [-30.0051002502, 77.9025192261, -145.740188599, 20.1806297302, -69.0468902588, 21.2884845734, -34.7106666565, 9.57538795471, -24.0228538513, 0.488669991493, -11.4308996201, 0.252256691456, -2.41765975952],
        "cov": [[6818.06005859, -1445.6138916, 649.018188477, 688.360412598, -23.3373851776, 702.947631836, -128.049713135, 612.454345703, -178.468688965, 445.463623047, -198.320602417, 239.771911621, -344.991729736], [-1445.6138916, 2032.01037598, 466.718688965, 302.097229004, 404.232696533, -149.622680664, 372.862609863, -152.079650879, 283.690246582, -92.5578994751, 293.862182617, -64.7776260376, 307.955841064], [649.018188477, 466.718688965, 1948.33813477, 965.76550293, 455.175506592, 286.16394043, -82.0952453613, 176.149230957, -34.7245635986, 279.990356445, 20.8942947388, 205.616760254, 14.5482597351], [688.360412598, 302.097229004, 965.76550293, 1095.99584961, 514.06463623, 377.215606689, 136.368728638, 167.77784729, 152.661468506, 181.850906372, 63.0093231201, 131.661895752, 48.1856651306], [-23.3373851776, 404.232696533, 455.175506592, 514.06463623, 614.430786133, 272.505004883, 288.962097168, 123.305709839, 180.944656372, 151.833984375, 84.1326446533, 111.842430115, 42.9003334045], [702.947631836, -149.622680664, 286.16394043, 377.215606689, 272.505004883, 536.95501709, 270.285186768, 287.069091797, 135.799957275, 155.129745483, 58.9614257812, 78.9275512695, -17.9306659698], [-128.049713135, 372.862609863, -82.0952453613, 136.368728638, 288.962097168, 270.285186768, 570.82019043, 210.226821899, 293.710205078, 57.8055839539, 150.605453491, 17.5962219238, 73.616973877], [612.454345703, -152.079650879, 176.149230957, 167.77784729, 123.305709839, 287.069091797, 210.226821899, 357.05078125, 149.303115845, 141.414123535, 19.4242343903, 50.6570472717, -4.26143503189], [-178.468688965, 283.690246582, -34.7245635986, 152.661468506, 180.944656372, 135.799957275, 293.710205078, 149.303115845, 313.6456604, 58.2752151489, 117.960243225, 2.81855154037, 99.8952560425], [445.463623047, -92.5578994751, 279.990356445, 181.850906372, 151.833984375, 155.129745483, 57.8055839539, 141.414123535, 58.2752151489, 204.370193481, 31.7848834991, 72.6440963745, -17.7458362579], [-198.320602417, 293.862182617, 20.8942947388, 63.0093231201, 84.1326446533, 58.9614257812, 150.605453491, 19.4242343903, 117.960243225, 31.7848834991, 180.998779297, 19.1979637146, 82.9557037354], [239.771911621, -64.7776260376, 205.616760254, 131.661895752, 111.842430115, 78.9275512695, 17.5962219238, 50.6570472717, 2.81855154037, 72.6440963745, 19.1979637146, 162.75453186, -7.22274017334], [-344.991729736, 307.955841064, 14.5482597351, 48.1856651306, 42.9003334045, -17.9306659698, 73.616973877, -4.26143503189, 99.8952560425, -17.7458362579, 82.9557037354, -7.22274017334, 178.420043945]],
        "icov": [[0.000259294116404, -5.87666272622e-06, 0.000106265688373, -0.000267745374003, 0.000284990906948, -0.000129410909722, 1.95181273739e-05, -0.000325755390804, 0.000287940434646, -0.00038605730515, 9.76186493062e-05, -0.00016995560145, 0.000225913739996], [-5.87666272622e-06, 0.00163714913651, -0.00079421652481, 0.000177942434675, -0.000934075564146, 0.00109289598186, -0.00094844767591, 0.000566601753235, -0.000332444295054, 0.00125709199347, -0.00147660297807, 0.00113054877147, -0.00103764084633], [0.000106265688373, -0.00079421652481, 0.00165757909417, -0.00117199472152, 0.000305977882817, -0.00022926137899, 0.000758539768867, -0.000980361946858, 0.00125236797612, -0.00150349107571, 0.000471095467219, -0.000891103118192, 0.000218830493395], [-0.000267745374003, 0.000177942434675, -0.00117199472152, 0.00299724796787, -0.00162727374118, -0.00106688577216, 0.000746537407394, 0.000894182885531, -0.00168016203679, 0.00112544232979, -2.60539818555e-05, 0.000307097041514, -0.000464171025669], [0.000284990906948, -0.000934075564146, 0.000305977882817, -0.00162727374118, 0.00522406026721, -0.00116742169484, -0.0016174382763, 0.00120860617608, -0.000165752266184, -0.00288898171857, 0.00204796064645, -0.00200621900149, 0.000672671885695], [-0.000129410909722, 0.00109289598186, -0.00022926137899, -0.00106688577216, -0.00116742169484, 0.00576307578012, -0.00192980084103, -0.00250735273585, 0.00123095745221, 0.00050763116451, -0.00198902166449, 0.000765257747844, 8.35319442558e-05], [1.95181273739e-05, -0.00094844767591, 0.000758539768867, 0.000746537407394, -0.0016174382763, -0.00192980084103, 0.00620508659631, -0.00199918821454, -0.00259272195399, 0.00128463760484, -0.00142404134385, -0.000275742961094, 0.00122862320859], [-0.000325755390804, 0.000566601753235, -0.000980361946858, 0.000894182885531, 0.00120860617608, -0.00250735273585, -0.00199918821454, 0.00863598007709, -0.00332535244524, -0.0023708534427, 0.00248043192551, -7.85713855294e-05, -0.000811271253042], [0.000287940434646, -0.000332444295054, 0.00125236797612, -0.00168016203679, -0.000165752266184, 0.00123095745221, -0.00259272195399, -0.00332535244524, 0.0098566012457, -0.00180008646566, -0.00167260388844, 0.000782865972724, -0.00225215638056], [-0.00038605730515, 0.00125709199347, -0.00150349107571, 0.00112544232979, -0.00288898171857, 0.00050763116451, 0.00128463760484, -0.0023708534427, -0.00180008646566, 0.0116550913081, -0.00355787109584, -0.000316493067658, 0.000869873503689], [9.76186493062e-05, -0.00147660297807, 0.000471095467219, -2.60539818555e-05, 0.00204796064645, -0.00198902166449, -0.00142404134385, 0.00248043192551, -0.00167260388844, -0.00355787109584, 0.0115678869188, -0.00221267482266, -0.00222490099259], [-0.00016995560145, 0.00113054877147, -0.000891103118192, 0.000307097041514, -0.00200621900149, 0.000765257747844, -0.000275742961094, -7.85713855294e-05, 0.000782865972724, -0.000316493067658, -0.00221267482266, 0.00914180558175, -0.000690004497301], [0.000225913739996, -0.00103764084633, 0.000218830493395, -0.000464171025669, 0.000672671885695, 8.35319442558e-05, 0.00122862320859, -0.000811271253042, -0.00225215638056, 0.000869873503689, -0.00222490099259, -0.000690004497301, 0.00961441732943]]
    },
    "melbands": {
        "dmean": [0.00154889002442, 0.000692926521879, 0.000267265160801, 0.000317650497891, 0.000361202401109, 0.000160896408488, 6.78736323607e-05, 0.000211253849557, 0.000284456211375, 0.000252239697147, 0.000183342737728, 0.000158364229719, 0.000112855428597, 8.89123330126e-05, 7.74933869252e-05, 7.74552099756e-05, 3.79169468943e-05, 3.74429000658e-05, 2.33262744587e-05, 1.81507784873e-05, 1.35348500407e-05, 1.50247478814e-05, 9.85782480711e-06, 6.47777960694e-06, 6.46642547508e-06, 5.66448488826e-06, 5.48308571524e-06, 3.36139419232e-06, 2.62997423306e-06, 2.22052790377e-06, 2.07823063647e-06, 1.84998862096e-06, 1.07712344288e-06, 1.00232114164e-06, 9.89405066321e-07, 7.81771746006e-07, 7.41384326375e-07, 6.57653231428e-07, 5.54618395654e-07, 4.35158369783e-07],
        "dmean2": [0.0023471203167, 0.00110177788883, 0.000466356024845, 0.000546081515495, 0.000587234622799, 0.00026093213819, 0.000107355073851, 0.000325486267684, 0.000445518642664, 0.000398715346819, 0.00029785305378, 0.00025832792744, 0.000181071358384, 0.000142941877129, 0.000125715043396, 0.000123843317851, 6.09741655353e-05, 6.00024068262e-05, 3.86072060792e-05, 3.00656884065e-05, 2.18678760575e-05, 2.40802946792e-05, 1.62648921105e-05, 1.05442977656e-05, 1.05075141619e-05, 8.95188350114e-06, 8.7142434495e-06, 5.2906707424e-06, 4.17355204263e-06, 3.51028643308e-06, 3.30140369442e-06, 2.92840968541e-06, 1.68756662333e-06, 1.55805230406e-06, 1.52383836394e-06, 1.18953732908e-06, 1.10677217435e-06, 9.79460878625e-07, 8.32650471239e-07, 6.44077033485e-07],
        "dvar": [1.7185242541e-05, 4.67304107588e-06, 9.7597057902e-07, 8.13856502191e-07, 7.76892534304e-07, 2.32060841654e-07, 5.31173967033e-08, 4.00517706112e-07, 6.28237046385e-07, 5.54134885533e-07, 3.88003314811e-07, 2.3055409315e-07, 8.66037197511e-08, 3.84809730747e-08, 3.49392621501e-08, 4.60737545893e-08, 6.76608191696e-09, 7.046544237e-09, 4.92601115454e-09, 4.64094540575e-09, 5.62341895272e-10, 1.02404174029e-09, 3.20306947632e-10, 1.27308275033e-10, 1.37211284001e-10, 1.3040198088e-10, 1.40095213208e-10, 4.13352199691e-11, 2.30455168837e-11, 1.22239848452e-11, 1.15006840856e-11, 1.03405114332e-11, 4.63187604591e-12, 4.26457133496e-12, 5.317450473e-12, 3.65014095338e-12, 3.31283091237e-12, 3.71408025862e-12, 2.82717772804e-12, 1.7483299964e-12],
        "dvar2": [3.8245041651e-05, 1.16971468742e-05, 2.64966615759e-06, 2.2041720058e-06, 1.82077951649e-06, 5.30711417923e-07, 1.14603061263e-07, 8.6159343482e-07, 1.44837895277e-06, 1.34571791932e-06, 1.07763867163e-06, 6.75028104524e-07, 2.3234309765e-07, 1.00089678767e-07, 8.20503629484e-08, 1.09156438555e-07, 1.60738906629e-08, 1.69314464671e-08, 1.26442305515e-08, 1.20729364284e-08, 1.34970468135e-09, 2.31142038842e-09, 8.31773705467e-10, 3.05752340113e-10, 3.38672867528e-10, 3.17618542578e-10, 3.36405098222e-10, 9.63768301276e-11, 5.79787051702e-11, 2.84555521507e-11, 2.59393149321e-11, 2.33275031236e-11, 1.04525615593e-11, 9.44540539533e-12, 1.14754742167e-11, 7.52692873307e-12, 6.50538954303e-12, 7.39876823003e-12, 5.98729356024e-12, 3.45578752246e-12],
        "max": [0.0782216489315, 0.0251105464995, 0.0108673302457, 0.0243396833539, 0.0156557001173, 0.0117394924164, 0.00586538435891, 0.0151398032904, 0.012758818455, 0.0166538935155, 0.0197747070342, 0.011488863267, 0.00628888141364, 0.0034429077059, 0.00374233839102, 0.00437049334869, 0.00137469556648, 0.00148256029934, 0.00174317636993, 0.00186839234084, 0.000536801584531, 0.000623813190032, 0.000380895042326, 0.000372136390069, 0.000285866466584, 0.000301400868921, 0.000283811357804, 0.000182655130629, 0.000114570684673, 7.78563626227e-05, 5.83943728998e-05, 4.33053028246e-05, 7.10860913387e-05, 8.01975475042e-05, 6.55433977954e-05, 4.33786663052e-05, 3.92937581637e-05, 4.52851891168e-05, 3.80339515687e-05, 3.00368119497e-05],
        "mean": [0.00261224550195, 0.00100601185113, 0.000257098930888, 0.000368213863112, 0.000503458315507, 0.000220668647671, 8.59119245433e-05, 0.000312285905238, 0.000376059673727, 0.000373074319214, 0.000296839571092, 0.000240995563217, 0.000174992121174, 0.000131275883177, 0.000108219806862, 0.000101721292594, 5.59180116397e-05, 5.25081923115e-05, 3.03035812976e-05, 2.29236247833e-05, 2.15949785343e-05, 2.20879737753e-05, 1.46942593346e-05, 1.01651485238e-05, 9.95416667138e-06, 8.76181366039e-06, 8.09109224065e-06, 4.93545439895e-06, 4.19281286668e-06, 3.77289939024e-06, 3.63644971912e-06, 3.10537097903e-06, 1.67337793755e-06, 1.61207401561e-06, 1.60469414823e-06, 1.31115552904e-06, 1.29360466872e-06, 1.09601637632e-06, 8.59952763221e-07, 6.92991363849e-07],
        "median": [0.000402951380238, 0.000155725196237, 6.13289303146e-05, 6.23766463832e-05, 0.000114128182759, 6.54972027405e-05, 2.16246007767e-05, 4.05368482461e-05, 5.0837683375e-05, 4.46760423074e-05, 4.61812378489e-05, 5.20619360032e-05, 4.6936878789e-05, 4.49311664852e-05, 2.51437031693e-05, 2.21105983655e-05, 1.38917221193e-05, 1.39213370858e-05, 9.3404432846e-06, 7.47875083107e-06, 8.42341341922e-06, 6.40950565867e-06, 6.21308254267e-06, 4.82484074382e-06, 4.6111267693e-06, 3.26050803778e-06, 2.51893948189e-06, 2.10161874747e-06, 1.79288383606e-06, 1.50223513629e-06, 1.33429671223e-06, 1.15715124593e-06, 7.30748070055e-07, 6.87201463734e-07, 6.63156072278e-07, 5.24511733602e-07, 4.992618301e-07, 4.38617519194e-07, 2.79897193423e-07, 2.15742915088e-07],
        "min": [3.01976388392e-24, 5.37271074441e-24, 1.74283544661e-23, 8.5318730556e-24, 1.07349801259e-23, 2.58967257966e-23, 2.52197900543e-23, 5.46435508235e-24, 7.36698030066e-24, 6.71465149661e-24, 9.59881531852e-24, 2.76858181534e-23, 2.59617535732e-24, 5.73364616298e-24, 6.36835851973e-24, 8.86176837527e-24, 1.01390777535e-23, 7.06098194438e-24, 8.39344847712e-24, 1.52400842918e-23, 1.26359960679e-23, 3.97468868716e-24, 5.84368752609e-24, 1.0729551974e-23, 8.16154545909e-24, 1.1450255297e-23, 1.48068182168e-23, 9.80829890962e-24, 1.00526856515e-23, 7.34503892344e-24, 1.06874552006e-23, 1.04292570821e-23, 7.23558841715e-24, 9.61521179243e-24, 8.41163172098e-24, 1.25478377063e-23, 1.00747706014e-23, 9.89424767183e-24, 1.25336358435e-23, 1.30224132715e-23],
        "var": [2.95419104077e-05, 5.2546643019e-06, 6.7266125825e-07, 8.12847019915e-07, 1.298985012e-06, 3.59613466117e-07, 7.76026070071e-08, 9.92807599687e-07, 1.0445079397e-06, 1.17471222438e-06, 8.30237922855e-07, 4.3600761046e-07, 1.63488962812e-07, 6.28617442544e-08, 5.58251578298e-08, 6.76953888501e-08, 1.25562573672e-08, 1.13134834834e-08, 5.34016919573e-09, 4.50590142975e-09, 1.00962949112e-09, 1.76880199376e-09, 4.33995089866e-10, 2.34430308499e-10, 2.30922614364e-10, 2.59709975747e-10, 2.80972106692e-10, 7.06571884335e-11, 4.02262459454e-11, 2.78028225442e-11, 2.8571405658e-11, 2.24980312158e-11, 8.65116138449e-12, 8.73615242647e-12, 1.04712696847e-11, 8.01998484984e-12, 7.08560900925e-12, 7.38310367704e-12, 5.63105291562e-12, 4.02704475669e-12]
    },
    "mfcc": {
        "mean": [-661.532043457, 104.763626099, -17.4677371979, 1.21351623535, -8.32131099701, 3.57350802422, 1.90980577469, 4.51130819321, -0.588862776756, -0.418002128601, -3.06755590439, 0.131335601211, -3.70927238464],
        "cov": [[5714.46826172, -1125.15637207, -14.6210489273, 132.879379272, 50.1476173401, 146.279998779, 189.278610229, 222.839324951, 97.6040039062, 175.031234741, 194.657897949, 198.024185181, 47.3211174011], [-1125.15637207, 1334.38696289, 283.9425354, 253.979156494, 102.123435974, 75.6035461426, 101.404472351, 25.3889427185, 59.3181304932, 23.8572387695, 30.9389705658, -6.56680440903, 62.7582321167], [-14.6210489273, 283.9425354, 1385.12255859, 679.409545898, 549.866027832, 247.417388916, 159.012313843, 6.55173540115, 61.2566108704, 10.1472930908, 33.1885185242, 92.3576126099, 117.319084167], [132.879379272, 253.979156494, 679.409545898, 839.039001465, 501.146331787, 329.690551758, 158.809173584, 106.829978943, 145.100112915, 36.060382843, 56.0982208252, 173.374984741, 80.2571411133], [50.1476173401, 102.123435974, 549.866027832, 501.146331787, 525.791503906, 275.422821045, 139.056304932, 54.8611984253, 109.328460693, 31.4436035156, 49.7880363464, 122.840293884, 75.2812194824], [146.279998779, 75.6035461426, 247.417388916, 329.690551758, 275.422821045, 377.287445068, 219.476470947, 172.787536621, 130.980377197, 79.057762146, 118.746032715, 158.279266357, 45.5456237793], [189.278610229, 101.404472351, 159.012313843, 158.809173584, 139.056304932, 219.476470947, 293.421356201, 186.997802734, 143.5052948, 122.496032715, 138.544174194, 121.016426086, 51.3146972656], [222.839324951, 25.3889427185, 6.55173540115, 106.829978943, 54.8611984253, 172.787536621, 186.997802734, 318.681884766, 192.197189331, 120.016845703, 140.879150391, 154.642318726, 40.664226532], [97.6040039062, 59.3181304932, 61.2566108704, 145.100112915, 109.328460693, 130.980377197, 143.5052948, 192.197189331, 280.745788574, 160.098327637, 112.503036499, 131.565551758, 41.1796188354], [175.031234741, 23.8572387695, 10.1472930908, 36.060382843, 31.4436035156, 79.057762146, 122.496032715, 120.016845703, 160.098327637, 217.444595337, 120.556724548, 82.9430999756, 40.9545822144], [194.657897949, 30.9389705658, 33.1885185242, 56.0982208252, 49.7880363464, 118.746032715, 138.544174194, 140.879150391, 112.503036499, 120.556724548, 188.943710327, 111.603820801, 37.3601226807], [198.024185181, -6.56680440903, 92.3576126099, 173.374984741, 122.840293884, 158.279266357, 121.016426086, 154.642318726, 131.565551758, 82.9430999756, 111.603820801, 228.082977295, 54.9053382874], [47.3211174011, 62.7582321167, 117.319084167, 80.2571411133, 75.2812194824, 45.5456237793, 51.3146972656, 40.664226532, 41.1796188354, 40.9545822144, 37.3601226807, 54.9053382874, 111.013237]],
