{
"lowlevel": {
    "average_loudness": 0.607021808624,
    "barkbands_crest": {
        "dmean": 2.62327528,
        "dmean2": 4.02230644226,
        "dvar": 5.45847797394,
        "dvar2": 11.7607412338,
        "max": 25.4918270111,
        "mean": 9.40563774109,
        "median": 8.44141197205,
        "min": 2.12427759171,
        "var": 19.8901042938
    },
    "barkbands_flatness_db": {
        "dmean": 0.0211478862911,
        "dmean2": 0.0321067981422,
        "dvar": 0.000394524511648,
        "dvar2": 0.000944495375734,
        "max": 0.406735509634,
        "mean": 0.117188714445,
        "median": 0.109554089606,
        "min": 0.0151236709207,
        "var": 0.00315647572279
    },
    "barkbands_kurtosis": {
        "dmean": 2.21073293686,
        "dmean2": 3.65731477737,
        "dvar": 26.1257476807,
        "dvar2": 70.6950531006,
        "max": 163.754882812,
        "mean": 2.65626382828,
        "median": 1.03020715714,
        "min": -1.86311554909,
        "var": 48.0143699646
    },
    "barkbands_skewness": {
        "dmean": 0.493096411228,
        "dmean2": 0.7755818367,
        "dvar": 0.288435697556,
        "dvar2": 0.716771483421,
        "max": 10.5337877274,
        "mean": 1.14252710342,
        "median": 0.958583056927,
        "min": -2.37882184982,
        "var": 1.18973112106
    },
    "barkbands_spread": {
        "dmean": 5.4277048111,
        "dmean2": 8.33720874786,
        "dvar": 37.1430091858,
        "dvar2": 79.4460067749,
        "max": 114.213302612,
        "mean": 23.7623710632,
        "median": 20.9818153381,
        "min": 0.960638403893,
        "var": 197.024078369
    },
    "dissonance": {
        "dmean": 0.0173963326961,
        "dmean2": 0.0294995140284,
        "dvar": 0.000324459630065,
        "dvar2": 0.000889088900294,
        "max": 0.500000059605,
        "mean": 0.469393759966,
        "median": 0.476270407438,
        "min": 0.200730860233,
        "var": 0.000682806479745
    },
    "dynamic_complexity": 3.16529178619,
    "erbbands_crest": {
        "dmean": 2.60290598869,
        "dmean2": 4.28997087479,
        "dvar": 5.79681062698,
        "dvar2": 14.849776268,
        "max": 30.0305862427,
        "mean": 9.02585983276,
        "median": 8.01935386658,
        "min": 2.37343287468,
        "var": 18.2905330658
    },
    "erbbands_flatness_db": {
        "dmean": 0.0159210171551,
        "dmean2": 0.0236524380744,
        "dvar": 0.00019287809846,
        "dvar2": 0.000399325188482,
        "max": 0.373597085476,
        "mean": 0.16180446744,
        "median": 0.150679960847,
        "min": 0.047533608973,
        "var": 0.00305932969786
    },
    "erbbands_kurtosis": {
        "dmean": 0.918775439262,
        "dmean2": 1.46651983261,
        "dvar": 1.26091873646,
        "dvar2": 3.14131760597,
        "max": 18.5967655182,
        "mean": 1.05682063103,
        "median": 0.308661937714,
        "min": -1.76801037788,
        "var": 5.37746858597
    },
    "erbbands_skewness": {
        "dmean": 0.32852268219,
        "dmean2": 0.511212110519,
        "dvar": 0.0816958472133,
        "dvar2": 0.184627786279,
        "max": 3.2710108757,
        "mean": 0.521857976913,
        "median": 0.454977720976,
        "min": -3.15669941902,
        "var": 0.554039239883
    },
    "erbbands_spread": {
        "dmean": 5.54916620255,
        "dmean2": 8.47278308868,
        "dvar": 33.4322013855,
        "dvar2": 72.4377975464,
        "max": 122.234725952,
        "mean": 30.4425506592,
        "median": 28.7252483368,
        "min": 3.56870698929,
        "var": 235.112243652
    },
    "hfc": {
        "dmean": 5.38054084778,
        "dmean2": 7.96895933151,
        "dvar": 43.1965827942,
        "dvar2": 91.3659591675,
        "max": 146.560348511,
        "mean": 23.7732048035,
        "median": 19.7268810272,
        "min": 1.18966531831e-16,
        "var": 342.667694092
    },
    "melbands_crest": {
        "dmean": 4.0673327446,
        "dmean2": 6.73021841049,
        "dvar": 15.0647335052,
        "dvar2": 39.4518432617,
        "max": 38.3519134521,
        "mean": 14.3756456375,
        "median": 12.3211183548,
        "min": 2.08103632927,
        "var": 55.3090286255
    },
    "melbands_flatness_db": {
        "dmean": 0.0251603443176,
        "dmean2": 0.0387914888561,
        "dvar": 0.000601649575401,
        "dvar2": 0.00140671432018,
        "max": 0.517005681992,
        "mean": 0.166427239776,
        "median": 0.161241278052,
        "min": 0.00422661425546,
        "var": 0.00372749031521
    },
    "melbands_kurtosis": {
        "dmean": 5.35293292999,
        "dmean2": 8.86985969543,
        "dvar": 240.930908203,
        "dvar2": 653.664672852,
        "max": 612.90234375,
        "mean": 8.28793907166,
        "median": 3.74914169312,
        "min": -1.69841206074,
        "var": 388.632141113
    },
    "melbands_skewness": {
        "dmean": 0.651630759239,
        "dmean2": 1.03496932983,
        "dvar": 0.722878754139,
        "dvar2": 1.90042257309,
        "max": 22.2459201813,
        "mean": 1.90722107887,
        "median": 1.58510172367,
        "min": -1.19893038273,
        "var": 2.68025970459
    },
    "melbands_spread": {
        "dmean": 7.56136846542,
        "dmean2": 11.740940094,
        "dvar": 101.978012085,
        "dvar2": 192.238021851,
        "max": 240.948486328,
        "mean": 28.2418003082,
        "median": 23.9180698395,
        "min": 0.76116746664,
        "var": 399.578918457
    },
    "pitch_salience": {
        "dmean": 0.0757222548127,
        "dmean2": 0.121654197574,
        "dvar": 0.0053741261363,
        "dvar2": 0.0120206326246,
        "max": 0.884520947933,
        "mean": 0.575857400894,
        "median": 0.609956383705,
        "min": 0.0508958958089,
        "var": 0.0235984586179
    },
    "silence_rate_20dB": {
        "dmean": 0,
        "dmean2": 0,
        "dvar": 0,
        "dvar2": 0,
        "max": 1,
        "mean": 1,
        "median": 1,
        "min": 1,
        "var": 0
    },
    "silence_rate_30dB": {
        "dmean": 0.0168539322913,
        "dmean2": 0.0337121710181,
        "dvar": 0.0165687128901,
        "dvar2": 0.0404874607921,
        "max": 1,
        "mean": 0.981871545315,
        "median": 1,
        "min": 0,
        "var": 0.0177995786071
    },
    "silence_rate_60dB": {
        "dmean": 0.0163432080299,
        "dmean2": 0.0326905883849,
        "dvar": 0.0160760506988,
        "dvar2": 0.035963062197,
        "max": 1,
        "mean": 0.0578322485089,
        "median": 0,
        "min": 0,
        "var": 0.0544985979795
    },
    "spectral_centroid": {
        "dmean": 213.148269653,
        "dmean2": 325.188690186,
        "dvar": 64006.765625,
        "dvar2": 111627.125,
        "max": 11030.6767578,
        "mean": 1545.56933594,
        "median": 1451.55981445,
        "min": 260.688964844,
        "var": 317245.875
    },
    "spectral_complexity": {
        "dmean": 3.40040850639,
        "dmean2": 5.36815214157,
        "dvar": 10.3340349197,
        "dvar2": 23.8885936737,
        "max": 56,
        "mean": 22.1442623138,
        "median": 22,
        "min": 0,
        "var": 81.2908554077
    },
    "spectral_decrease": {
        "dmean": 2.61093413556e-09,
        "dmean2": 4.15756895578e-09,
        "dvar": 1.84294086854e-17,
        "dvar2": 5.52567766493e-17,
        "max": 1.29868922824e-28,
        "mean": -7.36798932977e-09,
        "median": -5.16957765484e-09,
        "min": -5.73560718919e-08,
        "var": 5.02789658503e-17
    },
    "spectral_energy": {
        "dmean": 0.0101689910516,
        "dmean2": 0.0161657854915,
        "dvar": 0.000267503259238,
        "dvar2": 0.000798652414232,
        "max": 0.22026231885,
        "mean": 0.029964774847,
        "median": 0.0215657018125,
        "min": 1.096084105e-20,
        "var": 0.000767023186199
    },
    "spectral_energyband_high": {
        "dmean": 0.000258829211816,
        "dmean2": 0.000376094103558,
        "dvar": 2.06401750802e-07,
        "dvar2": 3.67577825955e-07,
        "max": 0.00911241304129,
        "mean": 0.000803061353508,
        "median": 0.00052067975048,
        "min": 7.78201665208e-21,
        "var": 9.20971388041e-07
    },
    "spectral_energyband_low": {
        "dmean": 0.00694988155738,
        "dmean2": 0.0116100311279,
        "dvar": 0.000247115822276,
        "dvar2": 0.00075465842383,
        "max": 0.181194424629,
        "mean": 0.011047068052,
        "median": 0.00240997388028,
        "min": 8.33726391018e-23,
        "var": 0.000433908076957
    },
    "spectral_energyband_middle_high": {
        "dmean": 0.00250906450674,
        "dmean2": 0.00389083358459,
        "dvar": 1.71853662323e-05,
        "dvar2": 4.08318483096e-05,
        "max": 0.0990927889943,
        "mean": 0.00846908893436,
        "median": 0.00495466357097,
        "min": 1.48180662374e-21,
        "var": 0.000104446051409
    },
    "spectral_energyband_middle_low": {
        "dmean": 0.00366588309407,
        "dmean2": 0.00579095957801,
        "dvar": 2.8064554499e-05,
        "dvar2": 6.96247225278e-05,
        "max": 0.0850443691015,
        "mean": 0.00956820324063,
        "median": 0.00630100024864,
        "min": 3.25981383139e-22,
        "var": 9.24715277506e-05
    },
    "spectral_entropy": {
        "dmean": 0.117565728724,
        "dmean2": 0.173269942403,
        "dvar": 0.0123000312597,
        "dvar2": 0.0234394334257,
        "max": 9.80544185638,
        "mean": 7.76420974731,
        "median": 7.76604175568,
        "min": 6.56398105621,
        "var": 0.118702851236
    },
    "spectral_flux": {
        "dmean": 0.0224247463048,
        "dmean2": 0.0356675609946,
        "dvar": 0.000587114074733,
        "dvar2": 0.00140023569111,
        "max": 0.31017780304,
        "mean": 0.0927848145366,
        "median": 0.0817849636078,
        "min": 1.04694038161e-10,
        "var": 0.00252322899178
    },
    "spectral_kurtosis": {
        "dmean": 1.23880779743,
        "dmean2": 2.03539562225,
        "dvar": 2.07090258598,
        "dvar2": 5.7444152832,
        "max": 26.5972595215,
        "mean": 4.56645345688,
        "median": 4.22407436371,
        "min": -1.16830229759,
        "var": 6.16214370728
    },
    "spectral_rms": {
        "dmean": 0.000812125566881,
        "dmean2": 0.0012430032948,
        "dvar": 9.24546270653e-07,
        "dvar2": 2.49039976552e-06,
        "max": 0.0146591290832,
        "mean": 0.00488354172558,
        "median": 0.00458690617234,
        "min": 3.27009231325e-12,
        "var": 5.38495805813e-06
    },
    "spectral_rolloff": {
        "dmean": 485.819671631,
        "dmean2": 770.261413574,
        "dvar": 797500.1875,
        "dvar2": 1384102.375,
        "max": 19401.4160156,
        "mean": 1788.46826172,
        "median": 1442.72460938,
        "min": 43.06640625,
        "var": 2645291.25
    },
    "spectral_skewness": {
        "dmean": 0.171275243163,
        "dmean2": 0.268884837627,
        "dvar": 0.0269697718322,
        "dvar2": 0.0659098550677,
        "max": 3.3978228569,
        "mean": 1.63936853409,
        "median": 1.63000845909,
        "min": -0.102919980884,
        "var": 0.141420885921
    },
    "spectral_spread": {
        "dmean": 482932.90625,
        "dmean2": 689787.8125,
        "dvar": 645559943168,
        "dvar2": 815959834624,
        "max": 46164336,
        "mean": 4622431,
        "median": 4501464,
        "min": 1557287.875,
        "var": 2.62699561779e+12
    },
    "spectral_strongpeak": {
        "dmean": 0.584962308407,
        "dmean2": 0.991882801056,
        "dvar": 0.769408762455,
        "dvar2": 1.94587445259,
        "max": 13.5277872086,
        "mean": 1.06885075569,
        "median": 0.559049487114,
        "min": 0,
        "var": 1.58690142632
    },
    "zerocrossingrate": {
        "dmean": 0.011096989736,
        "dmean2": 0.012144616805,
        "dvar": 0.000214004074223,
        "dvar2": 0.000196902125026,
        "max": 0.513671875,
        "mean": 0.0728594437242,
        "median": 0.06396484375,
        "min": 0.00390625,
        "var": 0.00186111731455
    },
    "barkbands": {
        "dmean": [0.00211858213879, 0.00512930331752, 0.00127969996538, 0.000430666375905, 0.000669021625072, 0.000531908939593, 0.00104647665285, 0.000859774067067, 0.00164888787549, 0.00127541809343, 0.000886626075953, 0.000661096652038, 0.0005352042499, 0.000393172143959, 0.0003523339401, 0.000261642766418, 0.00024978100555, 0.000175802371814, 0.000143775876495, 8.5268933617e-05, 5.73335200897e-05, 5.95187339059e-05, 6.20485225227e-05, 7.05545899109e-05, 4.74749213026e-05, 3.08321978082e-05, 2.74864260064e-06],
        "dmean2": [0.00359910028055, 0.0079735564068, 0.0022295191884, 0.000760591239668, 0.00111328950152, 0.000838086300064, 0.00163186667487, 0.0013565570116, 0.00267233117484, 0.00209638522938, 0.0014272731496, 0.0010478097247, 0.000877447251696, 0.000641859311145, 0.000579229963478, 0.000426656246418, 0.000408560590586, 0.00028142760857, 0.00022857717704, 0.000140400545206, 9.16019853321e-05, 9.33772753342e-05, 9.62162521319e-05, 0.00010804766498, 7.0370042522e-05, 4.45104269602e-05, 4.20002697865e-06],
        "dvar": [4.09688473155e-05, 0.000137771814479, 1.52342399815e-05, 1.3939514929e-06, 1.40606471177e-06, 1.87893078873e-06, 5.43417536392e-06, 4.19275875174e-06, 1.3528798263e-05, 9.49378954829e-06, 5.25601308254e-06, 2.73109208138e-06, 1.23796075968e-06, 9.74117938313e-07, 5.50431025204e-07, 3.56247568334e-07, 1.9793438355e-07, 1.00942067149e-07, 7.49643405129e-08, 2.16120934482e-08, 1.00478843024e-08, 1.22924959101e-08, 1.80541075423e-08, 2.74866671646e-08, 1.53688493043e-08, 6.00435035025e-09, 7.02842159472e-11],
        "dvar2": [0.000117471056001, 0.000361661601346, 4.08380037697e-05, 3.96702080252e-06, 3.65448931916e-06, 4.14079249822e-06, 1.24768575915e-05, 9.0751427706e-06, 3.65074265574e-05, 2.5722245482e-05, 1.31308388518e-05, 6.56755264572e-06, 3.05758317154e-06, 2.19974640459e-06, 1.35321386097e-06, 8.5935369043e-07, 4.82990685668e-07, 2.29613064562e-07, 1.51860803044e-07, 5.50773080477e-08, 2.44031443941e-08, 2.90555526306e-08, 4.22924806287e-08, 5.12082358739e-08, 2.8899986404e-08, 1.03355510817e-08, 1.55996757178e-10],
        "max": [0.0937325656414, 0.153791218996, 0.0582407638431, 0.020650440827, 0.0201003123075, 0.0438012070954, 0.0454987362027, 0.0433893054724, 0.0699042677879, 0.0612586438656, 0.0520240329206, 0.0457792431116, 0.0264324434102, 0.0405376888812, 0.0140050798655, 0.0214741546661, 0.0181185435504, 0.00847847107798, 0.0141784083098, 0.00262995692901, 0.00372644793242, 0.00297377887182, 0.00238601095043, 0.00373952626251, 0.00369399040937, 0.00395997148007, 0.000251732039033],
        "mean": [0.00252883438952, 0.00764104770496, 0.00127565232106, 0.000481281342218, 0.00114674761426, 0.000930741429329, 0.00184907764196, 0.0014955814695, 0.00300088967197, 0.00226013525389, 0.00148237403482, 0.00116312643513, 0.000894613331184, 0.00066559179686, 0.000612398493104, 0.000475106324302, 0.000494800915476, 0.000361257785698, 0.000307925831294, 0.000178486050572, 0.000135021895403, 0.000136360788019, 0.000134525704198, 0.000150459003635, 9.92242785287e-05, 6.0086214944e-05, 3.44338263858e-06],
        "median": [6.42163504381e-05, 0.000984581187367, 0.000343100400642, 0.000184246368008, 0.00054579321295, 0.00035595416557, 0.000532501959242, 0.00038026375114, 0.000864696048666, 0.00066478701774, 0.000391065579606, 0.000299019302474, 0.000409911503084, 0.000314608885674, 0.000289933203021, 0.000234261955484, 0.000305146968458, 0.000203798772418, 0.000189275247976, 0.000101631441794, 8.24251910672e-05, 8.42472945806e-05, 7.26956786821e-05, 7.85156225902e-05, 4.72865867778e-05, 2.78174557025e-05, 5.68625068809e-07],
        "min": [7.73106248538e-24, 2.67019003453e-23, 1.29231406486e-23, 5.74506729117e-24, 3.16104611103e-23, 7.6588094529e-23, 2.10004712617e-23, 5.70360507753e-23, 1.32694576857e-23, 1.24924240143e-22, 4.24856123527e-23, 6.05584724893e-23, 4.94568455919e-23, 5.1936071334e-23, 1.17371281939e-22, 1.01638845891e-22, 2.08357085109e-22, 1.41942872876e-22, 3.18308278265e-22, 3.23675410185e-22, 4.2490244544e-22, 5.08630501089e-22, 5.13365282108e-22, 6.47537420684e-22, 1.24358527162e-21, 1.51098079522e-21, 2.46095945952e-21],
        "var": [5.75783415115e-05, 0.000272496603429, 1.17817517093e-05, 1.02970227545e-06, 2.58140926235e-06, 3.65235018762e-06, 1.36119060699e-05, 1.11126682896e-05, 3.09830538754e-05, 2.25869571295e-05, 1.1670398635e-05, 7.73017291067e-06, 2.42369878833e-06, 1.70670909938e-06, 1.06216918994e-06, 7.65358095123e-07, 4.23314617137e-07, 2.72001813073e-07, 2.3435406149e-07, 5.55190382556e-08, 2.99934548309e-08, 2.93325239653e-08, 4.25400408233e-08, 7.54106963541e-08, 4.15944469978e-08, 1.72928551478e-08, 1.18796472659e-10]
    },
    "erbbands": {
        "dmean": [0.297316014767, 0.708744943142, 1.41865777969, 1.3929412365, 1.4275188446, 2.62697601318, 3.87890768051, 4.17520427704, 12.1136350632, 17.8143138885, 20.4341278076, 39.9403915405, 33.8583831787, 39.2339248657, 31.0901927948, 24.3698368073, 23.756362915, 20.6052455902, 17.1277656555, 16.8854045868, 11.6557703018, 12.9272727966, 9.72940635681, 7.96708774567, 5.82712650299, 4.25172185898, 2.66894555092, 2.12266206741, 2.17899990082, 2.02812123299, 1.77496635914, 1.36786687374, 1.32222485542, 0.626571178436, 0.334677040577, 0.146076917648, 0.0563649535179, 0.0110712843016, 0.000342562270816, 1.98183061002e-05],
        "dmean2": [0.490902781487, 0.972603976727, 2.34892201424, 2.41930699348, 2.45021343231, 4.35219335556, 6.20621109009, 6.62860536575, 18.7619953156, 27.8104915619, 32.0996932983, 64.4010620117, 55.884437561, 63.6908760071, 50.1101074219, 38.3050575256, 38.6796684265, 33.3780097961, 27.7980422974, 27.2247676849, 19.0278491974, 20.9077548981, 15.5571174622, 12.8236160278, 9.34372234344, 7.02193403244, 4.29360055923, 3.36768436432, 3.45091199875, 3.1808950901, 2.75840973854, 2.09998059273, 2.04875802994, 0.949945092201, 0.498256891966, 0.21669973433, 0.0828875675797, 0.0162007547915, 0.000500573019963, 3.01912641589e-05],
        "dvar": [0.585877835751, 2.48307824135, 17.4791259766, 15.2369346619, 7.89401626587, 24.1356182098, 100.587615967, 131.178909302, 848.131408691, 2064.5378418, 2107.35083008, 8545.47167969, 8225.18457031, 10099.5556641, 5567.86669922, 3541.92553711, 2313.99414062, 2950.30883789, 1284.54418945, 1443.51818848, 484.956420898, 647.684387207, 298.289733887, 316.928344727, 104.706100464, 56.5804023743, 19.2912902832, 15.3582429886, 17.6070747375, 14.741317749, 15.8053150177, 12.5567016602, 8.89746761322, 2.99108719826, 0.70785176754, 0.103934854269, 0.032354760915, 0.00107116962317, 9.12600455649e-07, 1.53484469578e-09],
        "dvar2": [1.75081384182, 4.08420276642, 44.1132965088, 42.2464866638, 21.7817955017, 61.1053848267, 227.126403809, 292.944854736, 1900.90869141, 4770.31054688, 4671.1484375, 23020.2714844, 24372.4726562, 25241.6582031, 14003.6259766, 8087.61279297, 5594.40039062, 6694.03515625, 3233.9309082, 3483.28540039, 1188.74572754, 1610.0814209, 653.893493652, 692.569580078, 239.920166016, 147.067733765, 46.5933876038, 36.5446357727, 42.0996818542, 36.5976753235, 36.2119750977, 25.0450000763, 17.2741928101, 5.79006624222, 1.40700006485, 0.201243832707, 0.0581737346947, 0.00214026239701, 1.7444929199e-06, 3.27488147711e-09],
        "max": [9.21765136719, 27.0826148987, 73.898765564, 74.5096817017, 34.4252357483, 102.491989136, 317.355316162, 398.595153809, 584.237548828, 1086.76391602, 1024.69189453, 1752.36413574, 2829.13891602, 3194.19970703, 1774.23791504, 1488.26281738, 1182.40002441, 2364.24194336, 851.723266602, 1116.69348145, 772.418151855, 1150.79748535, 608.680603027, 825.469177246, 380.647705078, 149.635910034, 133.827102661, 133.452224731, 116.234710693, 96.1061096191, 73.721321106, 78.6263198853, 76.3529586792, 49.615272522, 33.1093025208, 10.9244232178, 9.52372455597, 1.46893167496, 0.042085621506, 0.00179481948726],
        "mean": [0.34367737174, 1.24114072323, 1.61856865883, 1.6600716114, 2.05434131622, 4.3302063942, 6.97980451584, 7.30598592758, 21.6884307861, 31.9173545837, 38.4049415588, 72.4579849243, 62.7573280334, 74.8193283081, 59.3389358521, 45.6888885498, 42.7904853821, 37.7798614502, 31.6226444244, 31.4319152832, 24.4601459503, 27.0906829834, 21.4466400146, 17.6275348663, 12.9201602936, 8.86056423187, 6.13833713531, 4.94551849365, 4.84614515305, 4.47997665405, 3.77377128601, 2.84098267555, 2.64290547371, 1.26671612263, 0.671503841877, 0.285582333803, 0.1025551036, 0.0188445113599, 0.000566830858588, 5.5172789871e-05],
        "median": [0.02626070939, 0.182232648134, 0.46205329895, 0.7395195961, 0.979533433914, 1.93403100967, 2.24425005913, 3.21519041061, 6.65921211243, 8.9323091507, 12.6847772598, 20.9938392639, 20.8367710114, 21.9599475861, 16.5357074738, 14.8774805069, 20.4101219177, 17.9532375336, 15.376115799, 15.6637859344, 13.9261407852, 16.4150409698, 12.7559604645, 10.5183057785, 8.30669116974, 5.06749773026, 3.82272315025, 2.91767263412, 2.99216294289, 2.65096735954, 2.00109434128, 1.30460262299, 1.38110089302, 0.591914951801, 0.326060831547, 0.132728770375, 0.0440499447286, 0.00770703656599, 0.000186418386875, 4.18659110437e-05],
        "min": [1.00230924813e-21, 5.32165193058e-21, 1.67146205336e-20, 1.71651690111e-20, 2.596746125e-20, 1.02286608383e-19, 3.79685827329e-19, 6.92789353913e-19, 3.63271979037e-19, 8.34518945357e-19, 8.06787250032e-19, 2.90080505197e-19, 1.87015114023e-18, 2.11450132715e-18, 1.54580204151e-18, 2.41908411794e-18, 2.61120363945e-18, 2.0958498519e-18, 3.87908374849e-18, 7.44768608124e-18, 7.75700282668e-18, 1.15007337708e-17, 7.84106671079e-18, 1.61255204279e-17, 1.27155825036e-17, 1.71481373494e-17, 1.48742525871e-17, 1.83544197998e-17, 1.5942285033e-17, 1.10806120464e-17, 1.46879665501e-17, 1.27609078652e-17, 1.14911616367e-17, 1.26324913839e-17, 9.52098202656e-18, 6.09102343628e-18, 2.88474420301e-18, 1.24862779048e-18, 3.08938801447e-19, 3.82837411312e-20],
        "var": [0.739556849003, 7.31894922256, 17.3760910034, 11.4795255661, 10.0756206512, 43.4805641174, 238.078765869, 232.997177124, 2139.06323242, 4997.01367188, 5707.03515625, 19542.1269531, 18940.9863281, 25656.3261719, 14622.3457031, 9752.21582031, 5018.91259766, 5497.20019531, 2509.84008789, 3144.02001953, 1322.80932617, 1332.31420898, 873.212524414, 842.631286621, 307.011932373, 135.733840942, 59.7097740173, 44.8837890625, 40.2497558594, 32.452507019, 37.4907417297, 32.3460350037, 22.3272838593, 7.28557682037, 1.80782711506, 0.309392601252, 0.0754980072379, 0.00234435475431, 2.2327883471e-06, 4.1057433009e-09]
    },
    "gfcc": {
        "mean": [11.5331134796, 73.0702896118, -134.132522583, 15.8422689438, -61.9336395264, 20.151227951, -33.8484725952, 17.731136322, -18.8929634094, 3.07740926743, -15.3681259155, 2.2128713131, -12.4237957001],
        "cov": [[4641.69677734, -1140.30358887, 979.597473145, 118.229103088, 273.046386719, 368.508483887, -82.5798110962, 440.420440674, -210.6746521, 424.227630615, -163.727722168, 340.104217529, -163.909439087], [-1140.30358887, 1487.99645996, -258.167175293, 158.500732422, 85.8579177856, -134.629623413, 238.667755127, -169.261672974, 260.235015869, -178.557250977, 207.614822388, -134.542556763, 122.505844116], [979.597473145, -258.167175293, 1092.06188965, 321.821472168, 222.227737427, 141.555511475, -130.187911987, 77.4869537354, -44.3246879578, 229.345336914, -61.2841720581, 177.554702759, -99.1254119873], [118.229103088, 158.500732422, 321.821472168, 485.999084473, 179.333938599, 81.7836761475, 2.89664649963, -3.21014785767, 113.114532471, 67.4482192993, 60.2300720215, 12.2822437286, 65.839012146], [273.046386719, 85.8579177856, 222.227737427, 179.333938599, 290.409332275, 98.3671646118, 71.7471160889, 60.9161529541, 43.2937812805, 81.290145874, 12.4149065018, 46.3959121704, -1.6033949852], [368.508483887, -134.629623413, 141.555511475, 81.7836761475, 98.3671646118, 278.788299561, 123.542640686, 130.681259155, -16.2491645813, 58.3732643127, 30.5055065155, 26.7300167084, 11.6863107681], [-82.5798110962, 238.667755127, -130.187911987, 2.89664649963, 71.7471160889, 123.542640686, 314.012908936, 81.2655639648, 66.7552261353, -38.3560142517, 81.7314453125, -9.4812746048, 34.3070411682], [440.420440674, -169.261672974, 77.4869537354, -3.21014785767, 60.9161529541, 130.681259155, 81.2655639648, 201.124816895, 2.95705986023, 76.1197128296, 9.86835861206, 43.61277771, -7.31626701355], [-210.6746521, 260.235015869, -44.3246879578, 113.114532471, 43.2937812805, -16.2491645813, 66.7552261353, 2.95705986023, 209.160491943, 11.4906902313, 83.610206604, -31.9793128967, 59.8519248962], [424.227630615, -178.557250977, 229.345336914, 67.4482192993, 81.290145874, 58.3732643127, -38.3560142517, 76.1197128296, 11.4906902313, 169.16973877, -0.179201900959, 67.9778518677, -14.970580101], [-163.727722168, 207.614822388, -61.2841720581, 60.2300720215, 12.4149065018, 30.5055065155, 81.7314453125, 9.86835861206, 83.610206604, -0.179201900959, 140.759399414, 0.592251062393, 54.3319511414], [340.104217529, -134.542556763, 177.554702759, 12.2822437286, 46.3959121704, 26.7300167084, -9.4812746048, 43.61277771, -31.9793128967, 67.9778518677, 0.592251062393, 117.703918457, -6.85157442093], [-163.909439087, 122.505844116, -99.1254119873, 65.839012146, -1.6033949852, 11.6863107681, 34.3070411682, -7.31626701355, 59.8519248962, -14.970580101, 54.3319511414, -6.85157442093, 117.605407715]],
        "icov": [[0.000392861024011, 7.73035208113e-05, -7.97362154117e-05, -7.04233825672e-05, -1.78019836312e-05, -0.00012736635108, 3.70101552107e-05, -0.00048615023843, 9.25486747292e-05, -0.000273858197033, 0.000257405859884, -0.000507621502038, 0.000180154995178], [7.73035208113e-05, 0.00171384646092, -0.000491326209158, 0.000155271525728, -0.000961717683822, 0.0012321465183, -0.00114648288582, 0.000784182338975, -0.000579793937504, 0.00107435602695, -0.00170625327155, 0.00137082987931, -0.000630930764601], [-7.97362154117e-05, -0.000491326209158, 0.00269081396982, -0.00164352671709, 0.000160844865604, -0.00137566321064, 0.00107258406933, 0.000323348620441, -0.000140075368108, -0.00131645204965, 0.0012435761746, -0.00313694076613, 0.00258131581359], [-7.04233825672e-05, 0.000155271525728, -0.00164352671709, 0.00470552453771, -0.00206075049937, -0.000540741777513, 0.000611663912423, 0.00103823072277, -0.00134915171657, 0.000512216472998, -0.0012516482966, 0.00214323541149, -0.00291273905896], [-1.78019836312e-05, -0.000961717683822, 0.000160844865604, -0.00206075049937, 0.00657847709954, -0.00123601651285, -0.00115177454427, -0.000358818215318, -0.000316898018355, -0.00221056956798, 0.00236194930039, -0.00208399747498, 0.00145968061406], [-0.00012736635108, 0.0012321465183, -0.00137566321064, -0.000540741777513, -0.00123601651285, 0.00874201394618, -0.00352569390088, -0.00280307559296, 0.00278039230034, -0.000241078945692, -0.00263735512272, 0.0039358753711, -0.00234717060812], [3.70101552107e-05, -0.00114648288582, 0.00107258406933, 0.000611663912423, -0.00115177454427, -0.00352569390088, 0.00735932262614, -0.00213632802479, -0.0014535287628, 0.00249676359817, -0.000909838709049, -0.00222200900316, 0.00121081818361], [-0.00048615023843, 0.000784182338975, 0.000323348620441, 0.00103823072277, -0.000358818215318, -0.00280307559296, -0.00213632802479, 0.0104864509776, -0.00154963880777, -0.00253756484017, -3.87372965633e-05, -0.00051833037287, 0.000199419780984], [9.25486747292e-05, -0.000579793937504, -0.000140075368108, -0.00134915171657, -0.000316898018355, 0.00278039230034, -0.0014535287628, -0.00154963880777, 0.00958482176065, -0.00280694966204, -0.00299265072681, 0.00348285911605, -0.00223258859478], [-0.000273858197033, 0.00107435602695, -0.00131645204965, 0.000512216472998, -0.00221056956798, -0.000241078945692, 0.00249676359817, -0.00253756484017, -0.00280694966204, 0.0133452313021, -0.00208758213557, -0.00243085925467, 0.000160576877533], [0.000257405859884, -0.00170625327155, 0.0012435761746, -0.0012516482966, 0.00236194930039, -0.00263735512272, -0.000909838709049, -3.87372965633e-05, -0.00299265072681, -0.00208758213557, 0.0141036827117, -0.00457186857238, -0.00108250463381], [-0.000507621502038, 0.00137082987931, -0.00313694076613, 0.00214323541149, -0.00208399747498, 0.0039358753711, -0.00222200900316, -0.00051833037287, 0.00348285911605, -0.00243085925467, -0.00457186857238, 0.0180783141404, -0.00469944765791], [0.000180154995178, -0.000630930764601, 0.00258131581359, -0.00291273905896, 0.00145968061406, -0.00234717060812, 0.00121081818361, 0.000199419780984, -0.00223258859478, 0.000160576877533, -0.00108250463381, -0.00469944765791, 0.0145129542798]]
    },
    "melbands": {
        "dmean": [0.00201207515784, 0.000685777922627, 0.000229556142585, 0.000142032586155, 0.0001286593033, 9.85253282124e-05, 0.000191582425032, 0.000188686724869, 0.000194574997295, 0.000247919349931, 0.000171972700628, 0.000166608544532, 0.000117077761388, 8.08082986623e-05, 6.0533908254e-05, 4.80657581647e-05, 4.08257401432e-05, 2.91295455099e-05, 2.39100536419e-05, 2.2643524062e-05, 1.39692547236e-05, 1.47450673467e-05, 1.32339164338e-05, 8.10998881207e-06, 7.10060203346e-06, 5.50849381398e-06, 3.45679950442e-06, 2.96462508231e-06, 1.94575750356e-06, 1.54035376454e-06, 1.33755452225e-06, 1.33958485549e-06, 1.307751063e-06, 1.21315633805e-06, 1.10138842047e-06, 1.07385449155e-06, 8.35443017877e-07, 9.8195175724e-07, 9.01492626326e-07, 4.90516299578e-07],
        "dmean2": [0.00322136376053, 0.00103513593785, 0.000393026508391, 0.000238595690462, 0.000207246950595, 0.000156429930939, 0.000297203601804, 0.000293369870633, 0.00030612849514, 0.000400370743591, 0.000284465786535, 0.000270499207545, 0.000189265832887, 0.000128859421238, 9.73311980488e-05, 7.79379624873e-05, 6.66147316224e-05, 4.79260124848e-05, 3.90183267882e-05, 3.67890752386e-05, 2.31200046983e-05, 2.40771405515e-05, 2.15048494283e-05, 1.30524031192e-05, 1.1540369087e-05, 9.00213217392e-06, 5.59931913813e-06, 4.96514985571e-06, 3.17305648423e-06, 2.51498931902e-06, 2.14439455704e-06, 2.1576565814e-06, 2.08465121432e-06, 1.93110963664e-06, 1.74173578671e-06, 1.68503584064e-06, 1.28936551391e-06, 1.52865993641e-06, 1.44638966049e-06, 7.31071224891e-07],
        "dvar": [2.37281892623e-05, 2.89289869215e-06, 3.68375282278e-07, 6.19770403887e-08, 9.15714082339e-08, 7.0352953685e-08, 1.8719089212e-07, 2.19463800022e-07, 1.72666815956e-07, 3.37170007469e-07, 2.16286480281e-07, 1.81028994461e-07, 9.38948403473e-08, 4.69688359317e-08, 1.77990084893e-08, 1.10617559557e-08, 1.2755128509e-08, 3.83212972466e-09, 2.96911562003e-09, 3.04037417465e-09, 6.34770735974e-10, 8.41674452357e-10, 5.34354394066e-10, 2.37547481685e-10, 2.81989015471e-10, 1.21174903445e-10, 3.55122667384e-11, 2.94011134883e-11, 1.05448453788e-11, 8.51096797205e-12, 5.70533897903e-12, 7.22935340064e-12, 5.78178087005e-12, 6.05427990727e-12, 5.55986246625e-12, 7.77637589738e-12, 4.95751790314e-12, 4.74569602366e-12, 5.4469358711e-12, 1.98786039712e-12],
        "dvar2": [6.97323703207e-05, 6.19106913291e-06, 9.92915374809e-07, 1.63580594403e-07, 2.11729698663e-07, 1.54539705477e-07, 4.25225664458e-07, 4.99332884374e-07, 3.95810502596e-07, 9.19410751976e-07, 6.41617987185e-07, 4.55065276128e-07, 2.36688791233e-07, 1.14660856809e-07, 4.32236788583e-08, 2.71506994665e-08, 2.85038304071e-08, 9.80340431056e-09, 7.13355330362e-09, 7.3311769988e-09, 1.55581036942e-09, 2.11867323685e-09, 1.28240351671e-09, 5.50090584195e-10, 6.28161467287e-10, 2.89539114906e-10, 8.6530019261e-11, 7.86242945749e-11, 2.51912189025e-11, 2.20899947639e-11, 1.35278819396e-11, 1.75389997664e-11, 1.41252799388e-11, 1.58211967832e-11, 1.33580767975e-11, 1.76507593264e-11, 9.93356872453e-12, 9.46680581149e-12, 1.19525821532e-11, 3.90667619782e-12],
        "max": [0.0587680973113, 0.0320013351738, 0.0111371716484, 0.00547461165115, 0.00825054291636, 0.00787540338933, 0.00814312044531, 0.00972543563694, 0.00952340476215, 0.0116041600704, 0.0144101483747, 0.0123854447156, 0.00774846039712, 0.00651603378356, 0.00283761601895, 0.0023157983087, 0.00523354159668, 0.00130584533326, 0.00129842327442, 0.0018959705485, 0.000613855896518, 0.00121229072101, 0.000655895157252, 0.000418547395384, 0.000787016935647, 0.000401005236199, 0.000133243753226, 0.000113881425932, 0.000123373509268, 0.000121286902868, 6.4712468884e-05, 9.08032379812e-05, 5.07196637045e-05, 7.80335540185e-05, 4.89345839014e-05, 6.54947871226e-05, 5.96525533183e-05, 4.96587454109e-05, 6.89835505909e-05, 4.89432059112e-05],
        "mean": [0.00268635665998, 0.00111532432493, 0.000290462834528, 0.000232674559811, 0.000234235747484, 0.000172476778971, 0.000344657135429, 0.00033718009945, 0.000350414629793, 0.000445356563432, 0.000305144028971, 0.000304289598716, 0.000209136123885, 0.000142699602293, 0.000102323683677, 8.32235236885e-05, 6.80481389281e-05, 4.95496424264e-05, 4.18835770688e-05, 3.94789494749e-05, 2.64319987764e-05, 2.83386161755e-05, 2.49832210102e-05, 1.59485261975e-05, 1.41538757816e-05, 1.08178755909e-05, 7.04713056621e-06, 5.50694903723e-06, 3.96977566197e-06, 3.12232623401e-06, 2.79408322967e-06, 2.73153159469e-06, 2.6378857001e-06, 2.41905172516e-06, 2.1719185952e-06, 2.02355954571e-06, 1.5675875602e-06, 1.86372972166e-06, 1.60134118232e-06, 9.09095149382e-07],
        "median": [0.000287970673526, 0.000299139064737, 0.00014705551439, 0.000104306338471, 8.68772694957e-05, 7.01633252902e-05, 0.000104723214463, 9.14235060918e-05, 0.000104497907159, 0.00012541707838, 9.21817118069e-05, 8.57543345774e-05, 5.58687752346e-05, 3.58783727279e-05, 4.23097262683e-05, 3.78103468393e-05, 3.07913178403e-05, 2.32404709095e-05, 1.97793142434e-05, 1.8977378204e-05, 1.49372535816e-05, 1.65808996826e-05, 1.39664234666e-05, 9.15230702958e-06, 7.75419175625e-06, 6.63684795654e-06, 3.99382679461e-06, 3.0144046832e-06, 2.44046623266e-06, 1.85214435078e-06, 1.55016141434e-06, 1.61369814577e-06, 1.54901874794e-06, 1.36624464631e-06, 1.09954555683e-06, 9.85284486887e-07, 6.02644092851e-07, 9.49027082697e-07, 7.64963488109e-07, 3.74547852289e-07],
        "min": [8.39784085464e-24, 1.13969559099e-23, 3.01675043526e-24, 3.76740128482e-24, 1.24671853562e-23, 1.56752893869e-23, 5.44421940774e-24, 1.09877800693e-23, 4.97143100699e-24, 2.04162053766e-24, 9.76355787452e-24, 8.63239996733e-24, 4.78610628111e-24, 6.77980509649e-24, 5.54161020295e-24, 5.10789644941e-24, 3.74944720505e-24, 5.30842765253e-24, 1.13263323485e-23, 6.42643919273e-24, 9.86384733912e-24, 1.23745233877e-23, 7.99083674806e-24, 6.13767508066e-24, 1.36001166227e-23, 9.24610456374e-24, 7.32608890678e-24, 1.09802851018e-23, 7.90858222147e-24, 1.19313042547e-23, 1.03883988203e-23, 8.42267419593e-24, 6.72479467013e-24, 5.24296481917e-24, 8.59180281857e-24, 7.32317406573e-24, 7.51122825034e-24, 8.75487930034e-24, 8.2091011499e-24, 1.01714092177e-23],
        "var": [3.69565423171e-05, 5.56797340323e-06, 2.9852256489e-07, 1.16462381072e-07, 2.07973428701e-07, 1.34908063387e-07, 4.84494137254e-07, 5.4576275943e-07, 4.41677173058e-07, 7.51462152948e-07, 4.81235815641e-07, 4.44229243612e-07, 2.18434749399e-07, 1.30407244114e-07, 3.6468208009e-08, 2.23817764322e-08, 2.12039275027e-08, 6.86241552472e-09, 5.56191537271e-09, 6.0659477441e-09, 1.55063129004e-09, 1.61754443173e-09, 1.33594291185e-09, 5.3382515075e-10, 6.94640456267e-10, 2.75326539345e-10, 9.51108497516e-11, 5.8643985501e-11, 2.87571008672e-11, 1.84650367913e-11, 1.57793136196e-11, 1.4555700395e-11, 1.19240043187e-11, 1.10423822863e-11, 1.21716985449e-11, 1.57649969468e-11, 1.19980891541e-11, 1.1137848456e-11, 1.06648440079e-11, 4.55557943799e-12]
    },
    "mfcc": {
        "mean": [-626.647399902, 109.08682251, -15.4231452942, 2.17840576172, -3.15181589127, 0.0620961152017, -1.3467208147, 9.83837032318, 2.30484580994, 4.84594917297, 3.63629388809, 1.44091618061, -1.23391318321],
        "cov": [[3569.63696289, -663.092834473, 343.653411865, 30.1064910889, 247.726028442, 84.4807128906, 237.262527466, 101.807052612, 147.984405518, 96.2356643677, 63.5307922363, 71.7471084595, 173.283416748], [-663.092834473, 991.032836914, -115.629005432, 126.217475891, -72.6832199097, 32.769695282, -24.0643634796, 72.1999359131, -29.7353610992, 4.60987710953, 70.9957351685, 2.01508069038, -4.3294301033], [343.653411865, -115.629005432, 699.802124023, 234.882736206, 256.610992432, 138.567520142, 9.27196121216, -25.4755592346, 6.31320428848, 5.75537204742, 9.77465820312, 72.2124710083, 85.0135192871], [30.1064910889, 126.217475891, 234.882736206, 404.732177734, 206.996551514, 124.338111877, -36.9203910828, -21.5247497559, 36.7197952271, 23.4784183502, 14.5334539413, 47.2739677429, 59.0433616638], [247.726028442, -72.6832199097, 256.610992432, 206.996551514, 323.827758789, 109.07069397, 9.43954372406, -35.7778320312, 46.6938438416, 34.6643753052, 13.0149841309, 46.7576980591, 68.7386779785], [84.4807128906, 32.769695282, 138.567520142, 124.338111877, 109.07069397, 184.099914551, 79.8170089722, 40.3362464905, 41.1729431152, 43.4016418457, 20.0549430847, 35.3499984741, 31.4497489929], [237.262527466, -24.0643634796, 9.27196121216, -36.9203910828, 9.43954372406, 79.8170089722, 260.330627441, 124.159660339, 60.2007637024, 29.3569507599, 51.5759658813, 27.6715526581, 28.8703517914], [101.807052612, 72.1999359131, -25.4755592346, -21.5247497559, -35.7778320312, 40.3362464905, 124.159660339, 173.353637695, 52.5052642822, 33.8772354126, 51.6902427673, 26.5994930267, 10.2773427963], [147.984405518, -29.7353610992, 6.31320428848, 36.7197952271, 46.6938438416, 41.1729431152, 60.2007637024, 52.5052642822, 122.425361633, 56.3664016724, 30.5949134827, 23.4817562103, 27.8524150848], [96.2356643677, 4.60987710953, 5.75537204742, 23.4784183502, 34.6643753052, 43.4016418457, 29.3569507599, 33.8772354126, 56.3664016724, 115.121009827, 47.400592804, 25.8738670349, 23.1216201782], [63.5307922363, 70.9957351685, 9.77465820312, 14.5334539413, 13.0149841309, 20.0549430847, 51.5759658813, 51.6902427673, 30.5949134827, 47.400592804, 114.571746826, 38.0978050232, 25.5510082245], [71.7471084595, 2.01508069038, 72.2124710083, 47.2739677429, 46.7576980591, 35.3499984741, 27.6715526581, 26.5994930267, 23.4817562103, 25.8738670349, 38.0978050232, 94.0001983643, 46.0852432251], [173.283416748, -4.3294301033, 85.0135192871, 59.0433616638, 68.7386779785, 31.4497489929, 28.8703517914, 10.2773427963, 27.8524150848, 23.1216201782, 25.5510082245, 46.0852432251, 100.961784363]],
