{
"lowlevel": {
    "average_loudness": 0.876190781593,
    "barkbands_crest": {
        "dmean": 3.0627849102,
        "dmean2": 4.96296215057,
        "dvar": 7.47044277191,
        "dvar2": 18.5685005188,
        "max": 26.9023551941,
        "mean": 10.9881353378,
        "median": 9.99569606781,
        "min": 2.41034150124,
        "var": 22.6501636505
    },
    "barkbands_flatness_db": {
        "dmean": 0.0295922607183,
        "dmean2": 0.0464575476944,
        "dvar": 0.00104567431845,
        "dvar2": 0.00243903021328,
        "max": 0.648935079575,
        "mean": 0.152857378125,
        "median": 0.134095549583,
        "min": 0.0128380917013,
        "var": 0.00647718505934
    },
    "barkbands_kurtosis": {
        "dmean": 6.79778194427,
        "dmean2": 11.0214395523,
        "dvar": 22383.7949219,
        "dvar2": 56430.5234375,
        "max": 11566.4150391,
        "mean": 7.02516365051,
        "median": 1.24170637131,
        "min": -1.8316526413,
        "var": 19180.9394531
    },
    "barkbands_skewness": {
        "dmean": 0.674082159996,
        "dmean2": 1.07720911503,
        "dvar": 2.04118561745,
        "dvar2": 4.69323158264,
        "max": 102.492454529,
        "mean": 1.40751874447,
        "median": 1.12437033653,
        "min": -2.88790583611,
        "var": 4.48874998093
    },
    "barkbands_spread": {
        "dmean": 6.10713195801,
        "dmean2": 9.97022819519,
        "dvar": 43.5621643066,
        "dvar2": 116.188262939,
        "max": 114.872970581,
        "mean": 22.586359024,
        "median": 21.4933815002,
        "min": 0.0435612499714,
        "var": 156.146835327
    },
    "dissonance": {
        "dmean": 0.0193206574768,
        "dmean2": 0.0330086909235,
        "dvar": 0.000352520466549,
        "dvar2": 0.000978925381787,
        "max": 0.500000059605,
        "mean": 0.471076399088,
        "median": 0.477775752544,
        "min": 0.283830463886,
        "var": 0.000590283656493
    },
    "dynamic_complexity": 5.0098991394,
    "erbbands_crest": {
        "dmean": 2.99455308914,
        "dmean2": 4.95367431641,
        "dvar": 7.65932941437,
        "dvar2": 20.2026157379,
        "max": 30.2680206299,
        "mean": 9.45993232727,
        "median": 8.62839698792,
        "min": 2.5121152401,
        "var": 19.5171451569
    },
    "erbbands_flatness_db": {
        "dmean": 0.0214925408363,
        "dmean2": 0.0312649272382,
        "dvar": 0.00047351498506,
        "dvar2": 0.000940436846577,
        "max": 0.399071097374,
        "mean": 0.175189957023,
        "median": 0.165456652641,
        "min": 0.0508877970278,
        "var": 0.00458267796785
    },
    "erbbands_kurtosis": {
        "dmean": 1.05335760117,
        "dmean2": 1.6960517168,
        "dvar": 1.71561038494,
        "dvar2": 4.2732000351,
        "max": 24.4642333984,
        "mean": 0.970310032368,
        "median": 0.423676133156,
        "min": -1.84242200851,
        "var": 4.58639144897
    },
    "erbbands_skewness": {
        "dmean": 0.397468566895,
        "dmean2": 0.630985617638,
        "dvar": 0.130527079105,
        "dvar2": 0.32342249155,
        "max": 4.00381278992,
        "mean": 0.305225163698,
        "median": 0.300484925508,
        "min": -3.7016313076,
        "var": 0.609412193298
    },
    "erbbands_spread": {
        "dmean": 7.6966714859,
        "dmean2": 11.2734079361,
        "dvar": 81.3035583496,
        "dvar2": 149.70539856,
        "max": 186.071289062,
        "mean": 32.1707038879,
        "median": 27.5975284576,
        "min": 3.824883461,
        "var": 373.52041626
    },
    "hfc": {
        "dmean": 6.66133260727,
        "dmean2": 10.0445604324,
        "dvar": 91.3717193604,
        "dvar2": 211.090179443,
        "max": 193.140991211,
        "mean": 22.2632045746,
        "median": 15.1999015808,
        "min": 1.08039138449e-16,
        "var": 460.130554199
    },
    "melbands_crest": {
        "dmean": 4.47143363953,
        "dmean2": 7.64585447311,
        "dvar": 17.4616451263,
        "dvar2": 50.920375824,
        "max": 39.9901618958,
        "mean": 16.0922203064,
        "median": 15.1103668213,
        "min": 1.50842142105,
        "var": 49.8774452209
    },
    "melbands_flatness_db": {
        "dmean": 0.0344767197967,
        "dmean2": 0.0545552670956,
        "dvar": 0.00142871495336,
        "dvar2": 0.00339407776482,
        "max": 0.688754379749,
        "mean": 0.210294604301,
        "median": 0.185975313187,
        "min": 0.00255321920849,
        "var": 0.00991375092417
    },
    "melbands_kurtosis": {
        "dmean": 14.7082366943,
        "dmean2": 24.2942886353,
        "dvar": 74107.15625,
        "dvar2": 192053.828125,
        "max": 20878.5664062,
        "mean": 17.6760826111,
        "median": 4.78894805908,
        "min": -1.83430099487,
        "var": 61287.84375
    },
    "melbands_skewness": {
        "dmean": 0.9610850811,
        "dmean2": 1.52981257439,
        "dvar": 3.99550628662,
        "dvar2": 9.68110656738,
        "max": 139.031387329,
        "mean": 2.44670653343,
        "median": 1.90570282936,
        "min": -1.54670202732,
        "var": 8.25366020203
    },
    "melbands_spread": {
        "dmean": 7.54581356049,
        "dmean2": 12.3563976288,
        "dvar": 62.6495094299,
        "dvar2": 159.513641357,
        "max": 162.737136841,
        "mean": 26.0774593353,
        "median": 22.4395980835,
        "min": 0.0453368425369,
        "var": 424.188903809
    },
    "pitch_salience": {
        "dmean": 0.0872092023492,
        "dmean2": 0.14516839385,
        "dvar": 0.00730286678299,
        "dvar2": 0.0194198060781,
        "max": 0.978380858898,
        "mean": 0.510976731777,
        "median": 0.519667506218,
        "min": 0.00213871221058,
        "var": 0.0235595814884
    },
    "silence_rate_20dB": {
        "dmean": 0,
        "dmean2": 0,
        "dvar": 0,
        "dvar2": 0,
        "max": 1,
        "mean": 1,
        "median": 1,
        "min": 1,
        "var": 0
    },
    "silence_rate_30dB": {
        "dmean": 0.018962893635,
        "dmean2": 0.0379302278161,
        "dvar": 0.0186038650572,
        "dvar2": 0.047961961478,
        "max": 1,
        "mean": 0.984784662724,
        "median": 1,
        "min": 0,
        "var": 0.0149829918519
    },
    "silence_rate_60dB": {
        "dmean": 0.0184946730733,
        "dmean2": 0.0369936786592,
        "dvar": 0.0181500148028,
        "dvar2": 0.0419502258301,
        "max": 1,
        "mean": 0.0930477529764,
        "median": 0,
        "min": 0,
        "var": 0.0843977183104
    },
    "spectral_centroid": {
        "dmean": 256.010742188,
        "dmean2": 413.134155273,
        "dvar": 89705.3671875,
        "dvar2": 207302.640625,
        "max": 11824.8105469,
        "mean": 1610.6036377,
        "median": 1401.69824219,
        "min": 148.066833496,
        "var": 2010326.75
    },
    "spectral_complexity": {
        "dmean": 3.55776667595,
        "dmean2": 5.69234371185,
        "dvar": 14.4438381195,
        "dvar2": 33.5228271484,
        "max": 53,
        "mean": 19.1027622223,
        "median": 18,
        "min": 0,
        "var": 110.441291809
    },
    "spectral_decrease": {
        "dmean": 3.52143736393e-09,
        "dmean2": 5.9481486403e-09,
        "dvar": 2.3050094181e-17,
        "dvar2": 6.9963386196e-17,
        "max": 2.00219400166e-28,
        "mean": -8.26717005964e-09,
        "median": -6.06886452204e-09,
        "min": -5.24205923114e-08,
        "var": 5.61076410971e-17
    },
    "spectral_energy": {
        "dmean": 0.0136687867343,
        "dmean2": 0.0229602772743,
        "dvar": 0.000340066180797,
        "dvar2": 0.00102189264726,
        "max": 0.203601807356,
        "mean": 0.0332216247916,
        "median": 0.0247917585075,
        "min": 9.92204841124e-21,
        "var": 0.000874728197232
    },
    "spectral_energyband_high": {
        "dmean": 0.000349432550138,
        "dmean2": 0.000532613950782,
        "dvar": 4.63344861146e-07,
        "dvar2": 1.11692293103e-06,
        "max": 0.00827122759074,
        "mean": 0.000784415460657,
        "median": 0.000348765403032,
        "min": 6.89202201176e-21,
        "var": 1.14281090191e-06
    },
    "spectral_energyband_low": {
        "dmean": 0.0103637790307,
        "dmean2": 0.0181662794203,
        "dvar": 0.000269510637736,
        "dvar2": 0.000874060904607,
        "max": 0.16041970253,
        "mean": 0.0166531745344,
        "median": 0.00798551551998,
        "min": 2.15441100214e-23,
        "var": 0.000453080167063
    },
    "spectral_energyband_middle_high": {
        "dmean": 0.00315033062361,
        "dmean2": 0.0048371697776,
        "dvar": 3.44364489138e-05,
        "dvar2": 8.30531353131e-05,
        "max": 0.117319181561,
        "mean": 0.00837588962168,
        "median": 0.0038091475144,
        "min": 1.13936526022e-21,
        "var": 0.000130765518406
    },
    "spectral_energyband_middle_low": {
        "dmean": 0.00495399301872,
        "dmean2": 0.0078557562083,
        "dvar": 9.22992257983e-05,
        "dvar2": 0.000222603950533,
        "max": 0.1081565395,
        "mean": 0.00833009090275,
        "median": 0.00481483060867,
        "min": 1.3624082217e-22,
        "var": 0.000124865327962
    },
    "spectral_entropy": {
        "dmean": 0.161615625024,
        "dmean2": 0.246523976326,
        "dvar": 0.0353439152241,
        "dvar2": 0.084865540266,
        "max": 9.82203578949,
        "mean": 7.67292737961,
        "median": 7.72021389008,
        "min": 5.63459873199,
        "var": 0.28970220685
    },
    "spectral_flux": {
        "dmean": 0.0261662397534,
        "dmean2": 0.0411165989935,
        "dvar": 0.000905354798306,
        "dvar2": 0.00208987132646,
        "max": 0.333674818277,
        "mean": 0.0979268550873,
        "median": 0.0893804132938,
        "min": 6.39891889476e-11,
        "var": 0.00352117582224
    },
    "spectral_kurtosis": {
        "dmean": 2.44595599174,
        "dmean2": 4.11133337021,
        "dvar": 20.5243663788,
        "dvar2": 56.5755805969,
        "max": 132.6222229,
        "mean": 5.65871620178,
        "median": 4.26867580414,
        "min": -1.32352972031,
        "var": 42.6841697693
    },
    "spectral_rms": {
        "dmean": 0.00103623792529,
        "dmean2": 0.00168470200151,
        "dvar": 1.34879701363e-06,
        "dvar2": 3.85431121686e-06,
        "max": 0.0140938255936,
        "mean": 0.00506697781384,
        "median": 0.00491803605109,
        "min": 3.11127751167e-12,
        "var": 6.73707427268e-06
    },
    "spectral_rolloff": {
        "dmean": 466.019134521,
        "dmean2": 794.686889648,
        "dvar": 590728.125,
        "dvar2": 1360454.125,
        "max": 19573.6816406,
        "mean": 1676.10180664,
        "median": 1248.92578125,
        "min": 21.533203125,
        "var": 6834213.5
    },
    "spectral_skewness": {
        "dmean": 0.264106661081,
        "dmean2": 0.428758263588,
        "dvar": 0.11253426224,
        "dvar2": 0.314813047647,
        "max": 8.25818920135,
        "mean": 1.61331701279,
        "median": 1.60820662975,
        "min": -0.106123007834,
        "var": 0.337370306253
    },
    "spectral_spread": {
        "dmean": 572800.75,
        "dmean2": 809384.25,
        "dvar": 858689110016,
        "dvar2": 1.63818255155e+12,
        "max": 50922228,
        "mean": 5044920,
        "median": 4321018.5,
        "min": 721704.5625,
        "var": 2.86393662177e+13
    },
    "spectral_strongpeak": {
        "dmean": 0.614403784275,
        "dmean2": 1.07040119171,
        "dvar": 1.26538991928,
        "dvar2": 3.45653152466,
        "max": 19.9683818817,
        "mean": 0.892145574093,
        "median": 0.402979880571,
        "min": 0,
        "var": 2.09466791153
    },
    "zerocrossingrate": {
        "dmean": 0.00928626023233,
        "dmean2": 0.0113869225606,
        "dvar": 0.000149269893882,
        "dvar2": 0.000192073115613,
        "max": 0.64794921875,
        "mean": 0.0663567557931,
        "median": 0.056640625,
        "min": 0,
        "var": 0.00468807574362
    },
    "barkbands": {
        "dmean": [0.00218431116082, 0.0071066878736, 0.0021129110828, 0.00226451898925, 0.000999884330668, 0.00057781743817, 0.000488486781251, 0.000783240480814, 0.00137654796708, 0.00161926797591, 0.000738013768569, 0.000825973052997, 0.000570464122575, 0.000585413072258, 0.000346106040524, 0.000313675001962, 0.000191262530279, 0.000177191235707, 0.000133892608574, 0.00010271089559, 8.02944996394e-05, 8.00914713182e-05, 6.61406156723e-05, 4.68010148325e-05, 5.90728632233e-05, 3.20423387166e-05, 2.96030293612e-06],
        "dmean2": [0.0040290649049, 0.0121956551448, 0.00343494443223, 0.00372503953986, 0.00178730045445, 0.000947120832279, 0.000795768981334, 0.00125898525584, 0.00226388406008, 0.00264177075587, 0.00119793601334, 0.00134256738238, 0.00090813008137, 0.000949706009123, 0.00056422688067, 0.000510987767484, 0.000303989858367, 0.000289441348286, 0.000215763531742, 0.0001663799776, 0.0001291303779, 0.00013249940821, 0.000101923818875, 7.07189319655e-05, 8.94136901479e-05, 4.89644116897e-05, 4.85834152641e-06],
        "dvar": [2.61602344835e-05, 0.000169841994648, 2.33780428971e-05, 4.88682344439e-05, 8.86049019755e-06, 1.13456076178e-06, 1.09855284336e-06, 6.15825729255e-06, 1.59218816407e-05, 1.9309547497e-05, 5.27860220245e-06, 5.7641946114e-06, 1.75690399828e-06, 2.32684624279e-06, 8.82062693108e-07, 1.14178033073e-06, 3.88503622162e-07, 2.1067587852e-07, 5.73941179027e-08, 3.34677849878e-08, 3.08832319718e-08, 3.00622282623e-08, 1.57384683064e-08, 7.12794179236e-09, 1.87240409844e-08, 8.42308978122e-09, 5.00140172333e-11],
        "dvar2": [8.66197733558e-05, 0.000512999948114, 5.83064174862e-05, 0.000116509239888, 2.55210070463e-05, 2.93545849672e-06, 2.66579013442e-06, 1.53505116032e-05, 4.41299453087e-05, 4.83945186716e-05, 1.31430670081e-05, 1.44737450682e-05, 4.31892021879e-06, 5.8777650338e-06, 2.30993623518e-06, 2.75349816548e-06, 9.11496215394e-07, 4.86389694743e-07, 1.34425064857e-07, 7.91432839264e-08, 7.37916892035e-08, 8.108913363e-08, 3.47594024674e-08, 1.57253925437e-08, 3.93933454745e-08, 2.2471105865e-08, 1.22507684552e-10],
        "max": [0.0560053698719, 0.138355791569, 0.0559484176338, 0.0685585662723, 0.0369227044284, 0.016343401745, 0.0289835166186, 0.0853079333901, 0.106203898787, 0.104264102876, 0.0592842027545, 0.0675450786948, 0.0246796831489, 0.0357117652893, 0.0297864936292, 0.060533285141, 0.0229144878685, 0.0222471468151, 0.00619662180543, 0.00708120781928, 0.00241846661083, 0.00187104055658, 0.00186670210678, 0.00217026635073, 0.00503294123337, 0.00242336606607, 0.000124878453789],
        "mean": [0.00239630579017, 0.0109750777483, 0.00260974722914, 0.00205436372198, 0.00108473934233, 0.000859355437569, 0.000728901708499, 0.00110119313467, 0.00200413540006, 0.00239169318229, 0.00106398423668, 0.00125169230159, 0.000884448527358, 0.000899550330359, 0.000550070486497, 0.000561119057238, 0.000330482725985, 0.000310600386001, 0.000267975672614, 0.000211980368476, 0.000152136417455, 0.000141960874316, 0.00012711121235, 9.99605908873e-05, 0.000107064508484, 5.23306698597e-05, 3.53289055965e-06],
        "median": [5.87827453273e-05, 0.00378652894869, 0.000972346635535, 0.000314192264341, 0.000427115825005, 0.000391054752981, 0.000271535071079, 0.000230863253819, 0.00048519205302, 0.000512440456077, 0.000209212157642, 0.000366773456335, 0.000269149430096, 0.000279283325654, 0.000190718739759, 0.000144196179463, 0.000144350138726, 0.000145200378029, 0.000128501851577, 9.15857090149e-05, 5.13138948008e-05, 4.08768501075e-05, 4.83600852021e-05, 3.97868971049e-05, 3.13801829179e-05, 5.97639154876e-06, 9.25598353518e-09],
        "min": [2.50539635048e-25, 3.74147339902e-24, 1.56015843868e-25, 1.42463132166e-24, 1.14219990882e-23, 5.27526985653e-24, 7.48576145374e-24, 5.36546347927e-24, 1.65290546119e-23, 1.12758957377e-23, 1.50643465925e-23, 1.56415845158e-23, 2.22320787723e-23, 2.27233103466e-23, 3.62668577538e-23, 3.03429130969e-23, 4.75113726047e-23, 8.36818220895e-23, 6.53953573525e-23, 1.42344926881e-22, 2.31577073325e-22, 3.38134561624e-22, 3.40264864721e-22, 5.47939351644e-22, 8.43915015547e-22, 1.19140907733e-21, 1.9109687666e-21],
        "var": [3.31789233314e-05, 0.000280575914076, 2.32183501794e-05, 4.42534328613e-05, 5.92332526139e-06, 1.69234988334e-06, 2.07173320632e-06, 1.04295968413e-05, 2.67058494501e-05, 3.69230328943e-05, 9.3626904345e-06, 1.03126421891e-05, 3.48269372807e-06, 4.14726082454e-06, 1.4329610849e-06, 4.16625016442e-06, 7.12501901035e-07, 3.6810197912e-07, 1.52772230422e-07, 9.13704241157e-08, 6.08041119676e-08, 5.32201624992e-08, 3.51799585019e-08, 2.38182025214e-08, 4.68937031428e-08, 1.05460360444e-08, 7.34155791715e-11]
    },
    "erbbands": {
        "dmean": [0.348464131355, 1.20449650288, 2.25112390518, 5.61990880966, 4.79681396484, 2.79762339592, 4.02747440338, 5.07961368561, 6.98964071274, 9.35206794739, 18.2679843903, 32.907119751, 40.0097160339, 40.9403419495, 30.9222564697, 29.6262588501, 24.9726104736, 22.4146308899, 24.2460727692, 16.909286499, 15.2964267731, 10.194688797, 9.09110832214, 7.98736286163, 5.28576421738, 4.57738494873, 4.47159814835, 2.63626527786, 2.88801145554, 2.42526459694, 1.8779515028, 1.04442071915, 0.838566422462, 0.660769879818, 0.441768586636, 0.179427862167, 0.0538865886629, 0.00899312645197, 0.00029297725996, 2.04963253054e-05],
        "dmean2": [0.62780725956, 1.93398880959, 3.60739803314, 9.07427883148, 8.13622188568, 4.95592308044, 6.74390029907, 8.33134651184, 11.3841543198, 15.2375926971, 29.3613014221, 54.3832740784, 66.1878585815, 66.4597930908, 49.6460266113, 47.8056907654, 39.6430892944, 35.8131027222, 38.9389533997, 27.1687793732, 24.7230415344, 16.0945625305, 14.736746788, 12.7899456024, 8.38992881775, 7.31572580338, 7.53131437302, 4.0671005249, 4.85550832748, 3.71725273132, 2.96223020554, 1.65292584896, 1.26412034035, 1.011282444, 0.680551111698, 0.2735671103, 0.0840778574347, 0.0140311652794, 0.000460165902041, 3.27296802425e-05],
        "dvar": [0.521575331688, 4.8847951889, 25.1218318939, 227.768692017, 271.446807861, 53.1580047607, 66.7708206177, 101.703041077, 229.516159058, 611.57232666, 2647.17944336, 11444.8613281, 10924.8203125, 15901.5742188, 7531.2421875, 7804.27734375, 3322.1796875, 4569.76171875, 4457.48388672, 1762.23535156, 3865.52954102, 833.884094238, 721.366455078, 197.097412109, 105.139816284, 54.8974838257, 117.487449646, 29.3046340942, 43.6281318665, 19.9514636993, 13.6410732269, 3.58683609962, 2.50229024887, 2.54937386513, 1.06606578827, 0.18539236486, 0.0358781814575, 0.000475250970339, 5.01169097333e-07, 9.2568791521e-10],
        "dvar2": [1.74496757984, 12.4243364334, 62.4833335876, 541.162475586, 719.467834473, 151.265258789, 170.410690308, 264.080718994, 550.353881836, 1563.35681152, 6573.73583984, 32359.9648438, 28959.4414062, 41158.7265625, 19076.7460938, 19681.0878906, 8106.85644531, 11585.9980469, 11601.4951172, 4297.77246094, 9292.05761719, 1905.5670166, 1849.74279785, 446.413970947, 235.577865601, 132.324447632, 313.388946533, 67.26953125, 119.224380493, 42.3009643555, 32.801448822, 8.5483379364, 5.65589475632, 5.65590000153, 2.31877207756, 0.461633831263, 0.0997079312801, 0.00114544061944, 1.1659564052e-06, 2.38705721856e-09],
        "max": [6.48641633987, 32.1935424805, 65.1229782104, 145.717330933, 202.466156006, 104.790237427, 224.352203369, 159.625320435, 515.383117676, 714.208984375, 1385.57373047, 3309.68432617, 2201.10205078, 3327.33691406, 2208.76879883, 2564.41503906, 991.668151855, 2086.77050781, 1428.98010254, 1316.33972168, 4049.51660156, 1170.64477539, 1502.05480957, 408.652923584, 360.932312012, 123.454193115, 138.964263916, 79.6312026978, 79.3262329102, 62.595664978, 57.1446418762, 37.8762588501, 35.9620132446, 60.0531730652, 31.7319011688, 9.83334255219, 5.51316404343, 0.487394243479, 0.0119743887335, 0.000569485535379],
        "mean": [0.401985555887, 2.10837316513, 3.33281111717, 5.62068939209, 4.30337381363, 3.2728061676, 5.82373523712, 7.62463331223, 10.5599756241, 13.7235498428, 27.3225212097, 47.6099243164, 62.4963798523, 62.6178894043, 50.5947494507, 47.5164146423, 42.4880752563, 38.3025627136, 39.6482696533, 30.1559410095, 29.7646369934, 19.2503662109, 17.0379905701, 16.0740394592, 11.7857570648, 9.81002616882, 7.54325866699, 5.16838884354, 4.94542884827, 4.59291648865, 3.49796795845, 2.13755106926, 1.71591043472, 1.24118900299, 0.728967547417, 0.284721672535, 0.085437938571, 0.0145835308358, 0.000449891696917, 5.29986755282e-05],
        "median": [0.0933741778135, 0.826084256172, 1.52654528618, 1.38748407364, 1.0287719965, 1.34380984306, 2.86527872086, 3.35574531555, 4.1020321846, 4.57741117477, 7.44746446609, 12.283536911, 16.9696445465, 15.5541152954, 14.7779140472, 15.3274517059, 14.2537975311, 12.8196792603, 12.9885883331, 10.5244464874, 8.32488059998, 8.58718109131, 8.27623462677, 7.7924990654, 5.78431177139, 4.44963550568, 2.62912464142, 1.65112912655, 1.34602868557, 1.4925532341, 1.34548473358, 0.849312126637, 0.661489963531, 0.406670689583, 0.168978124857, 0.0436484664679, 0.00853028520942, 0.000600661616772, 4.15779359173e-05, 3.92620568164e-05],
        "min": [6.46667275551e-23, 2.66076649149e-22, 4.56133713735e-22, 5.18500597469e-21, 1.08430090102e-20, 2.90957549291e-20, 3.49714126905e-20, 3.95528332925e-20, 1.44698433135e-19, 1.68914119718e-19, 1.55568387715e-19, 3.83855360454e-19, 4.62781496534e-19, 4.26178134043e-19, 1.31830493579e-18, 6.81163278705e-19, 1.35179086135e-18, 1.57362374443e-18, 1.88912211398e-18, 2.75353143757e-18, 2.54542665073e-18, 3.46193697917e-18, 4.32274207004e-18, 4.31969969974e-18, 4.4754784886e-18, 6.10766506944e-18, 8.86283246346e-18, 1.01732056678e-17, 1.01319864307e-17, 1.11347956852e-17, 9.04322732017e-18, 1.10444559818e-17, 9.95423524318e-18, 7.93163554324e-18, 5.49613251053e-18, 3.87597892606e-18, 2.28614854208e-18, 9.62458246918e-19, 2.41663426746e-19, 2.64589874796e-20],
        "var": [0.582392573357, 10.1689300537, 29.8091392517, 219.137969971, 196.78125, 40.6685523987, 95.2723388672, 151.851242065, 453.276824951, 961.70123291, 4660.81591797, 18008.25, 19789.8535156, 27225.4863281, 15155.5068359, 13485.9208984, 7240.08496094, 9047.82128906, 7625.86132812, 3605.73266602, 16079.8632812, 1817.00146484, 1284.12316895, 577.37701416, 300.722961426, 159.090637207, 158.741714478, 68.0258483887, 69.9036178589, 47.8564491272, 27.1638736725, 10.043712616, 7.64164066315, 6.00528049469, 2.41988158226, 0.305377840996, 0.0345311053097, 0.000840499124024, 8.99324845705e-07, 2.60653454376e-09]
    },
    "gfcc": {
        "mean": [-37.0991783142, 97.2759399414, -130.118423462, 24.8134441376, -47.4335670471, 23.5100784302, -24.9368400574, 16.4174060822, -17.6910934448, 1.37885046005, -9.57374668121, -1.73182845116, -6.77425765991],
        "cov": [[34293.0703125, -761.199829102, -1363.58349609, 984.416381836, -1720.34228516, 1526.28527832, -1034.13012695, 822.10559082, -1084.16381836, 541.801208496, -842.478637695, 378.487426758, -628.004272461], [-761.199829102, 3352.046875, -847.356811523, -39.9834671021, 864.116516113, -673.341491699, 511.979156494, -278.191894531, 466.534240723, -338.188964844, 521.254943848, -260.765136719, 291.445556641], [-1363.58349609, -847.356811523, 1702.95019531, 236.167678833, 235.72857666, 154.750396729, -55.0125465393, 68.2658996582, -193.935577393, 245.450576782, -134.102294922, 225.995239258, -160.763977051], [984.416381836, -39.9834671021, 236.167678833, 462.295196533, 4.22009754181, 73.2727050781, -20.952911377, -35.6809158325, -26.5321216583, -47.7412986755, -25.267791748, 21.3060569763, -19.0848693848], [-1720.34228516, 864.116516113, 235.72857666, 4.22009754181, 812.583374023, -196.649902344, 296.278106689, -21.7857246399, 167.934371948, -14.7778329849, 142.404129028, 7.38862514496, 65.3219528198], [1526.28527832, -673.341491699, 154.750396729, 73.2727050781, -196.649902344, 456.167419434, -56.7434387207, 98.6259841919, -134.904403687, 98.5887145996, -91.9772567749, 46.2194061279, -50.7264289856], [-1034.13012695, 511.979156494, -55.0125465393, -20.952911377, 296.278106689, -56.7434387207, 347.159515381, -34.6640701294, 135.614761353, -45.4789085388, 112.223907471, -50.5554008484, 58.0210952759], [822.10559082, -278.191894531, 68.2658996582, -35.6809158325, -21.7857246399, 98.6259841919, -34.6640701294, 241.123443604, -11.3446903229, 70.7603759766, -31.6327400208, 37.4196243286, -14.5572032928], [-1084.16381836, 466.534240723, -193.935577393, -26.5321216583, 167.934371948, -134.904403687, 135.614761353, -11.3446903229, 255.765625, -70.5804672241, 120.597076416, -44.1254310608, 82.8434906006], [541.801208496, -338.188964844, 245.450576782, -47.7412986755, -14.7778329849, 98.5887145996, -45.4789085388, 70.7603759766, -70.5804672241, 198.43687439, -44.4260559082, 79.8131790161, -46.1518783569], [-842.478637695, 521.254943848, -134.102294922, -25.267791748, 142.404129028, -91.9772567749, 112.223907471, -31.6327400208, 120.597076416, -44.4260559082, 251.263168335, -27.5282001495, 99.4336700439], [378.487426758, -260.765136719, 225.995239258, 21.3060569763, 7.38862514496, 46.2194061279, -50.5554008484, 37.4196243286, -44.1254310608, 79.8131790161, -27.5282001495, 149.837661743, -16.822681427], [-628.004272461, 291.445556641, -160.763977051, -19.0848693848, 65.3219528198, -50.7264289856, 58.0210952759, -14.5572032928, 82.8434906006, -46.1518783569, 99.4336700439, -16.822681427, 143.152587891]],
        "icov": [[0.000116249626444, -0.000291910633678, 0.0002338973718, -0.000329887639964, 0.000203609495657, -0.000323763611959, 0.00011085029837, -0.000421022385126, 0.000312813150231, -0.000347434834111, 0.000299837905914, -0.000490267528221, 0.00046867976198], [-0.000291910633678, 0.00172989827115, -0.000227098746109, 0.000574100180529, -0.00125525530893, 0.00149014976341, -0.000500379654113, 0.00142225029413, -0.000717217975762, 0.000993143650703, -0.00169097341131, 0.00187873712275, -0.00140217749868], [0.0002338973718, -0.000227098746109, 0.0016841024626, -0.00128861609846, -0.000338644109434, -0.000411515007727, 0.000146781487274, -0.000692565634381, 0.00109701848123, -0.00147689285222, 0.000332011753926, -0.00163162371609, 0.00155337550677], [-0.000329887639964, 0.000574100180529, -0.00128861609846, 0.00378128327429, -0.000456473353552, 5.29379258296e-06, 5.29721219209e-05, 0.00156272528693, -0.0011439336231, 0.00261840457097, -0.000588057446294, 0.000913604686502, -0.00118944502901], [0.000203609495657, -0.00125525530893, -0.000338644109434, -0.000456473353552, 0.00328663224354, -0.000184834309039, -0.00139174214564, -0.00126634945627, 8.26638788567e-05, -0.000846923678182, 0.000940732075833, -0.00165364681743, 0.000709095678758], [-0.000323763611959, 0.00149014976341, -0.000411515007727, 5.29379258296e-06, -0.000184834309039, 0.00485515315086, -0.00153121247422, 0.000247783551458, 0.000494553009048, -0.000142814868013, -0.00116232270375, 0.00177218439057, -0.00178163032979], [0.00011085029837, -0.000500379654113, 0.000146781487274, 5.29721219209e-05, -0.00139174214564, -0.00153121247422, 0.00550536485389, 0.000173340566107, -0.00126761535648, -0.000132458939333, -0.000255087856203, 0.000682402634993, 0.000503903371282], [-0.000421022385126, 0.00142225029413, -0.000692565634381, 0.00156272528693, -0.00126634945627, 0.000247783551458, 0.000173340566107, 0.00683076214045, -0.00219119037502, 0.000118497831863, -0.00101426511537, 0.00160021497868, -0.00182317220606], [0.000312813150231, -0.000717217975762, 0.00109701848123, -0.0011439336231, 8.26638788567e-05, 0.000494553009048, -0.00126761535648, -0.00219119037502, 0.00807899516076, -0.000282688357402, -0.000552158278879, -0.00115915678907, -0.000178764152224], [-0.000347434834111, 0.000993143650703, -0.00147689285222, 0.00261840457097, -0.000846923678182, -0.000142814868013, -0.000132458939333, 0.000118497831863, -0.000282688357402, 0.0101290494204, -0.0013750832295, -0.00128326716367, -0.00022055725276], [0.000299837905914, -0.00169097341131, 0.000332011753926, -0.000588057446294, 0.000940732075833, -0.00116232270375, -0.000255087856203, -0.00101426511537, -0.000552158278879, -0.0013750832295, 0.00818016752601, -0.00176756549627, -0.00180182431359], [-0.000490267528221, 0.00187873712275, -0.00163162371609, 0.000913604686502, -0.00165364681743, 0.00177218439057, 0.000682402634993, 0.00160021497868, -0.00115915678907, -0.00128326716367, -0.00176756549627, 0.0125070745125, -0.00346295908093], [0.00046867976198, -0.00140217749868, 0.00155337550677, -0.00118944502901, 0.000709095678758, -0.00178163032979, 0.000503903371282, -0.00182317220606, -0.000178764152224, -0.00022055725276, -0.00180182431359, -0.00346295908093, 0.0130146527663]]
    },
    "melbands": {
        "dmean": [0.00252393377014, 0.00117121054791, 0.000921201775782, 0.000250874058111, 0.000135407171911, 0.000113192530989, 0.000102103702375, 0.000125147038489, 0.000158838607604, 0.000207619566936, 0.000210478654481, 0.000184802411241, 0.000106879677332, 9.51335241552e-05, 7.67325254856e-05, 4.82533978357e-05, 4.46123267466e-05, 4.70649138151e-05, 2.40491772274e-05, 2.32989477809e-05, 1.7829999706e-05, 1.10529172161e-05, 1.11903318611e-05, 8.54548306961e-06, 7.01364479028e-06, 5.17119133292e-06, 3.83996848541e-06, 3.14050589623e-06, 3.60163176083e-06, 1.79330197625e-06, 1.65753249348e-06, 1.67300629528e-06, 1.7389477307e-06, 1.36481344271e-06, 1.19754099615e-06, 9.1837682703e-07, 6.29607768587e-07, 6.5049425757e-07, 5.44178305972e-07, 6.19845309302e-07],
        "dmean2": [0.00444765901193, 0.00188094028272, 0.00148511875886, 0.000441137090093, 0.000227281692787, 0.000184974269359, 0.000166385725606, 0.000203701943974, 0.000256676546996, 0.000343397434335, 0.00034821339068, 0.000299419567455, 0.000173347216332, 0.000154153531184, 0.000123284713482, 7.64248616179e-05, 7.18097144272e-05, 7.57346278988e-05, 3.91981375287e-05, 3.74835180992e-05, 2.8945170925e-05, 1.77340534719e-05, 1.80646984518e-05, 1.38574678203e-05, 1.12811330837e-05, 8.36993058329e-06, 6.11335190115e-06, 5.12398082719e-06, 6.18727108304e-06, 2.91723699775e-06, 2.57225019595e-06, 2.82933342532e-06, 2.93940752272e-06, 2.03898866857e-06, 1.9042133772e-06, 1.51200015353e-06, 9.98750010694e-07, 1.00124157143e-06, 8.35142998312e-07, 9.71770532487e-07],
        "dvar": [2.3577193133e-05, 4.8063734539e-06, 6.37579842078e-06, 6.54322946048e-07, 7.57159526188e-08, 4.6606626114e-08, 4.52328805522e-08, 1.26398560951e-07, 1.69099067193e-07, 4.25846451435e-07, 3.00858687297e-07, 3.24081753433e-07, 1.10232342365e-07, 9.21517226971e-08, 4.5369969115e-08, 1.44346108399e-08, 1.76618115688e-08, 1.75896275323e-08, 4.57019977418e-09, 4.32010738294e-09, 5.40524158765e-09, 9.11063169351e-10, 3.02551894649e-09, 3.0549709984e-10, 1.60287588757e-10, 9.77006114899e-11, 5.94721910607e-11, 2.66922092068e-11, 8.09076347585e-11, 1.39804903765e-11, 1.203871898e-11, 1.3576576495e-11, 1.54256971779e-11, 5.85306716289e-12, 5.31443292151e-12, 3.3070440917e-12, 1.34662127369e-12, 1.6485949975e-12, 1.07189387574e-12, 3.13441135026e-12],
        "dvar2": [7.67895980971e-05, 1.19449941849e-05, 1.50936712089e-05, 1.81813561539e-06, 1.96258085339e-07, 1.20655215596e-07, 1.08764325546e-07, 3.18721475878e-07, 4.2375293674e-07, 1.19790570352e-06, 7.87804310676e-07, 8.25243034797e-07, 2.74190142591e-07, 2.30089057141e-07, 1.1402832456e-07, 3.54765461452e-08, 4.49625758847e-08, 4.55319906223e-08, 1.16426113195e-08, 1.03063264589e-08, 1.29683366268e-08, 2.02868988275e-09, 8.2736910656e-09, 7.50436990327e-10, 3.64557106725e-10, 2.40022557385e-10, 1.24904434018e-10, 6.70557429028e-11, 2.22997523225e-10, 3.42245780327e-11, 2.83941724299e-11, 3.67511125698e-11, 4.23044065057e-11, 1.19920436428e-11, 1.26309631157e-11, 8.78665282894e-12, 3.23604576295e-12, 3.82807934657e-12, 2.52267607845e-12, 7.30752090783e-12],
        "max": [0.0478492230177, 0.0281815715134, 0.0242999643087, 0.00968011561781, 0.007414476946, 0.00339348684065, 0.00678956927732, 0.0125521253794, 0.00909992307425, 0.019261257723, 0.0116396518424, 0.0136462533846, 0.00967121403664, 0.0100848535076, 0.00618113996461, 0.00256860395893, 0.00384338572621, 0.00303090992384, 0.00236663059331, 0.00209313095547, 0.00457250606269, 0.00118288199883, 0.00362351629883, 0.000672044348903, 0.000401708384743, 0.000288854818791, 0.00043250102317, 7.63913049013e-05, 0.000110168555693, 4.99521775055e-05, 5.1407070714e-05, 3.98428346671e-05, 4.99787784065e-05, 3.47951609001e-05, 3.21794068441e-05, 2.8072106943e-05, 2.81764550891e-05, 3.5013876186e-05, 2.53376147157e-05, 7.58951573516e-05],
        "mean": [0.003438383108, 0.00214812369086, 0.000936581986025, 0.000247858231887, 0.000197857923922, 0.000172394939, 0.000153778033564, 0.000179221126018, 0.000234127437579, 0.000296853278996, 0.000321828119922, 0.000273090496194, 0.000164186028996, 0.000146306556417, 0.000117239222163, 7.70030965214e-05, 7.0294852776e-05, 7.15294008842e-05, 3.82581820304e-05, 3.99249220209e-05, 3.20909166476e-05, 1.87304522115e-05, 1.80300467036e-05, 1.46269539982e-05, 1.29304289658e-05, 9.74958948063e-06, 7.64284322941e-06, 6.08662867307e-06, 5.30554052602e-06, 3.25298537973e-06, 2.92231402454e-06, 2.71718386102e-06, 2.82125984086e-06, 2.42656028604e-06, 2.11862175092e-06, 1.57631507136e-06, 1.20427296224e-06, 1.23263384921e-06, 1.05775609427e-06, 1.05941921902e-06],
        "median": [0.00103160599247, 0.00108994869515, 0.000245591363637, 8.07513497421e-05, 0.000100188888609, 7.71253617131e-05, 5.99570521445e-05, 4.97837463627e-05, 6.41834631097e-05, 6.92279500072e-05, 8.22246365715e-05, 6.01269712206e-05, 3.89180713682e-05, 4.1273298848e-05, 3.11449148285e-05, 2.48417418334e-05, 2.20332985919e-05, 2.0015586415e-05, 1.31971783048e-05, 1.16662395158e-05, 8.23501795821e-06, 8.11852714833e-06, 7.63115167501e-06, 6.66228334012e-06, 5.96850804868e-06, 4.52501626569e-06, 3.3050773709e-06, 2.65409062195e-06, 1.66661129697e-06, 1.08994674974e-06, 8.20745185592e-07, 7.07179310666e-07, 7.84289966305e-07, 8.25719894237e-07, 7.64647381857e-07, 6.0298907556e-07, 4.64420367052e-07, 4.54641565284e-07, 4.06496496907e-07, 3.08991786824e-07],
        "min": [8.28576797748e-25, 1.3359502411e-25, 8.42710818587e-25, 1.0424635146e-24, 1.32133057776e-24, 9.47380334758e-25, 1.69605922926e-24, 2.00158269127e-24, 1.24448063584e-24, 2.17552730974e-24, 1.91589188658e-24, 1.20577921844e-24, 3.77639784901e-24, 2.24400083074e-24, 1.51734752435e-24, 2.73180440997e-24, 2.77581318493e-24, 2.59068942137e-24, 2.55528435786e-24, 2.92899478715e-24, 2.45637559706e-24, 2.96603653982e-24, 4.07910507759e-24, 3.81333034444e-24, 3.17633029107e-24, 2.47370844887e-24, 3.59697695815e-24, 3.71496175614e-24, 4.7494487037e-24, 4.49523985472e-24, 4.97828660268e-24, 4.53837121914e-24, 5.29214122471e-24, 5.42079615532e-24, 3.75358675265e-24, 5.46350705688e-24, 5.41152072879e-24, 5.85532401331e-24, 6.18716071967e-24, 5.87176860774e-24],
        "var": [3.23357235175e-05, 9.03016916709e-06, 6.08002528679e-06, 4.38845091821e-07, 1.06858223603e-07, 7.21516073554e-08, 8.88053435233e-08, 2.04015805139e-07, 2.93123235906e-07, 6.76991021464e-07, 5.55596386675e-07, 5.66695916859e-07, 2.04344104304e-07, 1.737569022e-07, 8.20730150508e-08, 2.77957177275e-08, 3.3221642326e-08, 2.88078592092e-08, 7.17970038977e-09, 1.01454507018e-08, 2.20757474523e-08, 1.71320513331e-09, 4.76157513418e-09, 5.89977289245e-10, 4.32683916474e-10, 2.0726419192e-10, 1.89494073211e-10, 6.46876580079e-11, 9.13508921285e-11, 2.76554595197e-11, 2.42675896739e-11, 2.18163421356e-11, 2.28193505758e-11, 1.35458927061e-11, 1.03843175378e-11, 5.70227068689e-12, 3.56408826063e-12, 4.34966168986e-12, 2.90728443923e-12, 5.81668784319e-12]
    },
    "mfcc": {
        "mean": [-659.38079834, 123.353012085, -14.0978107452, 9.81856155396, 5.09749412537, 5.99798488617, 9.07746505737, 11.8204841614, 3.64315676689, 8.01337623596, 3.2012963295, 0.838841199875, 1.01522135735],
        "cov": [[11575.0029297, -892.864990234, 803.562988281, 26.311126709, -76.7676467896, 406.498199463, 257.102661133, 168.305587769, 99.1027526855, 173.323471069, -39.5306854248, -170.304092407, 88.5364303589], [-892.864990234, 2482.18994141, -509.426147461, 303.761169434, 329.815917969, -102.539405823, 131.845596313, 117.295181274, -15.5188093185, 101.497024536, 100.106506348, 140.456253052, 67.8764419556], [803.562988281, -509.426147461, 883.150939941, 193.705657959, 81.7854995728, 168.968063354, 65.52368927, -40.8457450867, -33.8761558533, -65.8452911377, -15.4788427353, -27.5122299194, 59.8325653076], [26.311126709, 303.761169434, 193.705657959, 461.452636719, 189.131240845, 48.8456802368, 38.3128585815, 50.2160873413, -1.22677600384, -27.5695228577, -2.34780597687, 19.6361751556, 26.7970180511], [-76.7676467896, 329.815917969, 81.7854995728, 189.131240845, 362.058685303, 42.7399864197, 64.6941070557, 68.6949462891, 25.2082157135, 13.6986942291, 18.1419849396, 36.06823349, 63.3409500122], [406.498199463, -102.539405823, 168.968063354, 48.8456802368, 42.7399864197, 265.235656738, 105.563613892, 9.48342418671, 28.073217392, -8.70410728455, -0.0156403053552, -12.5273151398, 18.0390167236], [257.102661133, 131.845596313, 65.52368927, 38.3128585815, 64.6941070557, 105.563613892, 232.340011597, 51.8173866272, 9.34104919434, 55.8775672913, 26.197719574, 10.8003168106, 29.9322242737], [168.305587769, 117.295181274, -40.8457450867, 50.2160873413, 68.6949462891, 9.48342418671, 51.8173866272, 156.945281982, 48.9841880798, 38.5905685425, 19.9947891235, 17.1286640167, 13.6203041077], [99.1027526855, -15.5188093185, -33.8761558533, -1.22677600384, 25.2082157135, 28.073217392, 9.34104919434, 48.9841880798, 146.434432983, 30.3350429535, 20.1047878265, 2.94001317024, -3.29091215134], [173.323471069, 101.497024536, -65.8452911377, -27.5695228577, 13.6986942291, -8.70410728455, 55.8775672913, 38.5905685425, 30.3350429535, 139.903182983, 39.3690109253, 6.95498371124, 12.1649599075], [-39.5306854248, 100.106506348, -15.4788427353, -2.34780597687, 18.1419849396, -0.0156403053552, 26.197719574, 19.9947891235, 20.1047878265, 39.3690109253, 104.278503418, 30.645072937, -1.11203312874], [-170.304092407, 140.456253052, -27.5122299194, 19.6361751556, 36.06823349, -12.5273151398, 10.8003168106, 17.1286640167, 2.94001317024, 6.95498371124, 30.645072937, 82.2224578857, 32.6757278442], [88.5364303589, 67.8764419556, 59.8325653076, 26.7970180511, 63.3409500122, 18.0390167236, 29.9322242737, 13.6203041077, -3.29091215134, 12.1649599075, -1.11203312874, 32.6757278442, 108.073104858]],
