{
"lowlevel": {
    "average_loudness": 0.672521233559,
    "barkbands_crest": {
        "dmean": 2.8574860096,
        "dmean2": 4.59255123138,
        "dvar": 6.81898355484,
        "dvar2": 16.2764587402,
        "max": 26.4968986511,
        "mean": 12.6733942032,
        "median": 11.9546098709,
        "min": 2.25631523132,
        "var": 26.7931804657
    },
    "barkbands_flatness_db": {
        "dmean": 0.0286821722984,
        "dmean2": 0.044169139117,
        "dvar": 0.000739806564525,
        "dvar2": 0.00168079300784,
        "max": 0.483216553926,
        "mean": 0.166298523545,
        "median": 0.15513920784,
        "min": 0.0192192327231,
        "var": 0.00478140683845
    },
    "barkbands_kurtosis": {
        "dmean": 7.12945556641,
        "dmean2": 11.6254177094,
        "dvar": 307.080444336,
        "dvar2": 728.524902344,
        "max": 420.798950195,
        "mean": 10.471487999,
        "median": 4.3279542923,
        "min": -1.90532362461,
        "var": 493.471069336
    },
    "barkbands_skewness": {
        "dmean": 0.814022421837,
        "dmean2": 1.28262078762,
        "dvar": 1.03713607788,
        "dvar2": 2.40199351311,
        "max": 19.6740036011,
        "mean": 2.23233008385,
        "median": 1.86138737202,
        "min": -2.10599565506,
        "var": 3.53488969803
    },
    "barkbands_spread": {
        "dmean": 5.46697378159,
        "dmean2": 8.65989494324,
        "dvar": 49.944694519,
        "dvar2": 111.770248413,
        "max": 94.754196167,
        "mean": 17.3271656036,
        "median": 14.8709802628,
        "min": 0.354653477669,
        "var": 152.065963745
    },
    "dissonance": {
        "dmean": 0.0233168993145,
        "dmean2": 0.0394159443676,
        "dvar": 0.000586599751841,
        "dvar2": 0.00159726513084,
        "max": 0.500000059605,
        "mean": 0.459950447083,
        "median": 0.470005661249,
        "min": 0.212422907352,
        "var": 0.00123615434859
    },
    "dynamic_complexity": 3.67912745476,
    "erbbands_crest": {
        "dmean": 3.08374285698,
        "dmean2": 4.9434709549,
        "dvar": 8.15295124054,
        "dvar2": 19.2981987,
        "max": 32.5491065979,
        "mean": 9.95549583435,
        "median": 8.76192855835,
        "min": 2.12031912804,
        "var": 26.2046890259
    },
    "erbbands_flatness_db": {
        "dmean": 0.0205048527569,
        "dmean2": 0.0289992820472,
        "dvar": 0.000407506362535,
        "dvar2": 0.000754706561565,
        "max": 0.495402008295,
        "mean": 0.160067796707,
        "median": 0.13944093883,
        "min": 0.0387321785092,
        "var": 0.00578312715515
    },
    "erbbands_kurtosis": {
        "dmean": 1.41176319122,
        "dmean2": 2.2059700489,
        "dvar": 5.34046554565,
        "dvar2": 12.4517326355,
        "max": 93.5325775146,
        "mean": 1.77274668217,
        "median": 0.419556617737,
        "min": -1.75017631054,
        "var": 21.0298709869
    },
    "erbbands_skewness": {
        "dmean": 0.419120162725,
        "dmean2": 0.641312241554,
        "dvar": 0.155270650983,
        "dvar2": 0.347117602825,
        "max": 6.91690635681,
        "mean": 0.673823475838,
        "median": 0.552625477314,
        "min": -2.70345473289,
        "var": 0.758134186268
    },
    "erbbands_spread": {
        "dmean": 8.95480155945,
        "dmean2": 13.1991138458,
        "dvar": 127.82661438,
        "dvar2": 264.835418701,
        "max": 158.862319946,
        "mean": 36.2338562012,
        "median": 33.1977958679,
        "min": 0.598526358604,
        "var": 523.218933105
    },
    "hfc": {
        "dmean": 5.23675441742,
        "dmean2": 7.83458709717,
        "dvar": 63.2777328491,
        "dvar2": 147.493499756,
        "max": 149.757080078,
        "mean": 17.140958786,
        "median": 10.3871355057,
        "min": 1.22172604476e-16,
        "var": 323.051727295
    },
    "melbands_crest": {
        "dmean": 4.23667144775,
        "dmean2": 7.04714488983,
        "dvar": 13.4466094971,
        "dvar2": 38.0975189209,
        "max": 37.8421592712,
        "mean": 18.0554771423,
        "median": 17.4303779602,
        "min": 1.63183915615,
        "var": 48.1582794189
    },
    "melbands_flatness_db": {
        "dmean": 0.0327779650688,
        "dmean2": 0.0505718924105,
        "dvar": 0.00102071953006,
        "dvar2": 0.00233897217549,
        "max": 0.633639514446,
        "mean": 0.238799601793,
        "median": 0.228055998683,
        "min": 0.00392139796168,
        "var": 0.00652240728959
    },
    "melbands_kurtosis": {
        "dmean": 17.095041275,
        "dmean2": 27.8490161896,
        "dvar": 1883.32348633,
        "dvar2": 4655.57519531,
        "max": 1364.93518066,
        "mean": 27.1200122833,
        "median": 10.4323339462,
        "min": -1.625441432,
        "var": 3082.84301758
    },
    "melbands_skewness": {
        "dmean": 1.12572050095,
        "dmean2": 1.76599097252,
        "dvar": 2.12003159523,
        "dvar2": 5.05886888504,
        "max": 29.7009429932,
        "mean": 3.29808568954,
        "median": 2.59445524216,
        "min": -1.59549927711,
        "var": 7.57889890671
    },
    "melbands_spread": {
        "dmean": 5.61313343048,
        "dmean2": 8.81697177887,
        "dvar": 68.6119995117,
        "dvar2": 155.573867798,
        "max": 184.436416626,
        "mean": 16.5390968323,
        "median": 13.0006313324,
        "min": 0.340971529484,
        "var": 195.662872314
    },
    "pitch_salience": {
        "dmean": 0.082018867135,
        "dmean2": 0.135630786419,
        "dvar": 0.00583193683997,
        "dvar2": 0.0148421572521,
        "max": 0.951297998428,
        "mean": 0.479967296124,
        "median": 0.480428904295,
        "min": 0.0406321920455,
        "var": 0.0238997675478
    },
    "silence_rate_20dB": {
        "dmean": 0,
        "dmean2": 0,
        "dvar": 0,
        "dvar2": 0,
        "max": 1,
        "mean": 1,
        "median": 1,
        "min": 1,
        "var": 0
    },
    "silence_rate_30dB": {
        "dmean": 0.0187886282802,
        "dmean2": 0.0375819019973,
        "dvar": 0.0184353403747,
        "dvar2": 0.0453183352947,
        "max": 1,
        "mean": 0.980224967003,
        "median": 1,
        "min": 0,
        "var": 0.0193843245506
    },
    "silence_rate_60dB": {
        "dmean": 0.0202719401568,
        "dmean2": 0.0404252670705,
        "dvar": 0.0198619663715,
        "dvar2": 0.0447320640087,
        "max": 1,
        "mean": 0.084291189909,
        "median": 0,
        "min": 0,
        "var": 0.0771740823984
    },
    "spectral_centroid": {
        "dmean": 236.231658936,
        "dmean2": 362.185546875,
        "dvar": 93264.609375,
        "dvar2": 190456.296875,
        "max": 10813.0664062,
        "mean": 1198.15661621,
        "median": 1133.0177002,
        "min": 166.517837524,
        "var": 337217.21875
    },
    "spectral_complexity": {
        "dmean": 3.01038312912,
        "dmean2": 4.66485357285,
        "dvar": 12.8215503693,
        "dvar2": 26.8865642548,
        "max": 56,
        "mean": 14.884563446,
        "median": 13,
        "min": 0,
        "var": 73.7384490967
    },
    "spectral_decrease": {
        "dmean": 3.21363069489e-09,
        "dmean2": 5.39730526938e-09,
        "dvar": 1.73850898533e-17,
        "dvar2": 5.11681089082e-17,
        "max": -1.96458892551e-29,
        "mean": -8.71390160029e-09,
        "median": -6.91267265651e-09,
        "min": -5.62201236676e-08,
        "var": 5.2711750354e-17
    },
    "spectral_energy": {
        "dmean": 0.012422866188,
        "dmean2": 0.0208054631948,
        "dvar": 0.000255281891441,
        "dvar2": 0.000747079146095,
        "max": 0.218188598752,
        "mean": 0.0344429686666,
        "median": 0.0274328254163,
        "min": 1.11555556503e-20,
        "var": 0.000811951234937
    },
    "spectral_energyband_high": {
        "dmean": 0.000240446970565,
        "dmean2": 0.000357793644071,
        "dvar": 2.85318662918e-07,
        "dvar2": 6.68449729346e-07,
        "max": 0.0106865586713,
        "mean": 0.000505771138705,
        "median": 0.000295721401926,
        "min": 8.02901245987e-21,
        "var": 5.09198798682e-07
    },
    "spectral_energyband_low": {
        "dmean": 0.00971770100296,
        "dmean2": 0.0167948268354,
        "dvar": 0.00022735222592,
        "dvar2": 0.00068779225694,
        "max": 0.172765374184,
        "mean": 0.0191857274622,
        "median": 0.0131304245442,
        "min": 9.59450750689e-23,
        "var": 0.000441610522103
    },
    "spectral_energyband_middle_high": {
        "dmean": 0.00205054227263,
        "dmean2": 0.00314024602994,
        "dvar": 1.86442466656e-05,
        "dvar2": 4.78363181173e-05,
        "max": 0.118456415832,
        "mean": 0.0054437587969,
        "median": 0.00196033460088,
        "min": 1.52413561249e-21,
        "var": 8.86336347321e-05
    },
    "spectral_energyband_middle_low": {
        "dmean": 0.00419663963839,
        "dmean2": 0.00651817256585,
        "dvar": 4.31402986578e-05,
        "dvar2": 0.000104386366729,
        "max": 0.122010268271,
        "mean": 0.00930315814912,
        "median": 0.00583334919065,
        "min": 3.770741243e-22,
        "var": 0.000123143880046
    },
    "spectral_entropy": {
        "dmean": 0.177880764008,
        "dmean2": 0.252664208412,
        "dvar": 0.0356628969312,
        "dvar2": 0.0702537149191,
        "max": 9.81489181519,
        "mean": 7.57181453705,
        "median": 7.64090204239,
        "min": 5.40751600266,
        "var": 0.23097717762
    },
    "spectral_flux": {
        "dmean": 0.025734744966,
        "dmean2": 0.0411033183336,
        "dvar": 0.00074717332609,
        "dvar2": 0.00173774024006,
        "max": 0.322646260262,
        "mean": 0.0900169685483,
        "median": 0.0814612284303,
        "min": 1.05619867019e-10,
        "var": 0.0027364701964
    },
    "spectral_kurtosis": {
        "dmean": 2.24223709106,
        "dmean2": 3.69101381302,
        "dvar": 33.4478263855,
        "dvar2": 90.4878082275,
        "max": 200.709289551,
        "mean": 5.89608621597,
        "median": 3.95577907562,
        "min": -1.29122543335,
        "var": 96.1288833618
    },
    "spectral_rms": {
        "dmean": 0.000970400753431,
        "dmean2": 0.00158966868185,
        "dvar": 1.00953729998e-06,
        "dvar2": 2.88731712317e-06,
        "max": 0.0145899597555,
        "mean": 0.00526545708999,
        "median": 0.00517336744815,
        "min": 3.29901037044e-12,
        "var": 5.87790827922e-06
    },
    "spectral_rolloff": {
        "dmean": 357.364898682,
        "dmean2": 605.59197998,
        "dvar": 633029.5625,
        "dvar2": 1386914.75,
        "max": 18970.7519531,
        "mean": 935.899230957,
        "median": 689.0625,
        "min": 43.06640625,
        "var": 1144583
    },
    "spectral_skewness": {
        "dmean": 0.2508469522,
        "dmean2": 0.393009275198,
        "dvar": 0.131854593754,
        "dvar2": 0.35118034482,
        "max": 10.1229219437,
        "mean": 1.79721772671,
        "median": 1.65966618061,
        "min": -0.0081605296582,
        "var": 0.50159406662
    },
    "spectral_spread": {
        "dmean": 643039.75,
        "dmean2": 889912.5,
        "dvar": 826122240000,
        "dvar2": 1.27549413786e+12,
        "max": 41052872,
        "mean": 5010557.5,
        "median": 4931164.5,
        "min": 409875.875,
        "var": 3.6832828457e+12
    },
    "spectral_strongpeak": {
        "dmean": 0.462095558643,
        "dmean2": 0.797439694405,
        "dvar": 0.760476887226,
        "dvar2": 1.94877707958,
        "max": 11.6248235703,
        "mean": 0.756502747536,
        "median": 0.36180382967,
        "min": 0,
        "var": 1.25420868397
    },
    "zerocrossingrate": {
        "dmean": 0.00921578053385,
        "dmean2": 0.0112125407904,
        "dvar": 0.000153559973114,
        "dvar2": 0.000189579674043,
        "max": 0.484375,
        "mean": 0.0473014228046,
        "median": 0.04345703125,
        "min": 0.00244140625,
        "var": 0.000848760071676
    },
    "barkbands": {
        "dmean": [0.0021594830323, 0.00755456695333, 0.0017579596024, 0.000657277530991, 0.000904034008272, 0.000746922916733, 0.000554248399567, 0.00101263355464, 0.00199833116494, 0.00086742604617, 0.00067505025072, 0.000544964394066, 0.000393229100155, 0.000259928434389, 0.000207644421607, 0.000140341930091, 0.000138907969813, 0.000143881770782, 9.64988794294e-05, 0.000104438986455, 4.58763170172e-05, 4.38556853624e-05, 4.97350738442e-05, 4.09886197303e-05, 4.0848433855e-05, 2.02007795451e-05, 1.48788035403e-06],
        "dmean2": [0.00381442299113, 0.0127030946314, 0.00304211908951, 0.00114954460878, 0.00143611081876, 0.00117669510655, 0.000879743194673, 0.00159992289264, 0.0031526456587, 0.00139311701059, 0.00109509308822, 0.000847740506288, 0.000645023421384, 0.000417209550506, 0.000329072558088, 0.000223449780606, 0.00022304560116, 0.00022705864103, 0.000150508320075, 0.000159346061992, 7.26168800611e-05, 6.92888861522e-05, 7.77225432103e-05, 6.1558726884e-05, 6.05250788794e-05, 2.95779591397e-05, 2.38882103076e-06],
        "dvar": [1.72932595888e-05, 0.000165121207829, 2.57345218415e-05, 3.75456625079e-06, 2.70598570751e-06, 3.12207043862e-06, 2.43403837885e-06, 8.22434503789e-06, 2.51645415119e-05, 7.87778208178e-06, 5.66416338188e-06, 2.25334792958e-06, 1.83268809906e-06, 6.70234044264e-07, 2.74330830052e-07, 1.08755685346e-07, 9.36675661478e-08, 8.71337491049e-08, 5.25617487313e-08, 5.88758588549e-08, 1.5167028522e-08, 1.35446676097e-08, 1.4404170301e-08, 7.32040117413e-09, 8.25775359203e-09, 2.32469465899e-09, 2.20291562769e-11],
        "dvar2": [4.96753164043e-05, 0.000466063938802, 7.04013727955e-05, 1.06586767288e-05, 6.80774655848e-06, 7.4514937296e-06, 5.73722945774e-06, 1.85381686606e-05, 6.24004314886e-05, 2.05670403375e-05, 1.50979140017e-05, 5.21561833011e-06, 4.56925454273e-06, 1.50412938638e-06, 6.38337496639e-07, 2.57347323895e-07, 2.16610743564e-07, 2.12286565215e-07, 1.23250202932e-07, 1.32485240556e-07, 3.46778890048e-08, 3.3452284498e-08, 3.57164324782e-08, 1.61855915337e-08, 1.73593139863e-08, 5.03552088915e-09, 5.44368924937e-11],
        "max": [0.0584630295634, 0.148964241147, 0.0676827356219, 0.05240444839, 0.0461178719997, 0.0356430895627, 0.0446264632046, 0.0661027878523, 0.110377296805, 0.0693587735295, 0.0667527019978, 0.0390642508864, 0.0268442202359, 0.0278648100793, 0.0146817741916, 0.00954745896161, 0.0143602369353, 0.00534455385059, 0.00518741505221, 0.00459330203012, 0.00338844908401, 0.00199429271743, 0.00321232411079, 0.00339396181516, 0.00217613112181, 0.00119089544751, 7.00840828358e-05],
        "mean": [0.0026987362653, 0.0146065121517, 0.00201471103355, 0.000815789040644, 0.00157411082182, 0.00114906928502, 0.000818799016997, 0.00144363276195, 0.00318418303505, 0.00140584318433, 0.00106722326018, 0.000907553650904, 0.000570038566366, 0.000357623270247, 0.000318018370308, 0.000230948338867, 0.000250988756306, 0.000248089607339, 0.000169520397321, 0.000190380378626, 7.86961827544e-05, 7.58623718866e-05, 8.4213912487e-05, 7.63480056776e-05, 7.17728617019e-05, 3.2857988117e-05, 1.40561382977e-06],
        "median": [0.00096116628265, 0.00903457403183, 0.000537981512025, 0.0002877759689, 0.000853571400512, 0.00045066094026, 0.000233267230215, 0.000318455160595, 0.0005812420859, 0.000237351458054, 0.000113455142127, 0.000209271122003, 0.000120587705169, 9.09257068997e-05, 9.59016979323e-05, 7.94114384917e-05, 9.26694992813e-05, 8.82565873326e-05, 6.31511938991e-05, 5.86681780987e-05, 4.15789072576e-05, 3.91753601434e-05, 4.53902903246e-05, 4.50759580417e-05, 3.90240857087e-05, 1.49092811625e-05, 8.15243055285e-08],
        "min": [4.89258672609e-24, 1.43267269362e-23, 5.78706593022e-23, 2.03091814064e-23, 5.95589604789e-23, 4.07867215072e-23, 8.06460896887e-23, 7.34158702589e-23, 5.42170405533e-23, 1.3201346173e-22, 8.04583534151e-23, 5.16297913543e-23, 5.77805335215e-23, 1.44998654966e-22, 1.25118729066e-22, 2.40762292027e-22, 1.37571157201e-22, 1.86396762608e-22, 2.60622477472e-22, 2.89942051803e-22, 5.43011255527e-22, 4.81893594252e-22, 9.41071932428e-22, 8.83903270979e-22, 1.29698608095e-21, 1.517007844e-21, 2.59895281508e-21],
        "var": [2.35144452745e-05, 0.000312167743687, 2.1901611035e-05, 3.01780505652e-06, 4.59577995571e-06, 5.245977718e-06, 4.78530637338e-06, 1.73100524989e-05, 5.73615143367e-05, 1.82232324732e-05, 1.19412407003e-05, 5.90700028624e-06, 2.99802650261e-06, 9.95508457891e-07, 4.85728776312e-07, 2.13581259345e-07, 3.38252959864e-07, 1.79597961392e-07, 9.68106874666e-08, 1.41478338378e-07, 2.32504575592e-08, 1.86523436696e-08, 1.97671941038e-08, 1.39859137605e-08, 1.54226462712e-08, 3.75856501478e-09, 2.1792394278e-11]
    },
    "erbbands": {
        "dmean": [0.380500823259, 1.22786676884, 1.99781608582, 2.08365726471, 2.17077422142, 3.42513370514, 5.82281780243, 5.93152666092, 6.76386165619, 9.78667545319, 28.868188858, 47.6982383728, 28.5628013611, 31.4030532837, 26.1992797852, 18.3901309967, 16.2087497711, 15.7306900024, 11.40147686, 8.23762702942, 6.22735071182, 6.82668161392, 7.86141443253, 4.51402425766, 5.38190984726, 4.90374898911, 2.20087790489, 1.76952421665, 1.60031962395, 1.54696655273, 1.42549407482, 0.982930362225, 0.637217402458, 0.497871398926, 0.286595880985, 0.108933128417, 0.0338593274355, 0.00588434189558, 0.000200728376512, 1.78210193553e-05],
        "dmean2": [0.655391156673, 1.98250603676, 3.37321591377, 3.62653541565, 3.59966373444, 5.45848846436, 9.11270141602, 9.40215873718, 10.6963920593, 15.2773141861, 45.3357276917, 74.1680755615, 45.3015022278, 50.0541152954, 41.1785354614, 28.5761375427, 25.8863067627, 25.0226020813, 17.9427108765, 12.9703941345, 9.87929344177, 10.9528875351, 12.4319400787, 7.1551861763, 8.1744556427, 7.45395421982, 3.48761844635, 2.79418230057, 2.55618906021, 2.44541335106, 2.23811984062, 1.49921107292, 0.96349722147, 0.761515140533, 0.424341142178, 0.161785617471, 0.0499794110656, 0.00885463133454, 0.000302297441522, 2.89446816168e-05],
        "dvar": [0.420800596476, 5.57099246979, 26.3471889496, 33.3999862671, 22.2683429718, 45.1630592346, 203.979919434, 256.815887451, 365.574554443, 828.631958008, 6033.95800781, 15949.9492188, 8287.01171875, 11549.0683594, 6283.50634766, 2191.16625977, 3494.8347168, 2665.08569336, 903.00213623, 345.281219482, 204.01083374, 259.627319336, 258.250549316, 127.411949158, 170.063934326, 138.12197876, 33.6811943054, 24.9205207825, 19.2516040802, 14.2790966034, 12.4289369583, 4.05467271805, 2.05547165871, 1.30660772324, 0.407896071672, 0.0627996772528, 0.00720982719213, 0.000235031693592, 3.47789836042e-07, 6.69634514505e-10],
        "dvar2": [1.26373624802, 14.3117351532, 71.6407699585, 91.9740905762, 61.1832427979, 113.331031799, 488.148925781, 612.864135742, 862.790405273, 1861.58288574, 13570.4775391, 37700.5585938, 20904.40625, 30377.859375, 15926.5537109, 4778.20556641, 8348.58398438, 6011.95751953, 2073.84082031, 811.922119141, 479.857116699, 592.780761719, 636.599304199, 322.557952881, 363.841400146, 311.448486328, 76.8361053467, 61.5421600342, 48.186630249, 35.4323272705, 31.1702919006, 9.40999698639, 4.57890796661, 3.02173066139, 0.812706649303, 0.130487516522, 0.0161402951926, 0.000541677814908, 7.77449486122e-07, 1.70732561422e-09],
        "max": [8.20639419556, 28.3139438629, 76.6719589233, 101.261886597, 126.198181152, 124.507644653, 437.719665527, 431.598236084, 677.24005127, 1046.55895996, 1670.20617676, 3013.64575195, 2716.33081055, 3055.09375, 1796.38659668, 1588.89147949, 1432.99499512, 1658.71191406, 918.43536377, 529.381713867, 561.766174316, 949.756469727, 297.601806641, 427.369689941, 332.507720947, 257.244354248, 220.38710022, 89.7702941895, 85.3782958984, 70.0788574219, 96.8274002075, 43.7661552429, 68.7145843506, 36.5232925415, 11.8440656662, 4.76502180099, 2.43955731392, 0.236104592681, 0.0115773100406, 0.000426506012445],
        "mean": [0.544740438461, 2.77898430824, 2.90781116486, 2.61447453499, 3.55881786346, 5.55920314789, 9.01645565033, 8.88736438751, 10.0553789139, 15.3634271622, 43.5530128479, 74.3626327515, 48.9855804443, 52.6437721252, 46.5952377319, 32.3344230652, 25.7611713409, 23.8819141388, 18.2878360748, 14.3092803955, 11.7643632889, 13.3961296082, 14.174325943, 8.80864238739, 10.0758714676, 9.1594877243, 3.94649791718, 2.95043063164, 2.70069336891, 2.61564135551, 2.39796972275, 1.80110323429, 1.14828705788, 0.83946198225, 0.483901113272, 0.187215298414, 0.0513630993664, 0.00760544138029, 0.000254216662142, 4.80443632114e-05],
        "median": [0.27842861414, 1.56466734409, 1.31569719315, 0.981505692005, 1.82250082493, 2.52754259109, 3.56165862083, 3.13383865356, 3.43652296066, 4.47569990158, 11.8074359894, 14.2711019516, 8.56975650787, 8.83273983002, 6.83957433701, 8.96989440918, 6.01251506805, 5.85740280151, 5.33865070343, 4.77966499329, 4.64645195007, 5.26655864716, 5.31926965714, 3.8433701992, 3.16655707359, 2.81010365486, 1.96707069874, 1.52780938148, 1.38368821144, 1.3587539196, 1.29158139229, 1.03335165977, 0.677617371082, 0.455590367317, 0.248258322477, 0.097034431994, 0.0190364420414, 0.00197436357848, 7.02196193743e-05, 3.84884187952e-05],
        "min": [7.26666152199e-22, 2.89304460341e-21, 4.23872387473e-20, 1.04387957332e-19, 1.2366312676e-19, 1.59177053611e-19, 2.3431493513e-19, 3.97811370803e-19, 1.25328047463e-18, 8.04865916265e-19, 1.92837617675e-18, 1.50355803103e-18, 3.40593954004e-18, 3.35676137788e-18, 3.54959372227e-18, 2.55335269536e-18, 2.56586235456e-18, 3.64971607721e-18, 9.51304440141e-18, 8.93274990474e-18, 1.03714560452e-17, 8.36225749833e-18, 9.39633914314e-18, 8.99072947542e-18, 1.67556252595e-17, 1.4388805101e-17, 2.05579197638e-17, 2.20547692566e-17, 1.81857312031e-17, 1.82277403977e-17, 2.96055187335e-17, 1.90039931543e-17, 1.45284778562e-17, 1.39724255417e-17, 8.96505957947e-18, 6.96522058126e-18, 2.7029927701e-18, 9.87136560108e-19, 3.72234041534e-19, 3.86271018648e-20],
        "var": [0.552847504616, 12.0201997757, 28.2428874969, 26.4868087769, 30.6107139587, 78.4237747192, 338.238433838, 414.762115479, 609.714050293, 2089.43774414, 12759.6376953, 35113.5625, 20389.1855469, 24564.0683594, 16036.4072266, 5742.03271484, 6073.15380859, 4420.50878906, 1759.96386719, 710.555725098, 496.34576416, 1066.35205078, 524.556213379, 218.852157593, 398.645690918, 351.617340088, 57.210849762, 32.4799613953, 25.4507770538, 19.7047042847, 16.4018039703, 7.39343357086, 3.67731428146, 2.13350152969, 0.785727858543, 0.112874358892, 0.0104909110814, 0.000295982434181, 4.50073201819e-07, 1.68367353393e-09]
    },
    "gfcc": {
        "mean": [-18.678976059, 93.499710083, -111.224281311, 23.6858634949, -57.1901931763, 24.4473953247, -30.4988136292, 21.4040050507, -19.5009307861, 3.16231274605, -11.7385168076, 0.39968547225, -8.04421234131],
        "cov": [[7222.18994141, -1791.44799805, 1187.64294434, 1103.67687988, 196.486938477, 824.66796875, -49.7227897644, 816.606018066, -81.0580673218, 600.211120605, -77.5828857422, 465.476593018, -195.353515625], [-1791.44799805, 1699.76330566, -177.71925354, -283.492797852, 191.304092407, -332.179351807, 191.071228027, -270.939056396, 105.758514404, -231.994842529, 200.518783569, -209.682815552, 109.694473267], [1187.64294434, -177.71925354, 1966.49108887, 722.923950195, 335.63192749, 289.626678467, -201.67036438, 221.171829224, -40.3519554138, 322.087280273, -66.0192718506, 248.760131836, -145.769729614], [1103.67687988, -283.492797852, 722.923950195, 778.155456543, 262.095825195, 237.855392456, -1.49473726749, 126.694976807, 66.5886306763, 180.40133667, -25.445318222, 162.253662109, -26.1339187622], [196.486938477, 191.304092407, 335.63192749, 262.095825195, 402.668487549, 87.2479095459, 75.8052597046, 42.3435935974, 52.7110290527, 81.9414138794, 24.1161117554, 59.9654998779, 1.1953612566], [824.66796875, -332.179351807, 289.626678467, 237.855392456, 87.2479095459, 359.019287109, 54.7242660522, 167.077880859, 1.79810094833, 100.23374176, 17.4153766632, 70.7091674805, -11.6699771881], [-49.7227897644, 191.071228027, -201.67036438, -1.49473726749, 75.8052597046, 54.7242660522, 301.238098145, 8.5306968689, 37.5318717957, -45.1896743774, 68.7816619873, -16.1968078613, 33.0368537903], [816.606018066, -270.939056396, 221.171829224, 126.694976807, 42.3435935974, 167.077880859, 8.5306968689, 260.773254395, 21.3537425995, 97.6367492676, 7.95465755463, 52.6455421448, -11.4713573456], [-81.0580673218, 105.758514404, -40.3519554138, 66.5886306763, 52.7110290527, 1.79810094833, 37.5318717957, 21.3537425995, 158.732955933, 9.74001026154, 20.7258300781, -19.526348114, 31.203371048], [600.211120605, -231.994842529, 322.087280273, 180.40133667, 81.9414138794, 100.23374176, -45.1896743774, 97.6367492676, 9.74001026154, 177.934036255, -15.8891448975, 77.7012939453, -36.0149269104], [-77.5828857422, 200.518783569, -66.0192718506, -25.445318222, 24.1161117554, 17.4153766632, 68.7816619873, 7.95465755463, 20.7258300781, -15.8891448975, 130.788253784, -2.772108078, 39.4029350281], [465.476593018, -209.682815552, 248.760131836, 162.253662109, 59.9654998779, 70.7091674805, -16.1968078613, 52.6455421448, -19.526348114, 77.7012939453, -2.772108078, 147.215164185, -6.48303365707], [-195.353515625, 109.694473267, -145.769729614, -26.1339187622, 1.1953612566, -11.6699771881, 33.0368537903, -11.4713573456, 31.203371048, -36.0149269104, 39.4029350281, -6.48303365707, 98.2710952759]],
        "icov": [[0.000332724332111, -8.12898178992e-06, 0.000161296338774, -0.000326914072502, 0.000136063288664, -0.000188096906641, 1.29457539515e-05, -0.000699204567354, 0.000285841204459, -0.000406062987167, 2.9072878533e-05, -0.000417569011915, 0.000434071698692], [-8.12898178992e-06, 0.00236947159283, -0.00104319932871, 0.000607485300861, -0.00141076708678, 0.00171529385261, -0.000934977957513, 0.00121599656995, -0.000738226692192, 0.00152170122601, -0.00285998242907, 0.00269677373581, -0.00125307554845], [0.000161296338774, -0.00104319932871, 0.00169677578378, -0.00103820150252, 0.000160369090736, -0.000969911343418, 0.00114942493383, -0.00111473596189, 0.000837182160467, -0.00130807829555, 0.00103650940582, -0.00189259788021, 0.00180656672455], [-0.000326914072502, 0.000607485300861, -0.00103820150252, 0.00335989822634, -0.00120351952501, -0.000436094152974, -0.000420576310717, 0.00144635816105, -0.00179810682312, 0.000314462115057, 5.236666766e-05, -0.00036386269494, -0.00106019992381], [0.000136063288664, -0.00141076708678, 0.000160369090736, -0.00120351952501, 0.00470500392839, -0.000903180916794, -0.000716252077837, -0.000545822666027, -0.000105185354187, -0.00195685238577, 0.00136575475335, -0.00168676394969, 0.00043299945537], [-0.000188096906641, 0.00171529385261, -0.000969911343418, -0.000436094152974, -0.000903180916794, 0.00637051044032, -0.0017804086674, -0.0011561026331, 0.000353705050657, 0.000536363571882, -0.00252176006325, 0.00233940058388, -0.00136247975752], [1.29457539515e-05, -0.000934977957513, 0.00114942493383, -0.000420576310717, -0.000716252077837, -0.0017804086674, 0.00532075297087, -0.000684022728819, -0.000169985010871, 0.000911522249226, -0.000690440705512, -0.00133969460148, 0.00116773729678], [-0.000699204567354, 0.00121599656995, -0.00111473596189, 0.00144635816105, -0.000545822666027, -0.0011561026331, -0.000684022728819, 0.00835376605392, -0.0020056758076, -0.000563933397643, -0.00164431438316, 0.0018718240317, -0.00172877311707], [0.000285841204459, -0.000738226692192, 0.000837182160467, -0.00179810682312, -0.000105185354187, 0.000353705050657, -0.000169985010871, -0.0020056758076, 0.00880857743323, -0.00209305575117, 0.000425380771048, 0.00139310571831, -0.00162044749595], [-0.000406062987167, 0.00152170122601, -0.00130807829555, 0.000314462115057, -0.00195685238577, 0.000536363571882, 0.000911522249226, -0.000563933397643, -0.00209305575117, 0.0127512346953, -0.00188462692313, -0.000825504015666, 0.00139166763984], [2.9072878533e-05, -0.00285998242907, 0.00103650940582, 5.236666766e-05, 0.00136575475335, -0.00252176006325, -0.000690440705512, -0.00164431438316, 0.000425380771048, -0.00188462692313, 0.0133219193667, -0.00358840683475, -0.00187831895892], [-0.000417569011915, 0.00269677373581, -0.00189259788021, -0.00036386269494, -0.00168676394969, 0.00233940058388, -0.00133969460148, 0.0018718240317, 0.00139310571831, -0.000825504015666, -0.00358840683475, 0.0146716022864, -0.00411543715745], [0.000434071698692, -0.00125307554845, 0.00180656672455, -0.00106019992381, 0.00043299945537, -0.00136247975752, 0.00116773729678, -0.00172877311707, -0.00162044749595, 0.00139166763984, -0.00187831895892, -0.00411543715745, 0.0155801260844]]
    },
    "melbands": {
        "dmean": [0.0026599871926, 0.00115558051039, 0.000359132623998, 0.000187346915482, 0.000188878999325, 0.000131499691634, 0.000107655418105, 0.000116126837383, 0.000261209788732, 0.000299567123875, 0.000143162964378, 0.000131159147713, 9.16471981327e-05, 6.73615359119e-05, 3.4722226701e-05, 4.18700437876e-05, 2.80747444776e-05, 1.88815174624e-05, 1.33342045956e-05, 1.12613060992e-05, 7.75739044911e-06, 7.33954220777e-06, 8.71631073096e-06, 7.27728047423e-06, 3.64218817595e-06, 3.74323622054e-06, 4.56082761957e-06, 3.29150452671e-06, 1.61284856404e-06, 1.12011014153e-06, 1.09391089609e-06, 9.55429186433e-07, 9.1192742957e-07, 9.2153999276e-07, 8.88422675871e-07, 7.15997657608e-07, 6.20184664513e-07, 4.56910470348e-07, 4.62074694951e-07, 4.37237275719e-07],
        "dmean2": [0.00454127276316, 0.00190056778956, 0.000616100034676, 0.000302258093143, 0.000293398683425, 0.000208691344596, 0.000169804494362, 0.00018321335665, 0.000410147797083, 0.000469098740723, 0.000228258373681, 0.000209661986446, 0.000144754332723, 0.000104498671135, 5.57378225494e-05, 6.78402211634e-05, 4.49592407676e-05, 2.98750073853e-05, 2.13326966332e-05, 1.77078436536e-05, 1.24678772409e-05, 1.18473280963e-05, 1.40627689689e-05, 1.15423408715e-05, 5.91540447203e-06, 5.88005150348e-06, 6.89882244842e-06, 5.15229157827e-06, 2.60392084783e-06, 1.78168374987e-06, 1.76807031949e-06, 1.55539123625e-06, 1.46428112657e-06, 1.4756165001e-06, 1.41876796533e-06, 1.12279815312e-06, 9.64418632066e-07, 7.00344799043e-07, 7.10944732418e-07, 6.82406209762e-07],
        "dvar": [1.97305525944e-05, 5.4796769291e-06, 8.73244971444e-07, 1.18839174945e-07, 1.87661484574e-07, 1.1463501437e-07, 8.69266543191e-08, 1.05785701976e-07, 4.47905023293e-07, 6.43327496164e-07, 2.14319697989e-07, 2.01971005254e-07, 8.57926849562e-08, 3.54359386279e-08, 1.00084669441e-08, 2.08824015857e-08, 8.66055582804e-09, 2.57640686563e-09, 1.07396669335e-09, 7.60728480209e-10, 3.73349545724e-10, 3.63332558484e-10, 3.27667087907e-10, 2.67011690536e-10, 9.25261534057e-11, 8.01169963704e-11, 1.21373383566e-10, 6.86146209294e-11, 1.81485815959e-11, 9.08802373634e-12, 1.0128706901e-11, 6.99362442957e-12, 5.67207652374e-12, 4.68974512002e-12, 4.87273025748e-12, 2.67562404524e-12, 1.57412971546e-12, 1.10197224609e-12, 1.06110129364e-12, 1.01401450171e-12],
        "dvar2": [5.82262146054e-05, 1.48701938087e-05, 2.39674614022e-06, 3.09141654498e-07, 4.4838895974e-07, 2.72715482197e-07, 2.04081814559e-07, 2.42755589852e-07, 1.0075324326e-06, 1.5515636278e-06, 5.42274449344e-07, 5.30409124622e-07, 2.16636252048e-07, 8.4075338691e-08, 2.36923671793e-08, 5.15789757571e-08, 1.93441938023e-08, 6.02511462944e-09, 2.70515587708e-09, 1.80604720068e-09, 9.19587295201e-10, 8.03001887206e-10, 8.04260824605e-10, 6.42626118985e-10, 2.36428904232e-10, 1.87048071476e-10, 2.62568994325e-10, 1.60240321012e-10, 4.36265606973e-11, 1.95797770358e-11, 2.59492097948e-11, 1.78360642228e-11, 1.42784594911e-11, 1.17777185574e-11, 1.24209175931e-11, 6.3855414012e-12, 3.7748948932e-12, 2.43415357315e-12, 2.50478630892e-12, 2.36009128907e-12],
        "max": [0.0549200102687, 0.0292203892022, 0.0188324470073, 0.00628152163699, 0.0148163996637, 0.00858081318438, 0.00881114322692, 0.00956284534186, 0.014211146161, 0.0200227033347, 0.013310585171, 0.0115535696968, 0.00594994658604, 0.00460369884968, 0.00255649583414, 0.00326494057663, 0.00341539597139, 0.00145358173177, 0.000602163840085, 0.000768681580666, 0.000823135487735, 0.00129998777993, 0.000349901296431, 0.000305730936816, 0.000374321767595, 0.000213081279071, 0.000249129807344, 0.000185867742402, 0.000163401229656, 0.000118200194265, 5.42283451068e-05, 5.43215573998e-05, 5.52908204554e-05, 4.15093418269e-05, 5.54060206923e-05, 4.55338849861e-05, 2.88940354949e-05, 5.25840878254e-05, 3.59213627235e-05, 2.76747996395e-05],
        "mean": [0.00465312181041, 0.00230368808843, 0.000486004311824, 0.000323018844938, 0.000301766267512, 0.000198697976884, 0.000160201932886, 0.000176475106855, 0.000388497486711, 0.000470908824354, 0.000235110273934, 0.000211162492633, 0.000156820882694, 0.00011440461094, 5.47833114979e-05, 6.11231371295e-05, 3.97140538553e-05, 2.81660632027e-05, 2.05605483643e-05, 1.82366238732e-05, 1.31384231281e-05, 1.36998414746e-05, 1.39741214298e-05, 1.23038398669e-05, 6.31341072221e-06, 6.47446768198e-06, 7.94035531726e-06, 5.66803464608e-06, 2.57260762737e-06, 1.7953123006e-06, 1.67032760601e-06, 1.50365883655e-06, 1.48515835008e-06, 1.44568548421e-06, 1.4142915461e-06, 1.20909248835e-06, 1.0701642168e-06, 7.80431946623e-07, 7.74477371124e-07, 6.85573070314e-07],
        "median": [0.00278521561995, 0.00134978839196, 0.000209676771192, 0.000161809904967, 0.000131188076921, 7.22872355254e-05, 5.30476645508e-05, 4.98355620948e-05, 0.000101665398688, 8.03544535302e-05, 3.67270586139e-05, 3.37954043061e-05, 1.95933316718e-05, 2.41960678977e-05, 1.57010290422e-05, 1.2223320482e-05, 9.40665177041e-06, 7.63374828239e-06, 6.55457415633e-06, 5.71242844671e-06, 4.94732876177e-06, 4.96636630487e-06, 4.99216048411e-06, 4.24580366598e-06, 2.72532201961e-06, 2.25147596211e-06, 2.03637659979e-06, 1.6913768377e-06, 1.1596675904e-06, 9.2263451279e-07, 7.97253221663e-07, 7.32076159693e-07, 7.44798455798e-07, 7.11844847956e-07, 7.29177713765e-07, 6.40297173504e-07, 5.98376288963e-07, 4.36896016254e-07, 4.32799140526e-07, 3.49365194552e-07],
        "min": [5.25410314072e-24, 1.66344890273e-23, 1.74638011421e-23, 9.84632200525e-24, 8.86656464958e-24, 9.68503781546e-24, 1.83210247333e-23, 8.87866893131e-24, 1.44818422337e-23, 9.26115445209e-24, 1.69448868609e-23, 1.3459510055e-23, 1.10921345341e-23, 7.29446741739e-24, 7.14275526582e-24, 4.33319796402e-24, 7.58094383284e-24, 1.69957210576e-23, 1.01095199243e-23, 1.81334336101e-23, 9.9421693941e-24, 8.570867239e-24, 7.44842151165e-24, 9.57085572145e-24, 6.62168029462e-24, 1.01269592723e-23, 1.18158173848e-23, 9.0861772147e-24, 1.37716986028e-23, 1.02040546486e-23, 1.46582599311e-23, 9.57636433716e-24, 9.51280344744e-24, 1.00486466836e-23, 1.75576550794e-23, 1.4231408873e-23, 1.10302468184e-23, 9.3336988898e-24, 1.29356306833e-23, 1.1266019988e-23],
        "var": [3.35500553774e-05, 8.94281401997e-06, 7.56361203003e-07, 2.06747586162e-07, 3.12634455213e-07, 1.90840921732e-07, 1.49993113041e-07, 2.47151149324e-07, 9.27043970478e-07, 1.4418964156e-06, 5.10685879362e-07, 4.19167605514e-07, 2.08540086533e-07, 9.4808157769e-08, 1.99040250948e-08, 3.47013511259e-08, 1.34760131942e-08, 4.70729544233e-09, 1.65933500273e-09, 1.4483948485e-09, 7.744289654e-10, 1.77807979451e-09, 5.75662351121e-10, 5.7188048741e-10, 1.32152372379e-10, 1.56509055715e-10, 2.75039019337e-10, 1.60512200753e-10, 2.77866098186e-11, 1.40826803344e-11, 1.19157609127e-11, 8.69215029814e-12, 7.39060462135e-12, 6.2517851139e-12, 6.1613448718e-12, 4.00714617738e-12, 2.69189748617e-12, 1.87776573804e-12, 1.76670765691e-12, 1.55696809612e-12]
    },
    "mfcc": {
        "mean": [-662.231445312, 124.705497742, 6.28992986679, 8.98750209808, 4.56657600403, 1.67385411263, 6.39616107941, 11.94302845, 3.62108898163, 8.48437213898, 3.25061273575, 2.85303354263, 0.25056758523],
        "cov": [[5978.92675781, -1311.78161621, 218.087692261, 529.705993652, 255.747817993, 255.821807861, 325.085479736, 326.132263184, 202.199951172, 272.635742188, 205.554107666, 159.761825562, 186.191894531], [-1311.78161621, 1197.69995117, 32.9034004211, -106.01272583, 14.3990774155, -101.951255798, 25.3641872406, -41.6678733826, -98.4533004761, -10.3152666092, -14.258272171, 4.28608226776, -26.136631012], [218.087692261, 32.9034004211, 1220.50402832, 476.064971924, 435.459869385, 196.309860229, 56.1472663879, 27.3838863373, 15.1448383331, 16.539484024, 78.584526062, 110.881607056, 74.4554290771], [529.705993652, -106.01272583, 476.064971924, 618.712158203, 329.109100342, 229.40562439, 45.816078186, 69.3074417114, 78.0994644165, 35.154876709, 56.5679550171, 81.3508758545, 86.5865631104], [255.747817993, 14.3990774155, 435.459869385, 329.109100342, 448.184509277, 158.526702881, 31.4323158264, 32.456073761, 52.1960411072, 61.7735671997, 54.7381248474, 76.4893188477, 49.7569580078], [255.821807861, -101.951255798, 196.309860229, 229.40562439, 158.526702881, 274.850616455, 89.7534942627, 58.9170913696, 60.1402168274, 12.3991069794, 51.6569442749, 41.2364654541, 32.7808036804], [325.085479736, 25.3641872406, 56.1472663879, 45.816078186, 31.4323158264, 89.7534942627, 246.708511353, 104.201705933, 24.465921402, 36.259223938, 45.6800117493, 39.3683776855, 21.1709136963], [326.132263184, -41.6678733826, 27.3838863373, 69.3074417114, 32.456073761, 58.9170913696, 104.201705933, 160.30430603, 55.8617477417, 41.0402450562, 31.6503753662, 27.5540561676, 37.5256500244], [202.199951172, -98.4533004761, 15.1448383331, 78.0994644165, 52.1960411072, 60.1402168274, 24.465921402, 55.8617477417, 128.080413818, 52.6899833679, 26.3532142639, 18.5708580017, 16.2724933624], [272.635742188, -10.3152666092, 16.539484024, 35.154876709, 61.7735671997, 12.3991069794, 36.259223938, 41.0402450562, 52.6899833679, 142.975891113, 47.7669830322, 23.1718559265, 15.0482807159], [205.554107666, -14.258272171, 78.584526062, 56.5679550171, 54.7381248474, 51.6569442749, 45.6800117493, 31.6503753662, 26.3532142639, 47.7669830322, 95.7514953613, 37.3266105652, 14.9723091125], [159.761825562, 4.28608226776, 110.881607056, 81.3508758545, 76.4893188477, 41.2364654541, 39.3683776855, 27.5540561676, 18.5708580017, 23.1718559265, 37.3266105652, 90.1136398315, 40.0126533508], [186.191894531, -26.136631012, 74.4554290771, 86.5865631104, 49.7569580078, 32.7808036804, 21.1709136963, 37.5256500244, 16.2724933624, 15.0482807159, 14.9723091125, 40.0126533508, 89.7130203247]],
