{
"lowlevel": {
    "average_loudness": 0.684958875179,
    "barkbands_crest": {
        "dmean": 2.67316651344,
        "dmean2": 4.34822225571,
        "dvar": 5.57103395462,
        "dvar2": 14.6092510223,
        "max": 25.7252655029,
        "mean": 12.5584526062,
        "median": 11.9491939545,
        "min": 2.36225605011,
        "var": 20.8134441376
    },
    "barkbands_flatness_db": {
        "dmean": 0.0219375789165,
        "dmean2": 0.0336141251028,
        "dvar": 0.000380805664463,
        "dvar2": 0.000912048155442,
        "max": 0.433543294668,
        "mean": 0.184076920152,
        "median": 0.180296808481,
        "min": 0.0266400799155,
        "var": 0.00370063586161
    },
    "barkbands_kurtosis": {
        "dmean": 2.53427100182,
        "dmean2": 4.14865541458,
        "dvar": 22.9044685364,
        "dvar2": 60.7892227173,
        "max": 113.296127319,
        "mean": 3.43546581268,
        "median": 0.73278605938,
        "min": -1.80508232117,
        "var": 61.2438316345
    },
    "barkbands_skewness": {
        "dmean": 0.510883510113,
        "dmean2": 0.79971408844,
        "dvar": 0.30354693532,
        "dvar2": 0.738687217236,
        "max": 9.29246234894,
        "mean": 1.04001259804,
        "median": 0.688567340374,
        "min": -2.04459476471,
        "var": 2.25251460075
    },
    "barkbands_spread": {
        "dmean": 4.70322751999,
        "dmean2": 7.49843645096,
        "dvar": 31.0398960114,
        "dvar2": 76.1309661865,
        "max": 109.993232727,
        "mean": 19.9923267365,
        "median": 18.8213634491,
        "min": 1.01067340374,
        "var": 117.17401886
    },
    "dissonance": {
        "dmean": 0.0254286993295,
        "dmean2": 0.0428987443447,
        "dvar": 0.000669870642014,
        "dvar2": 0.00182231806684,
        "max": 0.5,
        "mean": 0.456712007523,
        "median": 0.468714058399,
        "min": 0.227998703718,
        "var": 0.00143559742719
    },
    "dynamic_complexity": 4.44038438797,
    "erbbands_crest": {
        "dmean": 3.24933004379,
        "dmean2": 5.08971261978,
        "dvar": 8.18992328644,
        "dvar2": 18.8045387268,
        "max": 32.9549446106,
        "mean": 13.0932617188,
        "median": 12.1171894073,
        "min": 2.20728731155,
        "var": 39.1053352356
    },
    "erbbands_flatness_db": {
        "dmean": 0.0200474336743,
        "dmean2": 0.0287231300026,
        "dvar": 0.000350985093974,
        "dvar2": 0.000622637337074,
        "max": 0.395176917315,
        "mean": 0.211081638932,
        "median": 0.212805241346,
        "min": 0.0488860048354,
        "var": 0.00420716591179
    },
    "erbbands_kurtosis": {
        "dmean": 1.51642155647,
        "dmean2": 2.32404446602,
        "dvar": 4.58971166611,
        "dvar2": 10.1900758743,
        "max": 50.5424232483,
        "mean": 2.26335525513,
        "median": 1.21857619286,
        "min": -1.72956526279,
        "var": 13.3909912109
    },
    "erbbands_skewness": {
        "dmean": 0.411767482758,
        "dmean2": 0.623603284359,
        "dvar": 0.142785400152,
        "dvar2": 0.316699326038,
        "max": 4.96845293045,
        "mean": 0.442616760731,
        "median": 0.368288040161,
        "min": -3.3471019268,
        "var": 0.981186270714
    },
    "erbbands_spread": {
        "dmean": 5.46686410904,
        "dmean2": 8.27056694031,
        "dvar": 48.4179000854,
        "dvar2": 102.610725403,
        "max": 163.611190796,
        "mean": 24.0628108978,
        "median": 19.0404491425,
        "min": 2.23885750771,
        "var": 266.32824707
    },
    "hfc": {
        "dmean": 5.15637588501,
        "dmean2": 7.75475502014,
        "dvar": 52.8139686584,
        "dvar2": 116.357543945,
        "max": 174.610671997,
        "mean": 21.9560832977,
        "median": 17.4261760712,
        "min": 1.12955522816e-16,
        "var": 371.877746582
    },
    "melbands_crest": {
        "dmean": 3.32593297958,
        "dmean2": 5.45299482346,
        "dvar": 10.0333843231,
        "dvar2": 27.0770111084,
        "max": 36.6095848083,
        "mean": 16.455915451,
        "median": 15.9433727264,
        "min": 1.7498691082,
        "var": 32.6439933777
    },
    "melbands_flatness_db": {
        "dmean": 0.0241540037096,
        "dmean2": 0.0373478978872,
        "dvar": 0.000515916966833,
        "dvar2": 0.00126438192092,
        "max": 0.575499117374,
        "mean": 0.236765399575,
        "median": 0.229875847697,
        "min": 0.00530980387703,
        "var": 0.00597393792123
    },
    "melbands_kurtosis": {
        "dmean": 5.69351625443,
        "dmean2": 9.20839500427,
        "dvar": 135.62789917,
        "dvar2": 352.944580078,
        "max": 244.360046387,
        "mean": 9.81288051605,
        "median": 2.062022686,
        "min": -1.80174100399,
        "var": 352.819549561
    },
    "melbands_skewness": {
        "dmean": 0.702328145504,
        "dmean2": 1.10241866112,
        "dvar": 0.64628636837,
        "dvar2": 1.53470814228,
        "max": 14.0053892136,
        "mean": 1.92894148827,
        "median": 1.4049526453,
        "min": -1.56520760059,
        "var": 4.16979074478
    },
    "melbands_spread": {
        "dmean": 5.63604879379,
        "dmean2": 8.96698188782,
        "dvar": 39.5189781189,
        "dvar2": 93.6223526001,
        "max": 172.685409546,
        "mean": 25.8339176178,
        "median": 24.5000686646,
        "min": 0.836624741554,
        "var": 268.999847412
    },
    "pitch_salience": {
        "dmean": 0.0645861923695,
        "dmean2": 0.106220513582,
        "dvar": 0.00352600938641,
        "dvar2": 0.00952372979373,
        "max": 0.928474724293,
        "mean": 0.469013333321,
        "median": 0.462400913239,
        "min": 0.0948159173131,
        "var": 0.0153788533062
    },
    "silence_rate_20dB": {
        "dmean": 0,
        "dmean2": 0,
        "dvar": 0,
        "dvar2": 0,
        "max": 1,
        "mean": 1,
        "median": 1,
        "min": 1,
        "var": 0
    },
    "silence_rate_30dB": {
        "dmean": 0.00195098156109,
        "dmean2": 0.00390243902802,
        "dvar": 0.00194717943668,
        "dvar2": 0.0055945427157,
        "max": 1,
        "mean": 0.998658835888,
        "median": 1,
        "min": 0,
        "var": 0.00133939541411
    },
    "silence_rate_60dB": {
        "dmean": 0.00195098156109,
        "dmean2": 0.00390243902802,
        "dvar": 0.00194718269631,
        "dvar2": 0.00535065261647,
        "max": 1,
        "mean": 0.0664472058415,
        "median": 0,
        "min": 0,
        "var": 0.0620411485434
    },
    "spectral_centroid": {
        "dmean": 184.659667969,
        "dmean2": 280.353912354,
        "dvar": 54021.5507812,
        "dvar2": 105005.984375,
        "max": 11065.8886719,
        "mean": 1416.9161377,
        "median": 1330.36962891,
        "min": 176.486480713,
        "var": 311439
    },
    "spectral_complexity": {
        "dmean": 2.4672601223,
        "dmean2": 3.96170735359,
        "dvar": 6.33275699615,
        "dvar2": 14.3226079941,
        "max": 44,
        "mean": 14.5609607697,
        "median": 14,
        "min": 0,
        "var": 52.6982955933
    },
    "spectral_decrease": {
        "dmean": 1.95051841345e-09,
        "dmean2": 3.13957193576e-09,
        "dvar": 5.59261154845e-18,
        "dvar2": 1.54121714482e-17,
        "max": -1.02633047478e-28,
        "mean": -7.29787608122e-09,
        "median": -6.20974827115e-09,
        "min": -3.45273321045e-08,
        "var": 2.54122722019e-17
    },
    "spectral_energy": {
        "dmean": 0.00771838799119,
        "dmean2": 0.0123751433566,
        "dvar": 8.68409260875e-05,
        "dvar2": 0.000235781728406,
        "max": 0.138263404369,
        "mean": 0.0295353755355,
        "median": 0.0249391999096,
        "min": 1.06327556928e-20,
        "var": 0.00041966084973
    },
    "spectral_energyband_high": {
        "dmean": 0.000140099306009,
        "dmean2": 0.000209259087569,
        "dvar": 9.31675501192e-08,
        "dvar2": 1.77827445214e-07,
        "max": 0.0208757761866,
        "mean": 0.000367042201106,
        "median": 0.000216082175029,
        "min": 7.71990459693e-21,
        "var": 2.85761274199e-07
    },
    "spectral_energyband_low": {
        "dmean": 0.00462925201282,
        "dmean2": 0.00788745284081,
        "dvar": 4.77574321849e-05,
        "dvar2": 0.000146695078001,
        "max": 0.0710285454988,
        "mean": 0.0108625795692,
        "median": 0.009740550071,
        "min": 8.79450788568e-23,
        "var": 7.72309067543e-05
    },
    "spectral_energyband_middle_high": {
        "dmean": 0.00369379273616,
        "dmean2": 0.00556727917865,
        "dvar": 4.09314343415e-05,
        "dvar2": 9.93484645733e-05,
        "max": 0.125490173697,
        "mean": 0.0124169802293,
        "median": 0.00577614270151,
        "min": 1.57152300456e-21,
        "var": 0.000240727706114
    },
    "spectral_energyband_middle_low": {
        "dmean": 0.00260866433382,
        "dmean2": 0.0038954296615,
        "dvar": 1.95584580069e-05,
        "dvar2": 4.15270769736e-05,
        "max": 0.0646613240242,
        "mean": 0.00650542974472,
        "median": 0.00313152605668,
        "min": 2.65400803612e-22,
        "var": 7.58147725719e-05
    },
    "spectral_entropy": {
        "dmean": 0.145311146975,
        "dmean2": 0.213818565011,
        "dvar": 0.0197590049356,
        "dvar2": 0.0369602888823,
        "max": 9.81096935272,
        "mean": 7.36379957199,
        "median": 7.36941051483,
        "min": 5.78999042511,
        "var": 0.206655234098
    },
    "spectral_flux": {
        "dmean": 0.0245525166392,
        "dmean2": 0.039010938257,
        "dvar": 0.000626971188467,
        "dvar2": 0.00151339790318,
        "max": 0.373061329126,
        "mean": 0.0842877775431,
        "median": 0.0779564529657,
        "min": 1.03115252448e-10,
        "var": 0.00220742123201
    },
    "spectral_kurtosis": {
        "dmean": 2.17331528664,
        "dmean2": 3.7512550354,
        "dvar": 6.51182079315,
        "dvar2": 19.7260017395,
        "max": 38.2527580261,
        "mean": 5.90204524994,
        "median": 5.31813430786,
        "min": -1.18923556805,
        "var": 12.7906532288
    },
    "spectral_rms": {
        "dmean": 0.000670396839269,
        "dmean2": 0.00106326933019,
        "dvar": 4.80604342101e-07,
        "dvar2": 1.2621770793e-06,
        "max": 0.011614263989,
        "mean": 0.0049870214425,
        "median": 0.0049326387234,
        "min": 3.220779329e-12,
        "var": 3.94468543163e-06
    },
    "spectral_rolloff": {
        "dmean": 299.342559814,
        "dmean2": 508.172576904,
        "dvar": 332315.96875,
        "dvar2": 737353.9375,
        "max": 18669.2871094,
        "mean": 1262.01916504,
        "median": 1141.25976562,
        "min": 43.06640625,
        "var": 1124242.75
    },
    "spectral_skewness": {
        "dmean": 0.250889629126,
        "dmean2": 0.414831221104,
        "dvar": 0.0574394911528,
        "dvar2": 0.161493420601,
        "max": 4.4064617157,
        "mean": 1.72832620144,
        "median": 1.70977139473,
        "min": -0.0290408637375,
        "var": 0.211050987244
    },
    "spectral_spread": {
        "dmean": 455768.875,
        "dmean2": 660536.8125,
        "dvar": 562171740160,
        "dvar2": 821616050176,
        "max": 41027940,
        "mean": 3804718.25,
        "median": 3508460,
        "min": 1179767.125,
        "var": 2.33743817114e+12
    },
    "spectral_strongpeak": {
        "dmean": 0.844503879547,
        "dmean2": 1.41026055813,
        "dvar": 1.81312930584,
        "dvar2": 4.6425819397,
        "max": 15.0690755844,
        "mean": 1.98853886127,
        "median": 0.366661965847,
        "min": 0,
        "var": 6.70544433594
    },
    "zerocrossingrate": {
        "dmean": 0.0064355363138,
        "dmean2": 0.00787776336074,
        "dvar": 8.49928183015e-05,
        "dvar2": 9.98386676656e-05,
        "max": 0.57958984375,
        "mean": 0.0516338087618,
        "median": 0.04736328125,
        "min": 0.0029296875,
        "var": 0.000910388422199
    },
    "barkbands": {
        "dmean": [0.000873093493283, 0.00375589332543, 0.000862151850015, 0.000218282191781, 0.000334345386364, 0.000742757401895, 0.000420943135396, 0.000245391187491, 0.00122705381364, 0.00280535384081, 0.000592608237639, 0.000533510523383, 0.000524985603988, 0.000623951898888, 0.000376870681066, 0.000424160127295, 0.000187463170732, 0.00015294959303, 6.92785615684e-05, 8.59453139128e-05, 3.98294323531e-05, 1.94555595954e-05, 2.3845839678e-05, 2.17463766603e-05, 2.00798440346e-05, 6.14683358435e-06, 3.27577311054e-07],
        "dmean2": [0.001533078379, 0.00630465708673, 0.0014121242566, 0.000373888760805, 0.000546206661966, 0.00114584574476, 0.000664347375277, 0.000402692123316, 0.00186028552707, 0.00431906757876, 0.000891991774552, 0.000808694341686, 0.000809979566839, 0.000923257728573, 0.000592958647758, 0.000678113370668, 0.000289288902422, 0.000248216005275, 0.000111893663416, 0.00013194703206, 6.29737551208e-05, 2.98784761981e-05, 3.58734469046e-05, 3.25337932736e-05, 3.0611307011e-05, 8.73187582329e-06, 5.42913539903e-07],
        "dvar": [4.06367507821e-06, 3.13992895826e-05, 3.36660650646e-06, 3.63833521533e-07, 6.36051311176e-07, 4.42765258413e-06, 1.83595443559e-06, 9.48274760049e-07, 1.00576144177e-05, 3.91775174649e-05, 3.45508533428e-06, 2.32028060054e-06, 2.42273108597e-06, 1.94888298211e-06, 7.56743304464e-07, 2.51181859312e-06, 6.20097637238e-07, 2.25926655162e-07, 1.64197118124e-08, 2.87963324297e-08, 1.04769970477e-08, 4.51077575292e-09, 5.63771207496e-09, 3.31038330081e-09, 3.81936793303e-09, 4.79729866942e-10, 2.95507867308e-12],
        "dvar2": [1.25008828036e-05, 9.27120418055e-05, 9.10775179364e-06, 1.08038636881e-06, 1.55021109549e-06, 9.51368929236e-06, 4.18289300796e-06, 2.38418897425e-06, 2.04999396374e-05, 9.56431758823e-05, 7.22613003745e-06, 4.66574283564e-06, 5.1798979257e-06, 4.02084197049e-06, 1.81193172466e-06, 6.57537793813e-06, 1.3145028106e-06, 6.16361091943e-07, 3.95755712645e-08, 6.39824691007e-08, 2.43315803061e-08, 9.37575084237e-09, 8.79776340668e-09, 6.84369449999e-09, 7.57737961266e-09, 8.09764644227e-10, 7.13946003011e-12],
        "max": [0.0295543670654, 0.0584270432591, 0.0327756181359, 0.0154075231403, 0.0211156327277, 0.0451769158244, 0.0541086159647, 0.0295878313482, 0.0611333921552, 0.101808123291, 0.0588694922626, 0.0424511022866, 0.0573934987187, 0.0315966270864, 0.014244091697, 0.0425766669214, 0.0377294495702, 0.0265200752765, 0.00264148181304, 0.0065841129981, 0.00373667827807, 0.0039625368081, 0.00589433917776, 0.00245332648046, 0.00200087320991, 0.00108343537431, 4.92513609061e-05],
        "mean": [0.00122561154421, 0.00803606491536, 0.00166326225735, 0.000294049270451, 0.000517219246831, 0.00123194698244, 0.000633505580481, 0.000347018853063, 0.00204488355666, 0.00655332254246, 0.00117691606283, 0.00105666497257, 0.000890771625564, 0.00111423106864, 0.000635376898572, 0.000905659573618, 0.000331959075993, 0.000281107466435, 0.000143472512718, 0.000202082315809, 7.52068226575e-05, 3.55558149749e-05, 4.59932307422e-05, 4.35771580669e-05, 3.83248661819e-05, 1.11864619612e-05, 4.11971143421e-07],
        "median": [0.000461326591903, 0.006789250765, 0.00106901861727, 0.000113166854135, 0.000191165046999, 0.00030333281029, 0.000187567886314, 9.14424890652e-05, 0.000318040227285, 0.000483258336317, 0.000111233966891, 0.000206036420423, 0.000282183667878, 0.000215741398279, 0.000135936992592, 9.88994870568e-05, 9.86539089354e-05, 0.000151706233737, 8.23020818643e-05, 8.42658628244e-05, 3.11910443997e-05, 1.21757029774e-05, 1.9312632503e-05, 1.61426396517e-05, 1.07874147943e-05, 9.69159486885e-07, 1.65253544182e-09],
        "min": [2.81217099519e-24, 4.90094541736e-23, 3.04424988976e-23, 7.88695717747e-24, 4.1417665081e-23, 4.65750546636e-23, 5.29226807355e-23, 2.03699994268e-23, 7.97993516366e-23, 1.26343621792e-22, 6.06235377368e-23, 2.10123300499e-22, 6.1289550911e-23, 1.19302413435e-22, 1.28966275069e-22, 1.68547768574e-22, 1.46807557198e-22, 1.83535986934e-22, 2.26815534145e-22, 3.37111642532e-22, 4.46580797499e-22, 7.30856278404e-22, 6.88502248051e-22, 1.17496492467e-21, 1.06524171862e-21, 1.60169449818e-21, 2.15254751073e-21],
        "var": [5.53502195544e-06, 5.03153642057e-05, 4.42398595624e-06, 4.26932274422e-07, 1.16636169878e-06, 1.00344996099e-05, 3.32383365276e-06, 1.2658272226e-06, 2.57777846855e-05, 0.000175277134986, 1.33202474899e-05, 8.82680615177e-06, 5.20050298292e-06, 5.66610788155e-06, 1.77278684532e-06, 1.02377844087e-05, 9.6034273156e-07, 2.69034700295e-07, 3.65869894381e-08, 9.78147411956e-08, 2.36129551467e-08, 8.94060736556e-09, 1.49629961754e-08, 8.32704305509e-09, 8.48480308235e-09, 1.18732346177e-09, 5.70102602279e-12]
    },
    "erbbands": {
        "dmean": [0.166794881225, 0.700377225876, 1.0810354948, 0.740614056587, 0.709360182285, 1.19163763523, 3.3500919342, 7.55010604858, 7.08712673187, 3.56040740013, 7.04354953766, 25.1948451996, 62.1685600281, 72.4568862915, 24.6961574554, 22.5742855072, 22.8193531036, 25.5262527466, 24.4820632935, 20.4913673401, 15.1858301163, 9.39134120941, 8.03012752533, 5.34049940109, 2.95918130875, 4.26564264297, 2.39118885994, 0.992840886116, 0.726530849934, 0.699503898621, 0.687174141407, 0.455456256866, 0.395414888859, 0.267980217934, 0.130792602897, 0.0367221273482, 0.00994012504816, 0.00154271500651, 4.92964900332e-05, 9.631080502e-06],
        "dmean2": [0.28703969717, 1.15540969372, 1.75953292847, 1.24580776691, 1.18431067467, 1.93519449234, 5.42098522186, 11.796128273, 10.8579969406, 5.73633337021, 11.3048410416, 38.2902069092, 93.390083313, 106.447601318, 35.1382789612, 33.5850410461, 33.868888855, 37.8590354919, 37.7015571594, 31.7369327545, 23.6263027191, 14.3377790451, 12.8621120453, 8.54766750336, 4.60360431671, 6.59167671204, 3.70632958412, 1.55276358128, 1.12468707561, 1.06760513783, 1.05126392841, 0.684331417084, 0.59858995676, 0.416522681713, 0.194156423211, 0.0529412925243, 0.0141171021387, 0.00231561111286, 7.59697213653e-05, 1.53180408233e-05],
        "dvar": [0.0869572162628, 0.996689975262, 4.53273534775, 3.01666283607, 2.4629201889, 9.49373722076, 103.55405426, 615.991027832, 486.811645508, 119.118721008, 582.489379883, 4982.47998047, 17840.6386719, 34660.3164062, 4809.73583984, 4137.91894531, 4044.13012695, 3666.50488281, 3360.9128418, 4125.47265625, 3825.39160156, 1593.45129395, 580.727050781, 244.414993286, 32.486038208, 73.3518218994, 32.1095809937, 10.8027353287, 6.22299528122, 6.89971590042, 4.60266685486, 1.63439404964, 1.11067914963, 0.590896248817, 0.215748459101, 0.0170389600098, 0.00139192363713, 3.90755449189e-05, 7.30174249952e-08, 1.76361619753e-10],
        "dvar2": [0.267017006874, 2.79849219322, 12.1926050186, 8.58083343506, 6.65198040009, 21.969373703, 255.398925781, 1358.91052246, 1073.7265625, 293.53338623, 1433.14550781, 10188.8300781, 38119.5039062, 79176.65625, 9020.36230469, 8071.27685547, 8255.921875, 7672.45458984, 8086.30175781, 10180.9599609, 9587.47851562, 3325.44213867, 1480.9708252, 634.920837402, 74.1298828125, 166.764694214, 77.1180877686, 23.6052799225, 13.2206497192, 12.8336820602, 7.75845384598, 3.27171063423, 2.38287329674, 1.267100811, 0.415855169296, 0.0307844784111, 0.00250888150185, 7.89331897977e-05, 1.70616360151e-07, 4.52167969733e-10],
        "max": [3.05667352676, 12.4260139465, 41.7128562927, 35.6317405701, 28.9718284607, 108.956314087, 296.922027588, 537.998779297, 807.494384766, 340.793792725, 710.474975586, 1699.1842041, 2198.99121094, 3520.16186523, 2085.22583008, 2302.61669922, 2378.55273438, 1352.55187988, 1149.51672363, 1871.78857422, 2959.30834961, 1812.54833984, 932.833374023, 942.755310059, 137.429428101, 260.61315918, 245.75579834, 183.943405151, 137.919036865, 201.492660522, 153.323791504, 78.5898666382, 28.2411346436, 16.600233078, 18.6226921082, 6.66995429993, 1.49811923504, 0.186805546284, 0.00902534089983, 0.000375190895284],
        "mean": [0.31057035923, 1.49505925179, 2.20034909248, 1.3215328455, 1.11060321331, 1.77008605003, 5.07338142395, 11.757604599, 11.4977636337, 5.68732070923, 11.2588272095, 44.893989563, 138.756958008, 163.312271118, 50.1665725708, 48.773639679, 42.9523620605, 50.8931045532, 51.1585083008, 44.5697250366, 31.5866413116, 18.5204200745, 15.5203590393, 11.4266757965, 7.11958265305, 9.87116718292, 5.1943154335, 2.02840662003, 1.3275936842, 1.28343451023, 1.31644260883, 0.877963721752, 0.765496492386, 0.504361152649, 0.233284562826, 0.0657803341746, 0.01752272062, 0.00260233087465, 8.70187941473e-05, 3.76759126084e-05],
        "median": [0.24127908051, 1.25535869598, 1.53089332581, 0.835945129395, 0.447096347809, 0.630393385887, 1.38978791237, 2.64504051208, 3.26776075363, 2.18890237808, 3.66964387894, 10.0562849045, 18.9935283661, 16.7568283081, 11.7641134262, 12.1489391327, 15.7276191711, 15.3577070236, 12.8530464172, 7.76917505264, 5.72646284103, 5.91439723969, 8.97381973267, 6.7870464325, 3.9895658493, 4.06908130646, 2.56580448151, 0.768025279045, 0.453754246235, 0.483189195395, 0.550030112267, 0.335474729538, 0.265019714832, 0.154673248529, 0.0518213883042, 0.0093682333827, 0.000971663219389, 4.95815766044e-05, 2.17204014916e-05, 3.20071449096e-05],
        "min": [9.55406936093e-22, 1.29819413623e-20, 3.41183568345e-20, 3.4361166656e-20, 3.73733093137e-20, 1.98980144581e-19, 1.57122388668e-19, 5.78341471541e-19, 9.97297233162e-19, 2.08705966203e-19, 9.24653197792e-19, 1.7939254128e-18, 2.08547928177e-18, 4.54189612871e-18, 3.51951950315e-18, 8.64885820979e-18, 3.67526851351e-18, 3.89765891633e-18, 7.83725754407e-18, 1.11317988099e-17, 6.2368884655e-18, 9.25325509514e-18, 7.4633164861e-18, 1.17167933468e-17, 1.33275836603e-17, 1.54142973023e-17, 1.36051151635e-17, 2.42863817809e-17, 2.60582820624e-17, 2.14024149209e-17, 1.90276869158e-17, 1.92943864889e-17, 2.2142713445e-17, 9.68506736313e-18, 9.50321666855e-18, 5.91502959402e-18, 2.70336582855e-18, 1.20668508053e-18, 2.80760221796e-19, 3.28669747393e-20],
        "var": [0.106680393219, 1.82913446426, 6.28888702393, 3.68412923813, 4.15315580368, 15.4747362137, 169.172805786, 1188.11499023, 1042.46728516, 172.322265625, 873.724487305, 13174.3603516, 69781.0625, 145252.609375, 16039.78125, 15300.4863281, 10176.875, 11653.9824219, 10334.2226562, 18608.2910156, 7941.45849609, 2678.08056641, 878.887817383, 325.17880249, 92.2081375122, 240.775848389, 64.9583358765, 30.8777141571, 12.048664093, 14.4148578644, 11.9064979553, 3.70317435265, 2.73207473755, 1.24339818954, 0.434165000916, 0.0374180413783, 0.00342821632512, 0.000107201951323, 1.20699326089e-07, 7.53081708105e-10]
    },
    "gfcc": {
        "mean": [-36.7290916443, 108.147232056, -143.59828186, 29.1637020111, -47.1360549927, 29.7410755157, -20.1828193665, 20.8032073975, -14.9321832657, 0.842554926872, -0.0604312419891, -5.42982196808, 2.82592654228],
        "cov": [[6481.33447266, -801.625854492, 747.808654785, 174.67199707, 14.9616756439, 772.645263672, -268.045196533, 383.190856934, -345.524353027, 364.193908691, -113.283821106, 207.90953064, 32.2595291138], [-801.625854492, 2209.98999023, 181.362518311, 356.801086426, 549.265258789, -188.266616821, 631.704650879, -334.015106201, 280.647399902, -224.766296387, 391.654968262, -263.763000488, 152.509338379], [747.808654785, 181.362518311, 1339.64953613, 399.932739258, 260.897247314, 199.675445557, -67.1045455933, 60.2829360962, -107.515769958, 221.566146851, 2.06828260422, 148.228164673, -138.096786499], [174.67199707, 356.801086426, 399.932739258, 519.167175293, 163.291793823, 20.7514743805, 16.4361667633, -73.6227722168, 61.1849517822, 28.4839191437, 111.069297791, -2.52689433098, 7.8579044342], [14.9616756439, 549.265258789, 260.897247314, 163.291793823, 505.567169189, 24.3336391449, 203.274932861, -9.99997615814, 48.8048820496, 59.9518508911, 41.4597549438, 3.1512606144, 19.972070694], [772.645263672, -188.266616821, 199.675445557, 20.7514743805, 24.3336391449, 355.756378174, 30.8115673065, 89.5774459839, -65.0422210693, 29.6645412445, 4.53416919708, -7.05491542816, -4.20963048935], [-268.045196533, 631.704650879, -67.1045455933, 16.4361667633, 203.274932861, 30.8115673065, 511.553771973, -95.0106658936, 39.1674156189, -92.4876174927, 132.334365845, -98.763420105, 17.7489700317], [383.190856934, -334.015106201, 60.2829360962, -73.6227722168, -9.99997615814, 89.5774459839, -95.0106658936, 225.721221924, -25.5423984528, 64.8807601929, -76.2034835815, 39.138584137, 25.7424049377], [-345.524353027, 280.647399902, -107.515769958, 61.1849517822, 48.8048820496, -65.0422210693, 39.1674156189, -25.5423984528, 238.74836731, -75.0360183716, 33.2240028381, -42.8793678284, 70.0012054443], [364.193908691, -224.766296387, 221.566146851, 28.4839191437, 59.9518508911, 29.6645412445, -92.4876174927, 64.8807601929, -75.0360183716, 204.029571533, -32.6270980835, 79.3519592285, -54.6235542297], [-113.283821106, 391.654968262, 2.06828260422, 111.069297791, 41.4597549438, 4.53416919708, 132.334365845, -76.2034835815, 33.2240028381, -32.6270980835, 239.78855896, -59.7100639343, 34.1776046753], [207.90953064, -263.763000488, 148.228164673, -2.52689433098, 3.1512606144, -7.05491542816, -98.763420105, 39.138584137, -42.8793678284, 79.3519592285, -59.7100639343, 172.030593872, -43.6527023315], [32.2595291138, 152.509338379, -138.096786499, 7.8579044342, 19.972070694, -4.20963048935, 17.7489700317, 25.7424049377, 70.0012054443, -54.6235542297, 34.1776046753, -43.6527023315, 179.178436279]],
        "icov": [[0.000268562551355, -0.000204349693377, 0.00011262310727, -0.00016903076903, 0.000202585317311, -0.000634678697679, 0.000112549729238, -0.000231075653573, 0.00029004694079, -0.000410101580201, 0.000218382207095, -0.000353768817149, -0.000161827207194], [-0.000204349693377, 0.00282909790985, -0.00128615298308, 0.000512440048624, -0.00200978084467, 0.00206863926724, -0.00126193603501, 0.00193133507855, -0.00128174980637, 0.00182147440501, -0.00211563007906, 0.00245803315192, -0.00120637833606], [0.00011262310727, -0.00128615298308, 0.00214184378274, -0.00133940728847, 0.00045071830391, -0.00159803533461, 0.000694867921993, -0.00115765689407, 0.000906892353669, -0.00140626751818, 0.000990958069451, -0.00181611464359, 0.00137916614767], [-0.00016903076903, 0.000512440048624, -0.00133940728847, 0.00364121911116, -0.00100436876528, 0.000577697821427, 0.000441665935796, 0.00158256222494, -0.00120337645058, 0.000517378386576, -0.00162979448214, 0.000879044644535, -0.000590428709984], [0.000202585317311, -0.00200978084467, 0.00045071830391, -0.00100436876528, 0.0048080580309, -0.00137023674324, -0.000892554002348, -0.00144697434735, 0.000201070943149, -0.00293276808225, 0.00217166938819, -0.0019153796602, -5.97276557528e-05], [-0.000634678697679, 0.00206863926724, -0.00159803533461, 0.000577697821427, -0.00137023674324, 0.00623058807105, -0.00147809041664, -0.000166377605638, -0.000371202186216, 0.00224455213174, -0.0019019987667, 0.00286820693873, -0.00054315791931], [0.000112549729238, -0.00126193603501, 0.000694867921993, 0.000441665935796, -0.000892554002348, -0.00147809041664, 0.00415911199525, -0.000151334272232, 0.000811638426967, 0.000629213755019, -0.000513058621436, -0.000258307176409, 0.00115420087241], [-0.000231075653573, 0.00193133507855, -0.00115765689407, 0.00158256222494, -0.00144697434735, -0.000166377605638, -0.000151334272232, 0.008520077914, -0.00142678793054, -0.000615700439084, -6.07930669503e-05, 0.00143059238326, -0.00288576609455], [0.00029004694079, -0.00128174980637, 0.000906892353669, -0.00120337645058, 0.000201070943149, -0.000371202186216, 0.000811638426967, -0.00142678793054, 0.00660414481536, 0.000787846976891, 0.000928084424231, -0.000958213000558, -0.000866452581249], [-0.000410101580201, 0.00182147440501, -0.00140626751818, 0.000517378386576, -0.00293276808225, 0.00224455213174, 0.000629213755019, -0.000615700439084, 0.000787846976891, 0.0102980686352, -0.0023221957963, 7.82342031016e-05, 0.0011163414456], [0.000218382207095, -0.00211563007906, 0.000990958069451, -0.00162979448214, 0.00217166938819, -0.0019019987667, -0.000513058621436, -6.07930669503e-05, 0.000928084424231, -0.0023221957963, 0.00779369939119, -0.00087829498807, -0.000401657889597], [-0.000353768817149, 0.00245803315192, -0.00181611464359, 0.000879044644535, -0.0019153796602, 0.00286820693873, -0.000258307176409, 0.00143059238326, -0.000958213000558, 7.82342031016e-05, -0.00087829498807, 0.0106329349801, -0.00020961111295], [-0.000161827207194, -0.00120637833606, 0.00137916614767, -0.000590428709984, -5.97276557528e-05, -0.00054315791931, 0.00115420087241, -0.00288576609455, -0.000866452581249, 0.0011163414456, -0.000401657889597, -0.00020961111295, 0.00872436631471]]
    },
    "melbands": {
        "dmean": [0.00123341020662, 0.000637477322016, 0.000123044330394, 6.62969177938e-05, 9.97327297227e-05, 0.000158566865139, 0.000101288467704, 3.89825581806e-05, 6.93623078405e-05, 0.000181213385076, 0.000334456504788, 0.000325573695591, 8.20769419079e-05, 6.8137946073e-05, 6.52831658954e-05, 4.73047621199e-05, 5.38850617886e-05, 4.90352649649e-05, 2.15261788981e-05, 3.81088502763e-05, 1.47553710121e-05, 1.04099453893e-05, 1.02689145933e-05, 7.18342380424e-06, 4.63113974547e-06, 2.43579052039e-06, 2.61869990936e-06, 3.22778464579e-06, 1.92948095901e-06, 9.83483573691e-07, 5.33862987595e-07, 4.5189963771e-07, 3.94715840457e-07, 4.26377340546e-07, 4.41601798684e-07, 3.68336372958e-07, 2.74383410215e-07, 2.93198297641e-07, 2.82906512439e-07, 2.34545481703e-07],
        "dmean2": [0.00210738182068, 0.00104648130946, 0.000206603566767, 0.000108222629933, 0.000159951450769, 0.000245888921199, 0.000156298046932, 6.32144219708e-05, 0.000111234301585, 0.000274353893474, 0.000503419199958, 0.000486216536956, 0.000121669771033, 9.94478541543e-05, 9.60811084951e-05, 7.18898736523e-05, 8.07548130979e-05, 7.44243880035e-05, 3.30520015268e-05, 6.02644249739e-05, 2.28030075959e-05, 1.59088504006e-05, 1.62106080097e-05, 1.15978245958e-05, 7.45992247175e-06, 3.88894841308e-06, 4.09239510191e-06, 5.0325625125e-06, 3.02065791402e-06, 1.565626917e-06, 8.45184274567e-07, 7.07694766788e-07, 6.17592377239e-07, 6.65075731376e-07, 6.90538627168e-07, 5.74967316425e-07, 4.21890348434e-07, 4.53214511253e-07, 4.38631303723e-07, 3.68126023886e-07],
        "dvar": [4.06506160289e-06, 1.02451383555e-06, 7.90859076005e-08, 2.11207940026e-08, 8.49426697869e-08, 2.37090176824e-07, 9.72257083731e-08, 1.68787224197e-08, 4.8933785024e-08, 2.43477046524e-07, 4.95020174185e-07, 7.15178657629e-07, 6.21411757606e-08, 4.36734950426e-08, 6.19611597585e-08, 1.31748985055e-08, 1.78498442693e-08, 1.43186209556e-08, 2.57663801406e-09, 2.10921236032e-08, 5.34941291264e-09, 1.92947324784e-09, 2.09869099876e-09, 5.74851333202e-10, 1.68723021665e-10, 2.29040710009e-11, 3.24764728998e-11, 4.3673179656e-11, 2.2735443736e-11, 7.5815013989e-12, 4.1022216006e-12, 2.06837758726e-12, 2.8244923761e-12, 2.33803948424e-12, 2.10046259899e-12, 1.04720735122e-12, 7.15972094979e-13, 6.11810894915e-13, 6.09610777656e-13, 4.82444108534e-13],
        "dvar2": [1.23886875372e-05, 2.7920023058e-06, 2.25815597332e-07, 5.06862605221e-08, 2.03493982553e-07, 5.13978307026e-07, 2.17274774172e-07, 4.12574792108e-08, 1.15920599342e-07, 4.95059509831e-07, 1.06689628865e-06, 1.70417672507e-06, 1.27157150587e-07, 8.79056187841e-08, 1.3574259583e-07, 2.486965478e-08, 3.76297784044e-08, 3.28891474055e-08, 5.9925033824e-09, 5.5473346805e-08, 1.32759261362e-08, 4.25670831916e-09, 4.5374544122e-09, 1.55330326379e-09, 4.35406932731e-10, 5.42655261004e-11, 7.32715901841e-11, 1.01924128859e-10, 5.56718213196e-11, 1.8292867221e-11, 9.34563364197e-12, 4.51346642352e-12, 6.19066603536e-12, 4.27994618912e-12, 3.95200018544e-12, 2.1920746468e-12, 1.66097073161e-12, 1.36983718639e-12, 1.34176675846e-12, 1.07370666177e-12],
        "max": [0.0210752654821, 0.0179575886577, 0.00582294771448, 0.00398274185136, 0.00820523593575, 0.0103832054883, 0.0122963506728, 0.00520382914692, 0.00582497380674, 0.0111610963941, 0.0115656945854, 0.0155784320086, 0.00832975842059, 0.0061022839509, 0.0134935081005, 0.00440123071894, 0.00305869500153, 0.00240129046142, 0.00100847857539, 0.00392621336505, 0.0039577735588, 0.00216786260717, 0.00269662193023, 0.00152383372188, 0.000715470523573, 0.000149514977238, 0.000129856562125, 0.000197044035303, 0.000187718178495, 9.80657277978e-05, 0.000125927239424, 6.20379360043e-05, 0.000115314207505, 0.000111162589747, 9.69007305684e-05, 5.0243226724e-05, 5.03346855112e-05, 2.24632949539e-05, 1.73769203684e-05, 1.47321852637e-05],
        "mean": [0.00254629529081, 0.00143456156366, 0.000229469238548, 0.000102284931927, 0.000158391645527, 0.000258127372945, 0.000162475611432, 5.96061581746e-05, 0.000103644757473, 0.000310844101477, 0.000742027768865, 0.00073551479727, 0.000159786257427, 0.000125414851937, 0.000118964635476, 7.7733398939e-05, 9.8006123153e-05, 9.17162469705e-05, 3.85802632081e-05, 8.15139719634e-05, 2.51800502156e-05, 1.77746223926e-05, 1.73525604623e-05, 1.31473589136e-05, 8.90958654054e-06, 5.04601530338e-06, 5.48209300177e-06, 6.91586910762e-06, 3.78917616217e-06, 1.7425330725e-06, 9.72108068709e-07, 7.51071411287e-07, 6.57713769669e-07, 7.39007134598e-07, 7.90612830315e-07, 6.49754497317e-07, 4.86348142203e-07, 5.33556544724e-07, 4.96229176861e-07, 4.10335189827e-07],
        "median": [0.00206996593624, 0.00119010801427, 0.000149162282469, 3.65361047443e-05, 4.59574730485e-05, 6.05188834015e-05, 4.69920996693e-05, 2.00282374863e-05, 2.79829291685e-05, 5.04714553244e-05, 8.1398524344e-05, 4.66402634629e-05, 1.93598680198e-05, 2.50371303991e-05, 3.09703682433e-05, 2.56272578554e-05, 1.96384262381e-05, 1.67140024132e-05, 8.59777355799e-06, 7.31494128559e-06, 5.80906043979e-06, 5.20531648363e-06, 6.47785327601e-06, 6.62980619381e-06, 4.77924777442e-06, 2.81567872662e-06, 2.28423800763e-06, 2.63392848865e-06, 1.64530263191e-06, 6.84230371917e-07, 2.64503000835e-07, 2.33086637991e-07, 1.96176529244e-07, 2.74433489267e-07, 3.2739583844e-07, 2.41874658968e-07, 1.75358465526e-07, 1.79418591983e-07, 1.63945912846e-07, 1.14038620325e-07],
        "min": [1.22464952071e-23, 1.82143297182e-23, 5.49178377602e-24, 8.41664729862e-24, 6.74891093686e-24, 1.29171192733e-23, 1.32283178006e-23, 2.19951321721e-24, 9.03746663153e-24, 1.11487392484e-23, 1.06658183237e-23, 1.93192682555e-23, 9.68937023955e-24, 1.81193508652e-23, 1.90636079024e-23, 5.60937927116e-24, 7.2806915394e-24, 1.39535042202e-23, 1.02625478958e-23, 1.46611834496e-23, 5.9451220223e-24, 1.0216393222e-23, 7.26226611524e-24, 7.13913044996e-24, 9.57622155333e-24, 9.34265719424e-24, 1.02305106767e-23, 1.0622895613e-23, 8.06550874362e-24, 9.97161441625e-24, 1.56106327693e-23, 1.53680375306e-23, 1.26344704109e-23, 1.23514468397e-23, 1.02935982499e-23, 1.23497712991e-23, 1.15129476509e-23, 1.62038419706e-23, 1.15811186437e-23, 7.06412634395e-24],
        "var": [5.76565798838e-06, 1.72237230345e-06, 1.01192235036e-07, 3.93154060419e-08, 1.55518421252e-07, 5.01330703173e-07, 2.00370280368e-07, 2.40528859052e-08, 7.60553362511e-08, 6.42036070531e-07, 1.96771293304e-06, 3.1163328913e-06, 2.24564132623e-07, 1.28872642335e-07, 1.16463120037e-07, 3.19022142037e-08, 5.44538494296e-08, 4.10679810159e-08, 7.1874737273e-09, 9.85846071444e-08, 6.81666856295e-09, 2.9282727354e-09, 2.69407296472e-09, 6.76092626328e-10, 2.1723670085e-10, 5.06846786763e-11, 8.75350000817e-11, 1.31389732427e-10, 4.27338407716e-11, 1.46191201505e-11, 1.04776265789e-11, 3.7650655163e-12, 4.47662957051e-12, 4.80830089286e-12, 4.93791596154e-12, 2.12465266734e-12, 1.27984363558e-12, 1.41975136075e-12, 1.20758264499e-12, 9.25357446918e-13]
    },
    "mfcc": {
        "mean": [-671.272644043, 129.599853516, -20.841047287, 10.480463028, 7.53910493851, 4.70405387878, 16.8317432404, 12.6136064529, 4.86828994751, 13.6915273666, 1.04392921925, 4.47798633575, 1.13713550568],
        "cov": [[5207.55908203, -522.938842773, 307.810791016, -86.6935272217, 171.713531494, 242.758148193, 175.995849609, 16.2414150238, 30.5251216888, 117.748168945, 7.584897995, -137.426239014, -42.5490074158], [-522.938842773, 1441.3795166, 105.162162781, 357.512145996, 154.904159546, 188.909194946, 316.298126221, 79.924407959, -32.2803688049, 148.659759521, 12.8516769409, 78.3333892822, 49.4927253723], [307.810791016, 105.162162781, 934.319030762, 269.875518799, 263.412963867, 202.876113892, 90.0857009888, 3.81234502792, -69.035194397, 9.34202671051, 72.6855316162, 44.7249794006, 21.8367671967], [-86.6935272217, 357.512145996, 269.875518799, 528.452453613, 198.505371094, 146.24861145, 81.5191421509, -14.007229805, -31.460111618, 6.5519657135, 21.1123027802, 72.5259857178, 72.0776138306], [171.713531494, 154.904159546, 263.412963867, 198.505371094, 406.517883301, 75.0338897705, 37.5735702515, -17.470949173, 70.7718658447, 25.6533222198, 1.91939949989, 56.9909973145, 49.2179527283], [242.758148193, 188.909194946, 202.876113892, 146.24861145, 75.0338897705, 284.475311279, 136.777374268, 51.2968330383, -38.1727638245, 47.1142463684, 62.4301528931, -16.7034797668, -7.89372014999], [175.995849609, 316.298126221, 90.0857009888, 81.5191421509, 37.5735702515, 136.777374268, 400.864318848, 55.0274124146, -55.4422569275, 111.124153137, 20.2542324066, 18.9674320221, 6.9398765564], [16.2414150238, 79.924407959, 3.81234502792, -14.007229805, -17.470949173, 51.2968330383, 55.0274124146, 166.477935791, 28.3420124054, 42.7545890808, 1.59789788723, -19.9230594635, 5.06844234467], [30.5251216888, -32.2803688049, -69.035194397, -31.460111618, 70.7718658447, -38.1727638245, -55.4422569275, 28.3420124054, 233.486404419, 10.1023397446, -10.387342453, -17.1396636963, -19.9831504822], [117.748168945, 148.659759521, 9.34202671051, 6.5519657135, 25.6533222198, 47.1142463684, 111.124153137, 42.7545890808, 10.1023397446, 154.876296997, 0.965897500515, -1.55475580692, -24.2393608093], [7.584897995, 12.8516769409, 72.6855316162, 21.1123027802, 1.91939949989, 62.4301528931, 20.2542324066, 1.59789788723, -10.387342453, 0.965897500515, 123.298118591, 1.04861319065, -6.83146238327], [-137.426239014, 78.3333892822, 44.7249794006, 72.5259857178, 56.9909973145, -16.7034797668, 18.9674320221, -19.9230594635, -17.1396636963, -1.55475580692, 1.04861319065, 165.901290894, 63.2173843384], [-42.5490074158, 49.4927253723, 21.8367671967, 72.0776138306, 49.2179527283, -7.89372014999, 6.9398765564, 5.06844234467, -19.9831504822, -24.2393608093, -6.83146238327, 63.2173843384, 152.867004395]],
