{
"lowlevel": {
    "average_loudness": 0.740880310535,
    "barkbands_crest": {
        "dmean": 2.96509051323,
        "dmean2": 4.51577186584,
        "dvar": 7.12171173096,
        "dvar2": 14.9573669434,
        "max": 25.8683261871,
        "mean": 10.7662029266,
        "median": 9.78206253052,
        "min": 2.25918745995,
        "var": 24.3552856445
    },
    "barkbands_flatness_db": {
        "dmean": 0.0250959284604,
        "dmean2": 0.0365188717842,
        "dvar": 0.000598209560849,
        "dvar2": 0.00124498351943,
        "max": 0.46975260973,
        "mean": 0.133178398013,
        "median": 0.125922307372,
        "min": 0.0164559390396,
        "var": 0.00317469285801
    },
    "barkbands_kurtosis": {
        "dmean": 3.79181313515,
        "dmean2": 5.90518712997,
        "dvar": 107.651580811,
        "dvar2": 270.873931885,
        "max": 254.53414917,
        "mean": 4.48344326019,
        "median": 0.93722486496,
        "min": -1.88103353977,
        "var": 166.650741577
    },
    "barkbands_skewness": {
        "dmean": 0.642781376839,
        "dmean2": 0.944223701954,
        "dvar": 0.594690859318,
        "dvar2": 1.27719676495,
        "max": 13.8382081985,
        "mean": 1.39919543266,
        "median": 1.05210125446,
        "min": -2.22794413567,
        "var": 2.28182625771
    },
    "barkbands_spread": {
        "dmean": 6.46652603149,
        "dmean2": 9.74715614319,
        "dvar": 59.3503227234,
        "dvar2": 123.169296265,
        "max": 111.100440979,
        "mean": 24.3290786743,
        "median": 22.2308368683,
        "min": 0.522290468216,
        "var": 216.452850342
    },
    "dissonance": {
        "dmean": 0.0186328347772,
        "dmean2": 0.0317263640463,
        "dvar": 0.000344347383361,
        "dvar2": 0.000933649367653,
        "max": 0.5,
        "mean": 0.468546003103,
        "median": 0.475690662861,
        "min": 0.303547382355,
        "var": 0.000680023920722
    },
    "dynamic_complexity": 3.29984998703,
    "erbbands_crest": {
        "dmean": 2.80475282669,
        "dmean2": 4.58777618408,
        "dvar": 6.93882417679,
        "dvar2": 17.4525318146,
        "max": 31.0772323608,
        "mean": 9.46293449402,
        "median": 8.39840316772,
        "min": 2.16626095772,
        "var": 21.4470672607
    },
    "erbbands_flatness_db": {
        "dmean": 0.0176890622824,
        "dmean2": 0.0252336151898,
        "dvar": 0.000260112807155,
        "dvar2": 0.000496171822306,
        "max": 0.430115520954,
        "mean": 0.160983979702,
        "median": 0.157750144601,
        "min": 0.0415534898639,
        "var": 0.00316211441532
    },
    "erbbands_kurtosis": {
        "dmean": 1.03324353695,
        "dmean2": 1.64113807678,
        "dvar": 2.52082514763,
        "dvar2": 6.07461023331,
        "max": 59.8336029053,
        "mean": 0.901541650295,
        "median": 0.170453548431,
        "min": -1.75895237923,
        "var": 7.71195793152
    },
    "erbbands_skewness": {
        "dmean": 0.366600394249,
        "dmean2": 0.552547454834,
        "dvar": 0.105743892491,
        "dvar2": 0.236052304506,
        "max": 6.43160629272,
        "mean": 0.317799717188,
        "median": 0.258438050747,
        "min": -2.78596138954,
        "var": 0.764494657516
    },
    "erbbands_spread": {
        "dmean": 7.27841520309,
        "dmean2": 11.0279417038,
        "dvar": 70.3655166626,
        "dvar2": 140.402786255,
        "max": 182.753631592,
        "mean": 33.7191543579,
        "median": 28.7725868225,
        "min": 2.41336774826,
        "var": 380.352142334
    },
    "hfc": {
        "dmean": 5.9692492485,
        "dmean2": 8.0525226593,
        "dvar": 50.9994125366,
        "dvar2": 86.5282745361,
        "max": 122.267868042,
        "mean": 22.3799438477,
        "median": 18.2670116425,
        "min": 1.18510616347e-16,
        "var": 332.556549072
    },
    "melbands_crest": {
        "dmean": 4.00823163986,
        "dmean2": 6.40602445602,
        "dvar": 14.9994497299,
        "dvar2": 33.0040893555,
        "max": 38.6950569153,
        "mean": 15.658987999,
        "median": 14.0937137604,
        "min": 2.14308023453,
        "var": 54.458026886
    },
    "melbands_flatness_db": {
        "dmean": 0.0297405943274,
        "dmean2": 0.0427946224809,
        "dvar": 0.000915044744033,
        "dvar2": 0.00180717709009,
        "max": 0.590094208717,
        "mean": 0.188982695341,
        "median": 0.180432856083,
        "min": 0.00645756535232,
        "var": 0.00478762155399
    },
    "melbands_kurtosis": {
        "dmean": 10.0702018738,
        "dmean2": 15.7689466476,
        "dvar": 813.719726562,
        "dvar2": 2075.53320312,
        "max": 721.598144531,
        "mean": 14.6320304871,
        "median": 4.34323453903,
        "min": -1.71653187275,
        "var": 1271.13842773
    },
    "melbands_skewness": {
        "dmean": 0.890326619148,
        "dmean2": 1.32707667351,
        "dvar": 1.37164747715,
        "dvar2": 2.97150874138,
        "max": 20.3906345367,
        "mean": 2.45217561722,
        "median": 1.82793211937,
        "min": -1.11200082302,
        "var": 5.21480798721
    },
    "melbands_spread": {
        "dmean": 8.54881668091,
        "dmean2": 12.8631029129,
        "dvar": 135.521377563,
        "dvar2": 272.900268555,
        "max": 219.707763672,
        "mean": 27.4452342987,
        "median": 23.9326553345,
        "min": 0.506923317909,
        "var": 407.27722168
    },
    "pitch_salience": {
        "dmean": 0.0792290866375,
        "dmean2": 0.122400075197,
        "dvar": 0.0057812971063,
        "dvar2": 0.0118176555261,
        "max": 0.886765480042,
        "mean": 0.503547370434,
        "median": 0.51353508234,
        "min": 0.0515080504119,
        "var": 0.0248549822718
    },
    "silence_rate_20dB": {
        "dmean": 0,
        "dmean2": 0,
        "dvar": 0,
        "dvar2": 0,
        "max": 1,
        "mean": 1,
        "median": 1,
        "min": 1,
        "var": 0
    },
    "silence_rate_30dB": {
        "dmean": 0.045010715723,
        "dmean2": 0.0900321528316,
        "dvar": 0.0429840385914,
        "dvar2": 0.0986044406891,
        "max": 1,
        "mean": 0.943326592445,
        "median": 1,
        "min": 0,
        "var": 0.0534584484994
    },
    "silence_rate_60dB": {
        "dmean": 0.0276256259531,
        "dmean2": 0.0552578307688,
        "dvar": 0.0268621984869,
        "dvar2": 0.0622065253556,
        "max": 1,
        "mean": 0.0792951509356,
        "median": 0,
        "min": 0,
        "var": 0.0730063617229
    },
    "spectral_centroid": {
        "dmean": 259.980712891,
        "dmean2": 389.278442383,
        "dvar": 80999.9375,
        "dvar2": 151575.484375,
        "max": 10570.1835938,
        "mean": 1677.28344727,
        "median": 1643.42626953,
        "min": 209.774017334,
        "var": 363910.09375
    },
    "spectral_complexity": {
        "dmean": 3.51297926903,
        "dmean2": 5.25068473816,
        "dvar": 12.692697525,
        "dvar2": 24.1833152771,
        "max": 53,
        "mean": 17.9572563171,
        "median": 17,
        "min": 0,
        "var": 83.1954498291
    },
    "spectral_decrease": {
        "dmean": 3.70693631346e-09,
        "dmean2": 5.50675505195e-09,
        "dvar": 4.04298023973e-17,
        "dvar2": 1.00829974861e-16,
        "max": -3.04805286441e-29,
        "mean": -8.3525311112e-09,
        "median": -5.04648856037e-09,
        "min": -8.31852631222e-08,
        "var": 9.16545500164e-17
    },
    "spectral_energy": {
        "dmean": 0.0143686411902,
        "dmean2": 0.0212129224092,
        "dvar": 0.000583445187658,
        "dvar2": 0.00144970102701,
        "max": 0.315807461739,
        "mean": 0.0335542969406,
        "median": 0.020900638774,
        "min": 1.08643072953e-20,
        "var": 0.00137834914494
    },
    "spectral_energyband_high": {
        "dmean": 0.00023996346863,
        "dmean2": 0.000331508374074,
        "dvar": 1.43596707858e-07,
        "dvar2": 2.48506950129e-07,
        "max": 0.00760653847829,
        "mean": 0.0006673297612,
        "median": 0.000427928345744,
        "min": 7.99852713845e-21,
        "var": 5.60047283216e-07
    },
    "spectral_energyband_low": {
        "dmean": 0.0113853048533,
        "dmean2": 0.0177123323083,
        "dvar": 0.000581354717724,
        "dvar2": 0.00147226452827,
        "max": 0.310133725405,
        "mean": 0.0181835033,
        "median": 0.00391970993951,
        "min": 1.39284916497e-22,
        "var": 0.0010026890086
    },
    "spectral_energyband_middle_high": {
        "dmean": 0.0026959227398,
        "dmean2": 0.00384821044281,
        "dvar": 1.72413219843e-05,
        "dvar2": 3.67274114978e-05,
        "max": 0.108562000096,
        "mean": 0.00805620197207,
        "median": 0.00475678173825,
        "min": 1.43998331375e-21,
        "var": 8.06528987596e-05
    },
    "spectral_energyband_middle_low": {
        "dmean": 0.00288419960998,
        "dmean2": 0.00445125019178,
        "dvar": 1.61184270837e-05,
        "dvar2": 3.82311882277e-05,
        "max": 0.0612088739872,
        "mean": 0.00665772194043,
        "median": 0.00442447187379,
        "min": 3.40722580751e-22,
        "var": 4.58735303255e-05
    },
    "spectral_entropy": {
        "dmean": 0.141083270311,
        "dmean2": 0.20490334928,
        "dvar": 0.0183447450399,
        "dvar2": 0.0341134294868,
        "max": 9.80584335327,
        "mean": 7.66952228546,
        "median": 7.66044235229,
        "min": 5.97535419464,
        "var": 0.142403870821
    },
    "spectral_flux": {
        "dmean": 0.0309138596058,
        "dmean2": 0.0477299951017,
        "dvar": 0.00118774606381,
        "dvar2": 0.00271674944088,
        "max": 0.435427039862,
        "mean": 0.102092206478,
        "median": 0.0899171307683,
        "min": 1.04231991094e-10,
        "var": 0.00407262099907
    },
    "spectral_kurtosis": {
        "dmean": 1.25644207001,
        "dmean2": 2.06821084023,
        "dvar": 2.03308701515,
        "dvar2": 5.76225566864,
        "max": 37.3608703613,
        "mean": 4.51860237122,
        "median": 4.40620756149,
        "min": -1.17110729218,
        "var": 5.51221704483
    },
    "spectral_rms": {
        "dmean": 0.00104393588845,
        "dmean2": 0.0014474055497,
        "dvar": 1.63857635016e-06,
        "dvar2": 3.47640821019e-06,
        "max": 0.0175529159606,
        "mean": 0.00501221418381,
        "median": 0.00451562460512,
        "min": 3.2556602813e-12,
        "var": 7.61362480262e-06
    },
    "spectral_rolloff": {
        "dmean": 583.297363281,
        "dmean2": 920.44708252,
        "dvar": 1178806.375,
        "dvar2": 2183535,
        "max": 18884.6191406,
        "mean": 1754.09033203,
        "median": 1378.125,
        "min": 21.533203125,
        "var": 3191175
    },
    "spectral_skewness": {
        "dmean": 0.185657396913,
        "dmean2": 0.287882000208,
        "dvar": 0.0316713228822,
        "dvar2": 0.074587084353,
        "max": 4.36444950104,
        "mean": 1.57103085518,
        "median": 1.58445942402,
        "min": -0.172698453069,
        "var": 0.150822579861
    },
    "spectral_spread": {
        "dmean": 537074.875,
        "dmean2": 732459.6875,
        "dvar": 632513626112,
        "dvar2": 862524997632,
        "max": 39920860,
        "mean": 4673164,
        "median": 4223135,
        "min": 1497251.375,
        "var": 3.24728992563e+12
    },
    "spectral_strongpeak": {
        "dmean": 0.587796211243,
        "dmean2": 0.993997097015,
        "dvar": 0.957948863506,
        "dvar2": 2.35799241066,
        "max": 12.3078203201,
        "mean": 0.935653865337,
        "median": 0.406574398279,
        "min": 0,
        "var": 1.69494044781
    },
    "zerocrossingrate": {
        "dmean": 0.012567166239,
        "dmean2": 0.0137309553102,
        "dvar": 0.000284914043732,
        "dvar2": 0.000280255451798,
        "max": 0.50048828125,
        "mean": 0.0679814368486,
        "median": 0.060546875,
        "min": 0.0029296875,
        "var": 0.00191036600154
    },
    "barkbands": {
        "dmean": [0.00244175945409, 0.00957717467099, 0.00223823240958, 0.000445750105428, 0.000384955055779, 0.000685688108206, 0.000812277372461, 0.000613091338892, 0.000995624111965, 0.00123888847884, 0.000629764166661, 0.000558584346436, 0.000494296604302, 0.000533481303137, 0.000525614072103, 0.000281517684925, 0.000218870729441, 0.000187864061445, 0.000363053375622, 9.23304687603e-05, 6.76299168845e-05, 4.96263310197e-05, 4.22119519499e-05, 5.05325879203e-05, 4.45044788648e-05, 2.98371996905e-05, 3.18752086059e-06],
        "dmean2": [0.00378584163263, 0.0153270820156, 0.00387227651663, 0.00078859156929, 0.000629120680969, 0.00110134179704, 0.00130149314646, 0.000957207928877, 0.00156671891455, 0.00193034519907, 0.000994003959931, 0.000867158814799, 0.000781960436143, 0.0008451360045, 0.000817783875391, 0.000448732695077, 0.000341209815815, 0.000297636579489, 0.000528555829078, 0.000143830198795, 0.000101665835246, 7.43768250686e-05, 6.30196882412e-05, 7.39805182093e-05, 6.44571700832e-05, 4.05963874073e-05, 4.75544220535e-06],
        "dvar": [4.2294661398e-05, 0.000479713955428, 4.21114709752e-05, 1.28579404191e-06, 4.96031702824e-07, 2.18511536332e-06, 3.09256233777e-06, 2.03347076422e-06, 5.62813647775e-06, 9.03454929357e-06, 2.32933143707e-06, 2.08396659218e-06, 1.30788350816e-06, 1.31833576233e-06, 1.4024860775e-06, 4.48457598168e-07, 2.63587679683e-07, 1.13970607174e-07, 3.49847681491e-07, 1.88415629765e-08, 1.00800079395e-08, 5.8937019709e-09, 6.73807676321e-09, 1.43812179942e-08, 1.10180016222e-08, 3.75642494888e-09, 4.89627678679e-11],
        "dvar2": [9.32371331146e-05, 0.00122002803255, 0.000113525878987, 3.50000118488e-06, 1.23198458368e-06, 5.53528934688e-06, 7.65799632063e-06, 4.57248552266e-06, 1.4040595488e-05, 2.16389107663e-05, 5.24817369296e-06, 4.7938942771e-06, 3.1069985198e-06, 3.16290106639e-06, 3.25717633132e-06, 1.05423305286e-06, 5.8550540416e-07, 2.78583115687e-07, 7.09291953171e-07, 4.54616717604e-08, 2.185133674e-08, 1.25362475956e-08, 1.38663160953e-08, 2.74820806112e-08, 2.09573940424e-08, 7.42812433785e-09, 1.13670697854e-10],
        "max": [0.09492854774, 0.264065802097, 0.0681658685207, 0.0196059700102, 0.0188652779907, 0.0379234068096, 0.0337812751532, 0.0321689732373, 0.0524595044553, 0.0918943732977, 0.0427933521569, 0.038921944797, 0.0349704101682, 0.0198353454471, 0.0307754743844, 0.0133167430758, 0.0156000545248, 0.00576325040311, 0.00854928884655, 0.00222444697283, 0.00157181790564, 0.00108826672658, 0.00195913249627, 0.00250409380533, 0.00291219027713, 0.0016149157891, 0.000115479277156],
        "mean": [0.00297498540021, 0.0134738748893, 0.00205464358442, 0.000460718438262, 0.000610405870248, 0.00109257386066, 0.00130763556808, 0.000908433576114, 0.00161850114819, 0.002076551551, 0.000964966486208, 0.000856211583596, 0.000736601185054, 0.000792551145423, 0.000840508204419, 0.00045344789396, 0.000420038006268, 0.000342811050359, 0.000802165071946, 0.000179418639163, 0.000148145467392, 0.000104943377664, 8.68374190759e-05, 9.93458379526e-05, 9.25510030356e-05, 5.14586681675e-05, 3.91418507206e-06],
        "median": [9.0533423645e-05, 0.00231651868671, 0.000386762578273, 0.000132907967782, 0.000345719628967, 0.000452369858976, 0.00036536733387, 0.000245918839937, 0.000342223967891, 0.000420694588684, 0.000210233323742, 0.000220507121412, 0.000214339204831, 0.000204563839361, 0.000200349473744, 0.00013207847951, 0.000122603669297, 0.000132008834044, 0.000258245039731, 0.000100355115137, 7.53720159992e-05, 5.87330432609e-05, 4.62442039861e-05, 4.10084576288e-05, 3.9039648982e-05, 1.83483898581e-05, 3.96193229335e-07],
        "min": [1.33151642866e-23, 8.00648759064e-23, 3.66800978058e-23, 2.04799524375e-23, 8.46159217537e-23, 3.50112499391e-23, 1.17226295616e-22, 3.07405526357e-23, 2.84109611856e-23, 9.60358130056e-23, 5.79124689301e-23, 9.04575124876e-23, 4.25124525562e-23, 4.84046850046e-23, 1.71803252379e-22, 1.03673475938e-22, 3.19288207592e-22, 1.46487557349e-22, 2.65451442171e-22, 3.02113759052e-22, 4.13254365127e-22, 5.12452879274e-22, 8.8864966403e-22, 1.03032615436e-21, 1.21056347839e-21, 1.61336024898e-21, 2.3588870683e-21],
        "var": [5.8930774685e-05, 0.000691444089171, 3.11519834213e-05, 1.04604396256e-06, 7.04845149357e-07, 4.09412268709e-06, 7.25877043806e-06, 4.11968403569e-06, 1.33179628392e-05, 2.16378903133e-05, 6.14437522017e-06, 4.15287058786e-06, 2.22659923566e-06, 2.46475769927e-06, 2.7838607366e-06, 8.46862292292e-07, 1.01798548258e-06, 2.74171924275e-07, 1.28640704133e-06, 4.54815811679e-08, 3.21018021054e-08, 1.54329153901e-08, 1.68277125567e-08, 3.93817920497e-08, 3.28356577484e-08, 8.22136314582e-09, 7.11192146841e-11]
    },
    "erbbands": {
        "dmean": [0.387838065624, 1.9755012989, 2.87019371986, 1.83219766617, 1.04920339584, 1.47064721584, 3.22985887527, 6.27282428741, 10.6019430161, 11.3330144882, 14.7357959747, 20.7181415558, 34.0799293518, 34.6380615234, 19.1829109192, 22.7908153534, 20.7999038696, 25.904176712, 24.6718463898, 20.876335144, 13.3045711517, 10.508146286, 9.36027145386, 17.6398487091, 13.0115232468, 3.97570991516, 3.03233671188, 2.52673602104, 1.83263206482, 1.28295576572, 1.24688756466, 1.14919960499, 0.808699309826, 0.561354756355, 0.309784948826, 0.133199349046, 0.0572752133012, 0.0117245614529, 0.000465500139399, 2.67239483946e-05],
        "dmean2": [0.620619952679, 3.14622092247, 4.57371711731, 3.17522668839, 1.80758547783, 2.39735078812, 5.26860523224, 10.155462265, 16.9426651001, 17.960439682, 23.1102848053, 32.9312286377, 53.4028701782, 53.6887969971, 29.1168136597, 35.0724525452, 32.3515472412, 40.5085830688, 38.1735343933, 32.7370033264, 20.5992641449, 16.0944786072, 14.7284898758, 25.8929042816, 18.8015899658, 6.11305570602, 4.60037136078, 3.76618719101, 2.75448036194, 1.92868924141, 1.8671990633, 1.70909333229, 1.18428981304, 0.82515501976, 0.455091565847, 0.18845719099, 0.0785577297211, 0.0167595054954, 0.000658216245938, 3.82137332053e-05],
        "dvar": [0.967476308346, 21.0761432648, 58.889705658, 24.0097484589, 4.92753410339, 8.18133354187, 47.231918335, 224.508087158, 626.266235352, 646.863037109, 1242.9465332, 2743.08203125, 7022.62158203, 7739.05859375, 2400.82128906, 3663.21533203, 2443.54077148, 3204.19897461, 2919.99853516, 2327.97412109, 963.531860352, 484.030517578, 340.296569824, 916.725830078, 504.648956299, 35.1066818237, 19.7854804993, 16.0998268127, 8.52703094482, 5.56411314011, 6.3561167717, 6.7396440506, 4.22737979889, 1.9160939455, 0.544802248478, 0.0951840281487, 0.0138781368732, 0.00065240386175, 9.87608586911e-07, 1.7676069497e-09],
        "dvar2": [2.53945088387, 51.4432106018, 143.814682007, 64.1041488647, 13.5588130951, 20.4432754517, 120.525413513, 573.636047363, 1541.18737793, 1552.47705078, 2873.60253906, 6962.61230469, 17238.1582031, 18464.9902344, 5245.23583984, 8305.80566406, 5798.41845703, 7497.17626953, 6539.04931641, 5631.77246094, 2216.12939453, 1069.24279785, 877.105285645, 1959.67797852, 986.060791016, 81.0501937866, 44.111831665, 34.666595459, 18.5183258057, 11.5466690063, 13.1931438446, 14.3150529861, 8.1519203186, 3.81689691544, 1.09474790096, 0.195119380951, 0.0274285897613, 0.00140376470517, 2.03399486054e-06, 3.76272168978e-09],
        "max": [14.5069484711, 45.2981719971, 88.4732894897, 61.1345825195, 41.8226699829, 92.6888885498, 136.441894531, 352.515716553, 571.75012207, 628.247375488, 904.898681641, 1353.09777832, 1763.50097656, 3039.57275391, 1705.35217285, 1871.1295166, 1733.70935059, 1122.44677734, 1787.99047852, 1077.66552734, 675.462280273, 600.531982422, 408.732391357, 471.850952148, 435.158966064, 109.554649353, 85.3688964844, 72.7884521484, 47.2814712524, 34.5123977661, 69.3493804932, 49.8476829529, 50.5448265076, 42.8822517395, 15.2420835495, 9.91451263428, 1.96904718876, 0.424327135086, 0.022473860532, 0.000662077858578],
        "mean": [0.501889765263, 2.52553296089, 3.17420864105, 1.86355435848, 1.35771656036, 2.28659582138, 4.73015975952, 10.0166168213, 17.4529590607, 17.7608757019, 24.1056842804, 34.6352844238, 60.8853225708, 59.4186935425, 32.4669303894, 36.1283950806, 34.3529701233, 41.9351119995, 41.2112388611, 36.5779876709, 26.2637882233, 22.0836830139, 18.6809844971, 37.3885231018, 28.3617229462, 8.61926555634, 6.49699068069, 5.61045312881, 3.96344470978, 2.56343340874, 2.52995967865, 2.15934514999, 1.59379971027, 1.10797429085, 0.610516369343, 0.247832357883, 0.0914069339633, 0.0164651814848, 0.000659090117551, 6.08145928709e-05],
        "median": [0.0627148598433, 0.442764312029, 0.705807685852, 0.573431432247, 0.666531801224, 1.19870352745, 2.26906275749, 3.76081132889, 5.42447280884, 5.69022274017, 7.46263360977, 8.69502067566, 12.4668722153, 14.7280626297, 9.16646671295, 10.6596727371, 11.5808877945, 12.674325943, 12.7255544662, 10.1678743362, 8.15633392334, 7.27874755859, 7.79411458969, 13.4513244629, 10.3216047287, 5.05223608017, 3.63856101036, 2.60180521011, 2.21198821068, 1.45389056206, 1.28572654724, 0.941698729992, 0.63946801424, 0.452771127224, 0.250637859106, 0.0973234325647, 0.0290567576885, 0.00432957941666, 0.000120504315419, 3.72927861463e-05],
        "min": [2.21747614011e-21, 1.74916840177e-20, 4.12505407204e-20, 6.94512409903e-20, 1.31967761617e-19, 2.54844679054e-19, 3.76575369732e-19, 3.78131503259e-19, 1.00408952336e-18, 1.6913782813e-18, 8.82873856016e-19, 6.42551108097e-19, 2.3484612984e-18, 2.55986984461e-18, 2.13087681494e-18, 4.14335761445e-18, 2.19854080943e-18, 1.82372149244e-18, 6.0626412151e-18, 7.77806449944e-18, 7.79672734842e-18, 1.43899035969e-17, 1.02950667428e-17, 1.20833377557e-17, 1.37630471035e-17, 1.16150691566e-17, 2.06844850149e-17, 1.53409379625e-17, 1.33409335282e-17, 2.98065302398e-17, 2.25416461108e-17, 2.00368820047e-17, 1.77239658979e-17, 9.96097014773e-18, 1.05646482131e-17, 5.79736770138e-18, 3.20031402029e-18, 1.18923973802e-18, 2.91336553108e-19, 3.90310826588e-20],
        "var": [1.15764069557, 27.8710021973, 57.0993270874, 18.8996524811, 4.58313512802, 11.6270532608, 62.1815795898, 427.624969482, 1421.78198242, 1251.19567871, 2581.19995117, 6260.3984375, 16912.0136719, 18444.5878906, 6461.74853516, 6857.12939453, 4480.93115234, 6137.5859375, 5674.44970703, 4982.73291016, 2678.57055664, 1959.63696289, 862.58404541, 2826.00219727, 1779.31738281, 93.9051895142, 59.4357376099, 51.5380401611, 22.1911258698, 12.5816335678, 15.3548774719, 15.821305275, 11.5902910233, 5.29216861725, 1.42687630653, 0.214189782739, 0.0271704271436, 0.00101764965802, 1.80605104561e-06, 4.56288029582e-09]
    },
    "gfcc": {
        "mean": [-0.392039954662, 73.313911438, -128.222671509, 23.1441345215, -56.8233413696, 19.2031936646, -30.1271381378, 20.8071708679, -20.6090736389, 10.0648088455, -8.96539783478, 2.69934868813, -8.62722682953],
        "cov": [[4749.43212891, -825.695556641, 638.090576172, 305.941467285, 604.864074707, 224.944213867, 38.0411186218, 299.736724854, -52.6890029907, 313.607940674, -140.238418579, 203.756378174, -223.354705811], [-825.695556641, 1572.86157227, 50.7132911682, 396.584259033, 165.308700562, 31.2993793488, 318.91595459, -50.1153869629, 164.25743103, -84.5628051758, 277.827728271, -145.056427002, 135.124862671], [638.090576172, 50.7132911682, 1423.27258301, 485.928192139, 353.982666016, 189.756378174, -7.13870620728, 76.8007278442, 11.4464483261, 182.463500977, 11.5843276978, 176.901565552, -77.6194381714], [305.941467285, 396.584259033, 485.928192139, 621.269775391, 277.721710205, 72.2173995972, 96.4434814453, 30.764831543, 103.997924805, 63.2758636475, 88.0279769897, 16.9117488861, 42.4931373596], [604.864074707, 165.308700562, 353.982666016, 277.721710205, 431.193878174, 128.125244141, 99.9429855347, 76.8278427124, 66.9476547241, 87.9031066895, 13.6182518005, 58.8982009888, -17.6757564545], [224.944213867, 31.2993793488, 189.756378174, 72.2173995972, 128.125244141, 292.727386475, 155.027648926, 64.5457077026, 5.32202863693, 15.1324806213, 18.5298995972, 2.87494945526, 4.44882488251], [38.0411186218, 318.91595459, -7.13870620728, 96.4434814453, 99.9429855347, 155.027648926, 329.418395996, 57.3896942139, 37.077507019, -9.32743740082, 67.8733291626, -34.2858123779, 18.9050006866], [299.736724854, -50.1153869629, 76.8007278442, 30.764831543, 76.8278427124, 64.5457077026, 57.3896942139, 165.036254883, 50.1811408997, 37.497428894, -6.62911128998, 31.8630695343, -0.106175161898], [-52.6890029907, 164.25743103, 11.4464483261, 103.997924805, 66.9476547241, 5.32202863693, 37.077507019, 50.1811408997, 177.197158813, 20.4622116089, 48.2239379883, -9.53059577942, 46.6617012024], [313.607940674, -84.5628051758, 182.463500977, 63.2758636475, 87.9031066895, 15.1324806213, -9.32743740082, 37.497428894, 20.4622116089, 155.791519165, 21.1161308289, 54.0748329163, -26.9213600159], [-140.238418579, 277.827728271, 11.5843276978, 88.0279769897, 13.6182518005, 18.5298995972, 67.8733291626, -6.62911128998, 48.2239379883, 21.1161308289, 168.688995361, -4.7231426239, 37.5053596497], [203.756378174, -145.056427002, 176.901565552, 16.9117488861, 58.8982009888, 2.87494945526, -34.2858123779, 31.8630695343, -9.53059577942, 54.0748329163, -4.7231426239, 128.76109314, -10.3345603943], [-223.354705811, 135.124862671, -77.6194381714, 42.4931373596, -17.6757564545, 4.44882488251, 18.9050006866, -0.106175161898, 46.6617012024, -26.9213600159, 37.5053596497, -10.3345603943, 109.250389099]],
        "icov": [[0.000366382446373, 0.000214597253944, 7.09974701749e-05, -0.000196400767891, -0.000415433692979, -5.14264274898e-06, -3.67126049241e-05, -0.000409268424846, 0.000239028857322, -0.000259767868556, -4.25218204327e-05, 2.92607965093e-05, 0.000400667253416], [0.000214597253944, 0.00183344993275, -0.000341811508406, -0.000283611763734, -0.000968589039985, 0.00104887515772, -0.00129263044801, 0.000305700610625, -0.00019783047901, 0.000956998614129, -0.00202105450444, 0.00168055680115, -0.000763815885875], [7.09974701749e-05, -0.000341811508406, 0.00167947728187, -0.00123477913439, 7.28445447749e-05, -0.0012641500216, 0.000862657499965, -0.000130026965053, 0.000276592822047, -0.000843599496875, 0.000583047803957, -0.00187317386735, 0.00145190150943], [-0.000196400767891, -0.000283611763734, -0.00123477913439, 0.00371076795273, -0.00138810474891, 0.000841124565341, -0.000409320782637, 0.000520216010045, -0.000726809783373, 0.000159468778293, -0.000709194398951, 0.00128398591187, -0.00184418680146], [-0.000415433692979, -0.000968589039985, 7.28445447749e-05, -0.00138810474891, 0.00531210983172, -0.00161558703985, -4.03202975576e-05, -1.88678404811e-05, -0.00117774168029, -0.00118226849008, 0.00188322481699, -0.00217410596088, 0.00123204546981], [-5.14264274898e-06, 0.00104887515772, -0.0012641500216, 0.000841124565341, -0.00161558703985, 0.00652634631842, -0.00316808954813, -0.000894482887816, 0.000821967143565, 0.000972140755039, -0.00128659198526, 0.00223427102901, -0.00197138567455], [-3.67126049241e-05, -0.00129263044801, 0.000862657499965, -0.000409320782637, -4.03202975576e-05, -0.00316808954813, 0.00612688856199, -0.0015861610882, 0.000404734164476, -0.000100655175629, -0.000309681956423, -0.000255949125858, 0.00124097953085], [-0.000409268424846, 0.000305700610625, -0.000130026965053, 0.000520216010045, -1.88678404811e-05, -0.000894482887816, -0.0015861610882, 0.00917939376086, -0.00310081685893, -0.000549799820874, 0.00101516279392, -0.00156447198242, -0.000500366732012], [0.000239028857322, -0.00019783047901, 0.000276592822047, -0.000726809783373, -0.00117774168029, 0.000821967143565, 0.000404734164476, -0.00310081685893, 0.00871953647584, -0.00118900672533, -0.00112544989679, 0.00140600383747, -0.00258231372572], [-0.000259767868556, 0.000956998614129, -0.000843599496875, 0.000159468778293, -0.00118226849008, 0.000972140755039, -0.000100655175629, -0.000549799820874, -0.00118900672533, 0.010308617726, -0.00310745555907, -0.00116209627595, 0.00141483242624], [-4.25218204327e-05, -0.00202105450444, 0.000583047803957, -0.000709194398951, 0.00188322481699, -0.00128659198526, -0.000309681956423, 0.00101516279392, -0.00112544989679, -0.00310745555907, 0.010480212979, -0.00252640689723, -0.000607342517469], [2.92607965093e-05, 0.00168055680115, -0.00187317386735, 0.00128398591187, -0.00217410596088, 0.00223427102901, -0.000255949125858, -0.00156447198242, 0.00140600383747, -0.00116209627595, -0.00252640689723, 0.0135413547978, -0.00298758642748], [0.000400667253416, -0.000763815885875, 0.00145190150943, -0.00184418680146, 0.00123204546981, -0.00197138567455, 0.00124097953085, -0.000500366732012, -0.00258231372572, 0.00141483242624, -0.000607342517469, -0.00298758642748, 0.0141078112647]]
    },
    "melbands": {
        "dmean": [0.00299513549544, 0.00172284722794, 0.000294548430247, 8.2545382611e-05, 9.90883854683e-05, 0.000141675336636, 0.00016271842469, 0.000122380093671, 0.000126104874653, 0.00014046614524, 0.000176041125087, 0.000149905114085, 7.4192219472e-05, 6.05603127042e-05, 5.72485732846e-05, 5.03350238432e-05, 5.19472087035e-05, 4.1605628212e-05, 4.10865104641e-05, 2.16170192289e-05, 1.70640705619e-05, 1.31827700898e-05, 9.90660373645e-06, 8.51667482493e-06, 1.68941278389e-05, 1.46757829498e-05, 5.20413823324e-06, 2.60053570855e-06, 2.12656550502e-06, 1.71229407897e-06, 1.61418915923e-06, 1.22451444895e-06, 8.24037385883e-07, 7.42215377159e-07, 7.80515506449e-07, 7.47212027363e-07, 7.59498448133e-07, 6.36533457055e-07, 5.40852454378e-07, 4.89714238938e-07],
        "dmean2": [0.00475954124704, 0.00272733275779, 0.000505238887854, 0.00013750117796, 0.00016114016762, 0.000228844772209, 0.000261347100604, 0.000192898951354, 0.000199320624233, 0.000223052149522, 0.000275578291621, 0.000231015481404, 0.000114898393804, 9.35963689699e-05, 8.86111229192e-05, 7.91354614194e-05, 8.19071792648e-05, 6.51851878501e-05, 6.44486790407e-05, 3.42733037542e-05, 2.64619138761e-05, 2.02670416911e-05, 1.56906335178e-05, 1.33933226607e-05, 2.51706296694e-05, 2.18542973016e-05, 7.99546069175e-06, 4.12796589444e-06, 3.30737907461e-06, 2.64158711616e-06, 2.44131911131e-06, 1.8812778535e-06, 1.26532438571e-06, 1.13741634777e-06, 1.2028058336e-06, 1.15328396078e-06, 1.15076022666e-06, 9.48208366935e-07, 8.07455705853e-07, 7.31789612018e-07],
        "dvar": [4.87679608341e-05, 1.69392969838e-05, 5.74842999868e-07, 2.34524044629e-08, 4.10945375506e-08, 1.05554647689e-07, 1.31861071395e-07, 7.0711386968e-08, 8.95813840884e-08, 1.27500115354e-07, 1.86447223882e-07, 1.46162236092e-07, 3.81764699853e-08, 2.49654714679e-08, 2.64371919911e-08, 1.2584063569e-08, 1.36428042197e-08, 8.96100438297e-09, 1.09604121334e-08, 2.93649304872e-09, 1.76060377388e-09, 9.08282060674e-10, 4.61773147498e-10, 2.38467801061e-10, 9.11230535472e-10, 7.05742742024e-10, 7.77629419191e-11, 1.6176556622e-11, 1.05071550419e-11, 6.87040051586e-12, 6.96255726684e-12, 3.75274247441e-12, 2.19875593427e-12, 1.96630298849e-12, 2.7993694602e-12, 2.17124625571e-12, 3.27626077309e-12, 2.86818919309e-12, 1.63266297183e-12, 1.5295701988e-12],
        "dvar2": [0.000126955535961, 3.60642879969e-05, 1.50989740177e-06, 6.11837762676e-08, 1.03462490131e-07, 2.68709783313e-07, 3.24726755707e-07, 1.642015377e-07, 2.09704381859e-07, 3.24294916254e-07, 4.53885178331e-07, 3.45251720546e-07, 8.25254247161e-08, 5.81866004268e-08, 6.17841635631e-08, 2.90313639795e-08, 3.21923678825e-08, 2.03565218015e-08, 2.67819331157e-08, 7.29060234406e-09, 4.0148275815e-09, 1.94255100894e-09, 1.12394604734e-09, 5.68621483232e-10, 1.98953675756e-09, 1.43334877301e-09, 1.77234740772e-10, 3.99355166991e-11, 2.37002101972e-11, 1.62896276329e-11, 1.53909454625e-11, 8.58135524445e-12, 4.74854660801e-12, 4.24151772732e-12, 6.18003478253e-12, 4.79076240484e-12, 7.17290072824e-12, 5.92310575587e-12, 3.33736445597e-12, 3.17225499341e-12],
        "max": [0.0978809595108, 0.0421607457101, 0.00883801374584, 0.00443547451869, 0.00377013417892, 0.00824910588562, 0.00762620335445, 0.00635173916817, 0.00731501495466, 0.0096212560311, 0.00923136807978, 0.0125897265971, 0.00673189153895, 0.00302588101476, 0.00651864148676, 0.00232158834115, 0.00251751951873, 0.00256654107943, 0.00280346907675, 0.00135984190274, 0.00104288384318, 0.000912881805561, 0.000444897479611, 0.000281243614154, 0.000492153689265, 0.000595443008933, 0.000150687323185, 7.66242956161e-05, 8.30421049614e-05, 4.2633706471e-05, 4.56771376776e-05, 2.94643796224e-05, 2.37324056798e-05, 2.5602601454e-05, 5.81149397476e-05, 3.08663402393e-05, 3.23045060213e-05, 3.96057403123e-05, 3.6048306356e-05, 3.39775906468e-05],
        "mean": [0.00425260933116, 0.00231536920182, 0.000312352320179, 0.000124710481032, 0.00015167784295, 0.00023150263587, 0.000270983553492, 0.000188464531675, 0.00020174740348, 0.000230428195209, 0.000307630078169, 0.000247673975537, 0.00011896394426, 9.28987574298e-05, 8.41240107547e-05, 7.62904601288e-05, 7.77667810326e-05, 6.28279012744e-05, 6.53270544717e-05, 3.4408436477e-05, 3.10681061819e-05, 2.49676559179e-05, 1.67984671862e-05, 1.57979302458e-05, 3.2425916288e-05, 2.97761507682e-05, 9.42925817071e-06, 4.72621968584e-06, 4.14605165133e-06, 3.35716413247e-06, 3.32132640324e-06, 2.46711056207e-06, 1.53648011292e-06, 1.36099481551e-06, 1.46100512666e-06, 1.4006134279e-06, 1.29855482101e-06, 1.14147371733e-06, 1.01656712559e-06, 9.00141856164e-07],
        "median": [0.000657017459162, 0.000500057765748, 0.000104721824755, 6.66476844344e-05, 7.640664262e-05, 8.73976678122e-05, 8.51402437547e-05, 5.93358781771e-05, 5.56461491215e-05, 4.84433112433e-05, 5.72297540202e-05, 5.49488504475e-05, 2.87234597636e-05, 2.32018774113e-05, 2.34042636293e-05, 2.26968331845e-05, 2.00436970772e-05, 1.74430369952e-05, 1.46120737554e-05, 9.57729571383e-06, 8.31520537758e-06, 7.09437745172e-06, 5.69941403228e-06, 6.20249693384e-06, 1.05322606032e-05, 8.50817923492e-06, 4.22868697569e-06, 2.72174997917e-06, 2.21475784201e-06, 1.63545212217e-06, 1.36989820021e-06, 1.26750808249e-06, 8.50157505283e-07, 7.13739382263e-07, 7.03001092006e-07, 6.66086521051e-07, 5.06385617882e-07, 4.06495303196e-07, 4.22439484282e-07, 3.47794554045e-07],
        "min": [2.126866977e-23, 2.3883357129e-23, 1.34586864842e-23, 1.26802006776e-23, 1.54709113035e-23, 7.98399969059e-24, 1.85724883464e-23, 1.56950976842e-23, 7.69320978371e-24, 3.22167046603e-24, 1.24020499002e-23, 1.10728358409e-23, 6.8115330821e-24, 9.98330691258e-24, 7.18016936083e-24, 4.404751198e-24, 3.0565869249e-24, 8.23704339202e-24, 1.44813910053e-23, 7.35916821111e-24, 9.83687381819e-24, 1.32972161232e-23, 1.6482248339e-23, 6.88477802829e-24, 9.95313771612e-24, 1.13042481875e-23, 7.73084160433e-24, 8.14697993133e-24, 1.26268768359e-23, 1.19345448953e-23, 8.81692321053e-24, 6.52169138603e-24, 1.13602951771e-23, 1.8000008832e-23, 1.27728468689e-23, 1.23242768924e-23, 1.21138521902e-23, 1.38856274725e-23, 8.22327066948e-24, 8.64255655149e-24],
        "var": [6.94692716934e-05, 2.31636222452e-05, 4.68760902095e-07, 3.10405035009e-08, 5.65510624995e-08, 2.14173184077e-07, 3.10305409812e-07, 1.37361070074e-07, 1.8525125256e-07, 2.98752780736e-07, 4.44280459533e-07, 3.45509391764e-07, 1.07931867888e-07, 5.13596738472e-08, 4.16847107942e-08, 2.21195985972e-08, 2.5414340854e-08, 1.6207078346e-08, 2.07843573463e-08, 5.38326050403e-09, 5.36820277119e-09, 3.45592909845e-09, 1.0085675628e-09, 5.69437275111e-10, 2.47175524493e-09, 2.32004526701e-09, 1.80494286184e-10, 3.27815899426e-11, 2.78300594375e-11, 1.83785087843e-11, 2.09085821573e-11, 9.43297696898e-12, 4.47164440892e-12, 4.15129302461e-12, 5.71318469963e-12, 4.95266111109e-12, 7.00956523728e-12, 6.89683293115e-12, 4.19438919361e-12, 3.86232322167e-12]
    },
    "mfcc": {
        "mean": [-641.922546387, 108.658737183, -11.8830547333, 11.3426122665, -0.952571511269, 0.292239874601, 6.26908302307, 5.87473058701, 1.26893639565, 8.73902130127, 5.77903318405, 0.327197521925, 1.87846958637],
        "cov": [[3995.58129883, -550.03137207, -115.039787292, 239.500259399, 321.826019287, 152.779876709, 171.070419312, 111.083816528, 109.23752594, 172.962600708, 163.726928711, -48.0323562622, 10.3624677658], [-550.03137207, 966.314758301, 107.403289795, 235.939941406, 32.9440307617, 104.931060791, 162.783157349, 75.8549118042, 4.90691804886, 42.4752655029, 93.9052810669, 57.8306922913, 54.3979072571], [-115.039787292, 107.403289795, 945.90020752, 340.925750732, 304.38079834, 189.450393677, 105.746200562, 41.2630081177, 19.2659034729, -1.85850036144, 37.6002731323, 100.554786682, 98.9780960083], [239.500259399, 235.939941406, 340.925750732, 599.334716797, 266.952972412, 152.599761963, 67.8986816406, 30.0406513214, 54.9252281189, 36.0995979309, 58.4363899231, 61.1136894226, 104.355735779], [321.826019287, 32.9440307617, 304.38079834, 266.952972412, 420.005950928, 120.113990784, 22.5920543671, 36.1886901855, 53.7104301453, 52.8104400635, 2.39053869247, 50.0487289429, 93.3936309814], [152.779876709, 104.931060791, 189.450393677, 152.599761963, 120.113990784, 262.564697266, 154.53125, 68.4808807373, 52.9083175659, 41.2218170166, 52.2536277771, 32.3922424316, 27.7966308594], [171.070419312, 162.783157349, 105.746200562, 67.8986816406, 22.5920543671, 154.53125, 276.040924072, 103.696929932, 29.7467556, 47.1504478455, 72.6461410522, 14.0960016251, 11.060801506], [111.083816528, 75.8549118042, 41.2630081177, 30.0406513214, 36.1886901855, 68.4808807373, 103.696929932, 179.758041382, 75.9696044922, 33.8300170898, 36.6247749329, 25.181854248, 10.0431118011], [109.23752594, 4.90691804886, 19.2659034729, 54.9252281189, 53.7104301453, 52.9083175659, 29.7467556, 75.9696044922, 151.822875977, 52.8064994812, 19.4334163666, 13.4849586487, 8.64918327332], [172.962600708, 42.4752655029, -1.85850036144, 36.0995979309, 52.8104400635, 41.2218170166, 47.1504478455, 33.8300170898, 52.8064994812, 133.975387573, 37.6471176147, 4.06689882278, 14.4297895432], [163.726928711, 93.9052810669, 37.6002731323, 58.4363899231, 2.39053869247, 52.2536277771, 72.6461410522, 36.6247749329, 19.4334163666, 37.6471176147, 142.323303223, 36.7963027954, 8.21179580688], [-48.0323562622, 57.8306922913, 100.554786682, 61.1136894226, 50.0487289429, 32.3922424316, 14.0960016251, 25.181854248, 13.4849586487, 4.06689882278, 36.7963027954, 102.247718811, 45.9548339844], [10.3624677658, 54.3979072571, 98.9780960083, 104.355735779, 93.3936309814, 27.7966308594, 11.060801506, 10.0431118011, 8.64918327332, 14.4297895432, 8.21179580688, 45.9548339844, 112.847885132]],
