{
"lowlevel": {
    "average_loudness": 0.760954976082,
    "barkbands_crest": {
        "dmean": 2.161652565,
        "dmean2": 3.48362803459,
        "dvar": 4.04965019226,
        "dvar2": 9.87540149689,
        "max": 24.9839038849,
        "mean": 10.6610879898,
        "median": 9.8313627243,
        "min": 2.98340797424,
        "var": 16.7097511292
    },
    "barkbands_flatness_db": {
        "dmean": 0.0176786277443,
        "dmean2": 0.0265786089003,
        "dvar": 0.000276614358881,
        "dvar2": 0.000609161623288,
        "max": 0.537300765514,
        "mean": 0.170831248164,
        "median": 0.149084314704,
        "min": 0.0408087298274,
        "var": 0.00590290967375
    },
    "barkbands_kurtosis": {
        "dmean": 2.35550546646,
        "dmean2": 3.76948785782,
        "dvar": 16.8211669922,
        "dvar2": 42.8328285217,
        "max": 79.6979064941,
        "mean": 4.82329273224,
        "median": 2.05953741074,
        "min": -1.83691418171,
        "var": 66.8877944946
    },
    "barkbands_skewness": {
        "dmean": 0.40115454793,
        "dmean2": 0.628588080406,
        "dvar": 0.187278717756,
        "dvar2": 0.442019492388,
        "max": 7.05016279221,
        "mean": 1.42318165302,
        "median": 1.18796181679,
        "min": -2.04113173485,
        "var": 1.44566917419
    },
    "barkbands_spread": {
        "dmean": 3.25518798828,
        "dmean2": 5.02421712875,
        "dvar": 21.0496692657,
        "dvar2": 41.4043579102,
        "max": 91.7371063232,
        "mean": 16.8632411957,
        "median": 15.3370056152,
        "min": 0.417112350464,
        "var": 121.615020752
    },
    "dissonance": {
        "dmean": 0.0235428865999,
        "dmean2": 0.0400523580611,
        "dvar": 0.000482206291053,
        "dvar2": 0.00131270976271,
        "max": 0.5,
        "mean": 0.45007866621,
        "median": 0.458544313908,
        "min": 0.156907171011,
        "var": 0.00144395558164
    },
    "dynamic_complexity": 4.53757333755,
    "erbbands_crest": {
        "dmean": 2.66868901253,
        "dmean2": 4.23935699463,
        "dvar": 6.22644805908,
        "dvar2": 14.833981514,
        "max": 30.816493988,
        "mean": 11.4251527786,
        "median": 10.212182045,
        "min": 2.63810992241,
        "var": 31.0493984222
    },
    "erbbands_flatness_db": {
        "dmean": 0.0154025545344,
        "dmean2": 0.0225102510303,
        "dvar": 0.00021441768331,
        "dvar2": 0.000420092401328,
        "max": 0.481186568737,
        "mean": 0.192928522825,
        "median": 0.182810485363,
        "min": 0.0415180884302,
        "var": 0.00413422985002
    },
    "erbbands_kurtosis": {
        "dmean": 1.10378944874,
        "dmean2": 1.75354468822,
        "dvar": 2.57953333855,
        "dvar2": 6.1088104248,
        "max": 41.3140449524,
        "mean": 1.50228559971,
        "median": 0.536358594894,
        "min": -1.66655111313,
        "var": 9.72626209259
    },
    "erbbands_skewness": {
        "dmean": 0.339528828859,
        "dmean2": 0.5239828825,
        "dvar": 0.103618845344,
        "dvar2": 0.228393122554,
        "max": 4.89492559433,
        "mean": 0.714987635612,
        "median": 0.63019067049,
        "min": -2.68145537376,
        "var": 0.676366090775
    },
    "erbbands_spread": {
        "dmean": 4.87515497208,
        "dmean2": 7.46279287338,
        "dvar": 34.7338905334,
        "dvar2": 73.8725509644,
        "max": 137.73890686,
        "mean": 26.7402267456,
        "median": 24.1418743134,
        "min": 2.14221262932,
        "var": 186.127639771
    },
    "hfc": {
        "dmean": 3.47103571892,
        "dmean2": 5.20362710953,
        "dvar": 25.6918144226,
        "dvar2": 50.804485321,
        "max": 80.4338531494,
        "mean": 19.1762542725,
        "median": 11.9583482742,
        "min": 1.17371396737e-16,
        "var": 308.537322998
    },
    "melbands_crest": {
        "dmean": 2.81121730804,
        "dmean2": 4.55440092087,
        "dvar": 7.01539516449,
        "dvar2": 17.9550056458,
        "max": 37.3980674744,
        "mean": 15.0240488052,
        "median": 13.3865890503,
        "min": 2.25634360313,
        "var": 42.418006897
    },
    "melbands_flatness_db": {
        "dmean": 0.0193036291748,
        "dmean2": 0.0291043724865,
        "dvar": 0.000378546508728,
        "dvar2": 0.0008189365617,
        "max": 0.709545075893,
        "mean": 0.238065063953,
        "median": 0.208747699857,
        "min": 0.0043973387219,
        "var": 0.00863280147314
    },
    "melbands_kurtosis": {
        "dmean": 4.23986101151,
        "dmean2": 6.68624353409,
        "dvar": 74.4595947266,
        "dvar2": 178.904876709,
        "max": 417.175476074,
        "mean": 9.74367809296,
        "median": 4.6392326355,
        "min": -1.7111582756,
        "var": 260.43862915
    },
    "melbands_skewness": {
        "dmean": 0.502833545208,
        "dmean2": 0.775151193142,
        "dvar": 0.315858691931,
        "dvar2": 0.745496630669,
        "max": 17.9959926605,
        "mean": 2.01871228218,
        "median": 1.70938265324,
        "min": -1.32227468491,
        "var": 2.36680817604
    },
    "melbands_spread": {
        "dmean": 3.88317298889,
        "dmean2": 6.05685710907,
        "dvar": 39.8166046143,
        "dvar2": 71.8749847412,
        "max": 181.601272583,
        "mean": 19.6612243652,
        "median": 17.0722961426,
        "min": 0.436594963074,
        "var": 197.800918579
    },
    "pitch_salience": {
        "dmean": 0.059441190213,
        "dmean2": 0.0961328446865,
        "dvar": 0.00281712831929,
        "dvar2": 0.00702075148001,
        "max": 0.869623064995,
        "mean": 0.528085052967,
        "median": 0.531311392784,
        "min": 0.0972246676683,
        "var": 0.0164449699223
    },
    "silence_rate_20dB": {
        "dmean": 0,
        "dmean2": 0,
        "dvar": 0,
        "dvar2": 0,
        "max": 1,
        "mean": 1,
        "median": 1,
        "min": 1,
        "var": 0
    },
    "silence_rate_30dB": {
        "dmean": 0.0031691857148,
        "dmean2": 0.00633914442733,
        "dvar": 0.003159170039,
        "dvar2": 0.00849385000765,
        "max": 1,
        "mean": 0.997440576553,
        "median": 1,
        "min": 0,
        "var": 0.00255266204476
    },
    "silence_rate_60dB": {
        "dmean": 0.0199902486056,
        "dmean2": 0.0399853698909,
        "dvar": 0.0195881873369,
        "dvar2": 0.0447163619101,
        "max": 1,
        "mean": 0.106520414352,
        "median": 0,
        "min": 0,
        "var": 0.0951785668731
    },
    "spectral_centroid": {
        "dmean": 141.317459106,
        "dmean2": 220.259780884,
        "dvar": 44260.921875,
        "dvar2": 77475.9765625,
        "max": 10520.8535156,
        "mean": 1074.45568848,
        "median": 1031.56225586,
        "min": 124.346855164,
        "var": 270466.15625
    },
    "spectral_complexity": {
        "dmean": 2.20965385437,
        "dmean2": 3.64988422394,
        "dvar": 4.33789587021,
        "dvar2": 10.9613294601,
        "max": 43,
        "mean": 15.5524682999,
        "median": 16,
        "min": 0,
        "var": 57.8751792908
    },
    "spectral_decrease": {
        "dmean": 1.53629264865e-09,
        "dmean2": 2.41189823669e-09,
        "dvar": 5.09074824952e-18,
        "dvar2": 1.28175176248e-17,
        "max": -7.39355838966e-29,
        "mean": -6.99432822771e-09,
        "median": -6.40295771959e-09,
        "min": -5.10064275261e-08,
        "var": 2.89130891514e-17
    },
    "spectral_energy": {
        "dmean": 0.00603609345853,
        "dmean2": 0.00944684911519,
        "dvar": 7.63001880841e-05,
        "dvar2": 0.000190339662367,
        "max": 0.198146224022,
        "mean": 0.0281375255436,
        "median": 0.0253820791841,
        "min": 1.09249717844e-20,
        "var": 0.000467008823762
    },
    "spectral_energyband_high": {
        "dmean": 0.000104754260974,
        "dmean2": 0.000149438143126,
        "dvar": 8.82385791101e-08,
        "dvar2": 1.42778944223e-07,
        "max": 0.00658877193928,
        "mean": 0.000347488443367,
        "median": 0.000237567903241,
        "min": 8.10177446542e-21,
        "var": 2.92745966135e-07
    },
    "spectral_energyband_low": {
        "dmean": 0.00335682067089,
        "dmean2": 0.00550271710381,
        "dvar": 5.1787654229e-05,
        "dvar2": 0.000143200508319,
        "max": 0.133586227894,
        "mean": 0.00933317281306,
        "median": 0.0074556497857,
        "min": 8.91571920367e-23,
        "var": 0.000105049235572
    },
    "spectral_energyband_middle_high": {
        "dmean": 0.00175187457353,
        "dmean2": 0.00263233296573,
        "dvar": 9.39221808949e-06,
        "dvar2": 1.90475129784e-05,
        "max": 0.0807523801923,
        "mean": 0.00673677586019,
        "median": 0.00318118836731,
        "min": 1.58194172404e-21,
        "var": 7.50305698602e-05
    },
    "spectral_energyband_middle_low": {
        "dmean": 0.00351911969483,
        "dmean2": 0.00549215218052,
        "dvar": 2.74733756669e-05,
        "dvar2": 5.9843659983e-05,
        "max": 0.0864911526442,
        "mean": 0.0123639311641,
        "median": 0.00833282805979,
        "min": 3.73022231769e-22,
        "var": 0.000158277383889
    },
    "spectral_entropy": {
        "dmean": 0.125735163689,
        "dmean2": 0.190020382404,
        "dvar": 0.0162814892828,
        "dvar2": 0.0327208302915,
        "max": 9.79134273529,
        "mean": 7.30184793472,
        "median": 7.39682483673,
        "min": 4.6943564415,
        "var": 0.251831173897
    },
    "spectral_flux": {
        "dmean": 0.0176418144256,
        "dmean2": 0.027889881283,
        "dvar": 0.000406878709327,
        "dvar2": 0.000937927747145,
        "max": 0.358085006475,
        "mean": 0.0697742253542,
        "median": 0.0628982931376,
        "min": 1.0452259197e-10,
        "var": 0.00176158640534
    },
    "spectral_kurtosis": {
        "dmean": 3.16001868248,
        "dmean2": 5.3120508194,
        "dvar": 58.0377578735,
        "dvar2": 157.282440186,
        "max": 226.880706787,
        "mean": 8.71884059906,
        "median": 5.15071868896,
        "min": -1.21749782562,
        "var": 256.956665039
    },
    "spectral_rms": {
        "dmean": 0.000526635616552,
        "dmean2": 0.000814357190393,
        "dvar": 3.4724146758e-07,
        "dvar2": 8.19200977276e-07,
        "max": 0.0139037184417,
        "mean": 0.00476799998432,
        "median": 0.00497624371201,
        "min": 3.26473722188e-12,
        "var": 4.71751764053e-06
    },
    "spectral_rolloff": {
        "dmean": 233.143753052,
        "dmean2": 392.039031982,
        "dvar": 346862.40625,
        "dvar2": 636804.75,
        "max": 17657.2265625,
        "mean": 1052.96484375,
        "median": 861.328125,
        "min": 43.06640625,
        "var": 830766.125
    },
    "spectral_skewness": {
        "dmean": 0.27900108695,
        "dmean2": 0.466460108757,
        "dvar": 0.181617513299,
        "dvar2": 0.500280380249,
        "max": 12.2621622086,
        "mean": 1.99625647068,
        "median": 1.78782761097,
        "min": 0.0510851852596,
        "var": 0.907039940357
    },
    "spectral_spread": {
        "dmean": 369797.8125,
        "dmean2": 546877.25,
        "dvar": 400507600896,
        "dvar2": 567120166912,
        "max": 40435036,
        "mean": 3850920.25,
        "median": 3983822,
        "min": 396554.03125,
        "var": 2.23808454656e+12
    },
    "spectral_strongpeak": {
        "dmean": 0.589265227318,
        "dmean2": 0.99187451601,
        "dvar": 1.08808803558,
        "dvar2": 2.6866300106,
        "max": 10.8742027283,
        "mean": 1.41612970829,
        "median": 0.410086363554,
        "min": 0,
        "var": 3.34739685059
    },
    "zerocrossingrate": {
        "dmean": 0.00597346993163,
        "dmean2": 0.00747559033334,
        "dvar": 0.000111733686936,
        "dvar2": 0.00012124330533,
        "max": 0.60205078125,
        "mean": 0.0453100018203,
        "median": 0.044921875,
        "min": 0.00146484375,
        "var": 0.000672519032378
    },
    "barkbands": {
        "dmean": [0.000529912707862, 0.00259333034046, 0.000872128177434, 0.00048288461403, 0.001023133751, 0.000850124284625, 0.000535011407919, 0.000902490224689, 0.00144780101255, 0.00097163207829, 0.000392535410356, 0.000337316771038, 0.000398573669372, 0.000312826799927, 0.000504619732965, 0.000149425322888, 0.00013216867228, 0.000179311115062, 0.000107831598143, 3.39898288075e-05, 2.56462735706e-05, 2.86541489913e-05, 2.77073904726e-05, 2.41305860982e-05, 1.92212337424e-05, 9.35618572839e-06, 4.71436521821e-07],
        "dmean2": [0.000869389506988, 0.0042135710828, 0.00149341893848, 0.000828721676953, 0.0017068667803, 0.00134018214885, 0.000814035476651, 0.0013496207539, 0.00215610489249, 0.00141508202069, 0.000612710311543, 0.000525598647073, 0.000620411126874, 0.000478717847727, 0.00079934328096, 0.000239129964029, 0.000214347281144, 0.000286978756776, 0.000171605861397, 5.52912570129e-05, 4.07340412494e-05, 4.46411177109e-05, 4.20799988206e-05, 3.643247328e-05, 2.78204752249e-05, 1.30671296574e-05, 7.34640480005e-07],
        "dvar": [1.54470785674e-06, 3.62859427696e-05, 5.5063792388e-06, 8.50732135405e-07, 2.74402827927e-06, 2.44899547397e-06, 2.61491413767e-06, 6.80939183439e-06, 1.38704317578e-05, 7.69980397308e-06, 8.70587768986e-07, 1.16695014185e-06, 1.40897986967e-06, 6.81465508023e-07, 1.65021151588e-06, 1.59906377917e-07, 9.13957052262e-08, 1.2359582513e-07, 5.34484598802e-08, 4.36123226422e-09, 3.30268523641e-09, 5.18687803819e-09, 4.766945505e-09, 6.78337697124e-09, 5.79917092125e-09, 8.97998508886e-10, 6.2420693614e-12],
        "dvar2": [4.05464606956e-06, 9.71994595602e-05, 1.58087823365e-05, 2.35555512518e-06, 7.25786048861e-06, 6.01072679274e-06, 5.45117882211e-06, 1.43031993503e-05, 2.88255905616e-05, 1.37082797664e-05, 1.95963139049e-06, 2.60765250459e-06, 3.23654830936e-06, 1.45208593949e-06, 4.15853992308e-06, 3.79639431003e-07, 2.0597441619e-07, 3.17746327028e-07, 1.24254867728e-07, 1.05873256828e-08, 7.28384508264e-09, 1.09234594703e-08, 9.14842601674e-09, 1.30525199538e-08, 1.09150422034e-08, 1.4875072285e-09, 1.18436415189e-11],
        "max": [0.0217801127583, 0.0991935655475, 0.0475531667471, 0.0173463504761, 0.0429485738277, 0.0362489521503, 0.0610186494887, 0.0611230581999, 0.0803089663386, 0.0781054347754, 0.0220721177757, 0.0280723106116, 0.0286999139935, 0.0222404878587, 0.0313846282661, 0.0105904620141, 0.0109292641282, 0.00574632687494, 0.00538075482473, 0.00176383624785, 0.00154082849622, 0.00259043695405, 0.00204595900141, 0.00267056724988, 0.00224373745732, 0.00148227566388, 9.31527902139e-05],
        "mean": [0.0010124387918, 0.00637016398832, 0.00171539746225, 0.000777699693572, 0.00193862162996, 0.00188568001613, 0.00121221458539, 0.00212817429565, 0.00349020306021, 0.00230036699213, 0.00076768710278, 0.000564793357626, 0.000788983772509, 0.000530679535586, 0.000971788889728, 0.000272828212474, 0.000278291612631, 0.000457715621451, 0.000283228291664, 7.35699359211e-05, 6.00374842179e-05, 7.03677796992e-05, 7.06740829628e-05, 5.82752873015e-05, 3.99246455345e-05, 1.72249292518e-05, 5.24471147401e-07],
        "median": [0.000151210828335, 0.00446461141109, 0.000824185437523, 0.000376344367396, 0.00131303537637, 0.00105968269054, 0.000407150422689, 0.000343373772921, 0.000440084550064, 0.000337755394867, 0.000191673956579, 0.00017553968064, 0.000144768462633, 0.000128361818497, 0.000162777883816, 0.000103805781691, 0.000120465418149, 0.00011929727043, 7.73274368839e-05, 4.54624350823e-05, 4.09227213822e-05, 3.72156064259e-05, 3.3666863601e-05, 2.9600916605e-05, 2.16090011236e-05, 6.24328595222e-06, 5.56212453873e-09],
        "min": [7.1321028037e-23, 4.29584808229e-23, 1.84058320138e-23, 1.08693073608e-23, 1.16533814581e-22, 5.71897271906e-23, 3.66439711318e-23, 3.41777836828e-23, 9.08354715245e-23, 8.32776413161e-23, 6.11303272259e-23, 9.49118755423e-23, 7.37242959402e-23, 9.17044112779e-23, 1.34292764875e-22, 2.02512749139e-22, 1.80650964831e-22, 1.83778425978e-22, 4.03740551149e-22, 1.91135380645e-22, 3.89583312556e-22, 5.66404704791e-22, 7.24837761947e-22, 7.44064763453e-22, 1.3600744556e-21, 2.08278161153e-21, 2.31027021442e-21],
        "var": [3.86523242923e-06, 6.55073454254e-05, 6.64295930619e-06, 1.36283279062e-06, 5.03550427311e-06, 7.49510491005e-06, 1.4178271158e-05, 3.3583251934e-05, 6.38677083771e-05, 4.46856465715e-05, 2.76018954537e-06, 2.39110750044e-06, 4.57435680801e-06, 1.66209531471e-06, 4.45475689048e-06, 3.62513048913e-07, 3.65485817611e-07, 5.72983935854e-07, 2.25801471743e-07, 1.1185138149e-08, 8.63738858214e-09, 1.61503379559e-08, 1.5049288038e-08, 1.44944491964e-08, 1.07970770102e-08, 2.1764534619e-09, 1.01545967815e-11]
    },
    "erbbands": {
        "dmean": [0.111812733114, 0.488986074924, 0.99857801199, 1.1880043745, 2.08283114433, 4.08705663681, 6.7304058075, 6.84673595428, 6.97653770447, 9.84838581085, 22.7970695496, 32.5908432007, 31.2842445374, 21.1980190277, 14.3708772659, 13.3756771088, 17.1128082275, 14.8162784576, 27.8714046478, 10.7587165833, 6.81152486801, 6.23280620575, 10.0436286926, 5.48848342896, 4.575340271, 1.35030126572, 1.17429041862, 0.949200809002, 1.01463532448, 0.958309233189, 0.788534283638, 0.625727474689, 0.336867183447, 0.213112339377, 0.14858417213, 0.0525489859283, 0.0156330093741, 0.00246570073068, 5.49848809897e-05, 7.68621976022e-06],
        "dmean2": [0.1832819134, 0.79282617569, 1.7047495842, 2.04916739464, 3.55284070969, 6.93732357025, 10.7495594025, 10.7615404129, 10.7551231384, 14.91173172, 34.4433250427, 48.3892440796, 44.4852218628, 31.4009914398, 22.4603652954, 20.651884079, 26.2741394043, 22.6966190338, 44.2279548645, 16.9067306519, 10.9192276001, 10.1319618225, 16.2203121185, 8.82717132568, 7.33001375198, 2.19876098633, 1.8937087059, 1.49678385258, 1.58502233028, 1.48337626457, 1.2069683075, 0.943906009197, 0.50594753027, 0.314449310303, 0.21667739749, 0.0743141397834, 0.0219460055232, 0.00355286593549, 7.7885146311e-05, 1.1735471162e-05],
        "dvar": [0.0655171722174, 1.67131817341, 8.75137710571, 4.88514232635, 15.149805069, 53.1965827942, 155.546661377, 189.01763916, 330.529998779, 1111.91796875, 4735.36865234, 7300.125, 8127.55517578, 3185.11425781, 1310.29321289, 1868.19519043, 2739.69262695, 1574.48583984, 5724.77148438, 647.295288086, 370.682739258, 154.919250488, 422.679290771, 142.624389648, 102.945106506, 5.4341506958, 5.61523962021, 6.46208190918, 6.80804920197, 5.12838029861, 4.04680013657, 2.82303118706, 2.28532934189, 0.883012056351, 0.289833515882, 0.0293459333479, 0.00263304822147, 0.00014602758165, 7.24006739006e-08, 1.4210881083e-10],
        "dvar2": [0.187892720103, 4.15483045578, 24.5891952515, 13.460978508, 41.0588417053, 145.153137207, 391.641479492, 459.032958984, 703.611877441, 2337.21508789, 10051.5351562, 15571.5244141, 15240.9589844, 6403.63378906, 3183.42260742, 4190.765625, 6080.87402344, 3573.77294922, 14764.453125, 1463.34973145, 885.320129395, 367.334472656, 1107.3112793, 355.453643799, 237.345718384, 13.5092887878, 13.327340126, 13.7681274414, 14.469748497, 10.7759933472, 7.56926679611, 5.58909416199, 4.35653543472, 1.76606798172, 0.515639364719, 0.0495329461992, 0.00458755204454, 0.000319142942317, 1.42501576761e-07, 3.16921100474e-10],
        "max": [4.52762746811, 24.0667800903, 67.0663757324, 44.4405136108, 104.149436951, 221.548416138, 263.41027832, 368.61114502, 709.414428711, 1165.3782959, 1744.89624023, 1873.76379395, 2738.90478516, 1869.91162109, 948.452697754, 1314.6998291, 1569.5657959, 1340.01257324, 1782.87561035, 567.719970703, 689.932495117, 375.108093262, 411.476043701, 422.403442383, 275.006896973, 49.4503669739, 62.8585929871, 73.6041717529, 87.3428192139, 72.7850570679, 74.7772064209, 55.6198692322, 52.5903244019, 29.288351059, 21.4958457947, 7.71815109253, 2.87545347214, 0.608900785446, 0.0119777154177, 0.000315797165968],
        "mean": [0.26252707839, 1.11552560329, 2.11641287804, 2.18856358528, 3.68466043472, 6.9391040802, 13.3264131546, 15.2071170807, 17.1445026398, 21.8881187439, 60.3035316467, 84.2297286987, 79.6909408569, 48.4553871155, 31.2521495819, 24.992931366, 36.4246559143, 31.0919399261, 57.0607719421, 23.9134178162, 15.0607118607, 16.077047348, 26.690826416, 15.5839738846, 11.8804178238, 3.41780471802, 2.63011622429, 2.19346642494, 2.39411664009, 2.44828271866, 1.97488951683, 1.54436182976, 0.759099781513, 0.448837161064, 0.288128077984, 0.100512221456, 0.0269005931914, 0.00372382765636, 9.73483547568e-05, 3.63052095054e-05],
        "median": [0.154474243522, 0.78325098753, 1.14840507507, 1.50493204594, 2.02309322357, 4.2557425499, 8.1846818924, 7.4450097084, 6.60973310471, 7.051882267, 10.5169944763, 13.0127544403, 14.2463846207, 12.6503944397, 9.14958190918, 8.60956096649, 8.31769943237, 9.75050354004, 10.0595626831, 7.73549938202, 6.68385648727, 7.40991830826, 7.65861845016, 4.60081577301, 3.82039451599, 2.36390304565, 1.86037385464, 1.41773808002, 1.27876353264, 1.19090485573, 0.936102986336, 0.702658832073, 0.421525985003, 0.242088675499, 0.142369508743, 0.0435047149658, 0.00702591286972, 0.000444600911578, 3.40223159583e-05, 3.15252145811e-05],
        "min": [5.85353926284e-22, 1.22694755142e-20, 2.79024564226e-20, 2.68711043705e-20, 8.11471289498e-20, 6.06969882349e-19, 3.77985505881e-19, 6.69386966818e-19, 6.64465862559e-19, 3.29517995262e-19, 1.12688489889e-18, 1.63605995745e-18, 2.38549231327e-18, 3.75232948656e-18, 2.63733096628e-18, 3.45591737906e-18, 2.88163214275e-18, 4.22350479836e-18, 5.745425722e-18, 7.58278535479e-18, 1.39458399568e-17, 1.04709112789e-17, 9.17223606287e-18, 1.13425296884e-17, 2.45024512831e-17, 1.18429061301e-17, 1.41545376254e-17, 1.53877365329e-17, 1.88315888623e-17, 1.82439547921e-17, 2.32301184608e-17, 1.77174295167e-17, 1.16971031395e-17, 1.45635354249e-17, 1.06385634183e-17, 7.03895959697e-18, 4.17180021981e-18, 1.60064804523e-18, 3.08273308795e-19, 2.97980409627e-20],
        "var": [0.136913836002, 2.66368293762, 10.1691141129, 6.97513389587, 27.7266788483, 84.2531204224, 305.766906738, 653.667907715, 2394.41918945, 3690.84277344, 27660.9667969, 38485.3984375, 48282.5703125, 15489.953125, 4191.83056641, 3935.70947266, 9542.60839844, 4333.40673828, 16810.0527344, 2052.5300293, 1121.31945801, 750.05279541, 1981.30810547, 778.326904297, 379.31036377, 16.8753433228, 13.0684499741, 16.1256275177, 19.6904029846, 17.6373977661, 12.0131015778, 7.86107730865, 3.99242353439, 1.49310469627, 0.581304848194, 0.0687351375818, 0.00606405548751, 0.000218990258873, 1.21642742101e-07, 8.09472378016e-10]
    },
    "gfcc": {
        "mean": [-35.5830917358, 123.96723938, -126.730117798, 23.0448436737, -53.8872032166, 11.9789466858, -33.0981330872, 10.8445138931, -16.4541416168, -1.32174324989, -10.3975858688, -0.316073864698, -6.01277446747],
        "cov": [[12606.4697266, -4257.765625, 764.032836914, 1042.80126953, -684.382263184, 1924.03027344, -550.413146973, 1590.49121094, -251.263458252, 679.866027832, -359.368164062, 500.067077637, -625.658752441], [-4257.765625, 2824.84228516, -237.263809204, -218.446777344, 636.679504395, -987.186340332, 542.635437012, -791.525695801, 282.178405762, -256.708770752, 260.559875488, -165.537719727, 343.904327393], [764.032836914, -237.263809204, 1023.28704834, 188.558303833, 105.93447876, 120.055618286, -274.953735352, 148.341888428, -161.620422363, 157.5519104, -34.8875961304, 150.479431152, -79.7634811401], [1042.80126953, -218.446777344, 188.558303833, 483.674530029, 27.4619655609, 135.278396606, -3.37516021729, 76.6624603271, 42.3208656311, 73.0388412476, 21.0647258759, 66.6546936035, 31.5511856079], [-684.382263184, 636.679504395, 105.93447876, 27.4619655609, 412.842163086, -204.684417725, 150.628662109, -114.810012817, 75.7962493896, 21.5262184143, 42.5593910217, 30.7790222168, 65.404296875], [1924.03027344, -987.186340332, 120.055618286, 135.278396606, -204.684417725, 579.001159668, -135.894729614, 346.859161377, -81.6821517944, 92.7003479004, -35.0719261169, 44.3780670166, -114.42111969], [-550.413146973, 542.635437012, -274.953735352, -3.37516021729, 150.628662109, -135.894729614, 412.025726318, -129.940856934, 126.526557922, -33.0044784546, 60.0771026611, -12.5803642273, 104.009307861], [1590.49121094, -791.525695801, 148.341888428, 76.6624603271, -114.810012817, 346.859161377, -129.940856934, 393.054260254, -33.6846427917, 120.672065735, -66.1742782593, 51.8831443787, -84.3939208984], [-251.263458252, 282.178405762, -161.620422363, 42.3208656311, 75.7962493896, -81.6821517944, 126.526557922, -33.6846427917, 206.713424683, 8.82766819, 31.3566093445, -53.3992385864, 76.2188110352], [679.866027832, -256.708770752, 157.5519104, 73.0388412476, 21.5262184143, 92.7003479004, -33.0044784546, 120.672065735, 8.82766819, 179.401855469, -28.7366504669, 43.0311737061, -19.215013504], [-359.368164062, 260.559875488, -34.8875961304, 21.0647258759, 42.5593910217, -35.0719261169, 60.0771026611, -66.1742782593, 31.3566093445, -28.7366504669, 133.191772461, 2.01198720932, 40.0067481995], [500.067077637, -165.537719727, 150.479431152, 66.6546936035, 30.7790222168, 44.3780670166, -12.5803642273, 51.8831443787, -53.3992385864, 43.0311737061, 2.01198720932, 141.309143066, -20.1209373474], [-625.658752441, 343.904327393, -79.7634811401, 31.5511856079, 65.404296875, -114.42111969, 104.009307861, -84.3939208984, 76.2188110352, -19.215013504, 40.0067481995, -20.1209373474, 173.207382202]],
        "icov": [[0.0003392273793, -0.000145207639434, 0.000173389838892, -0.000521310255863, 0.000268554547802, -0.00054538610857, 2.79361671573e-07, -0.000600389146712, -8.57737031765e-05, -0.000427061750088, 0.000525420589838, -0.000784534960985, 0.000711951812264], [-0.000145207639434, 0.00349532044493, -0.00128993752878, 0.00105587742291, -0.00231507536955, 0.00258759688586, -0.00172751385253, 0.00240457663313, -0.00105420744512, 0.00190415757243, -0.00321583286859, 0.00296511570923, -0.00169597170316], [0.000173389838892, -0.00128993752878, 0.00247535458766, -0.00110551842954, -5.94258781348e-05, -0.0010009893449, 0.00183366239071, -0.00119691470172, 0.00150295102503, -0.00185943231918, 0.00117659789976, -0.00207427376881, 0.000825328810606], [-0.000521310255863, 0.00105587742291, -0.00110551842954, 0.00388332898729, -0.000910078058951, 0.000298572937027, -0.000366609514458, 0.00202172226273, -0.00152862071991, 0.000825821654871, -0.00163713260554, 0.000632868846878, -0.00223397393711], [0.000268554547802, -0.00231507536955, -5.94258781348e-05, -0.000910078058951, 0.00573968188837, -0.00070419505937, -0.000321156985592, -0.00175538728945, -0.000401182682253, -0.00191046576947, 0.00188232329674, -0.00295216729864, 0.00159697968047], [-0.00054538610857, 0.00258759688586, -0.0010009893449, 0.000298572937027, -0.00070419505937, 0.00742732547224, -0.00172006955836, -0.00144788855687, 0.000856977479998, 0.00169806624763, -0.00423153815791, 0.00382595742121, -0.00089015258709], [2.79361671573e-07, -0.00172751385253, 0.00183366239071, -0.000366609514458, -0.000321156985592, -0.00172006955836, 0.00539935193956, -0.000152851178427, -0.000698062824085, -0.00109700032044, 0.00113742309622, -0.00265686493367, -0.000375421863282], [-0.000600389146712, 0.00240457663313, -0.00119691470172, 0.00202172226273, -0.00175538728945, -0.00144788855687, -0.000152851178427, 0.00970655772835, -0.00239895307459, -0.000212971004657, -0.000801822287031, 0.00141364359297, -0.00195345212705], [-8.57737031765e-05, -0.00105420744512, 0.00150295102503, -0.00152862071991, -0.000401182682253, 0.000856977479998, -0.000698062824085, -0.00239895307459, 0.0095738042146, -0.00217186845839, -0.000435692229075, 0.00292758480646, -0.00129131262656], [-0.000427061750088, 0.00190415757243, -0.00185943231918, 0.000825821654871, -0.00191046576947, 0.00169806624763, -0.00109700032044, -0.000212971004657, -0.00217186845839, 0.010034144856, -0.000933137198444, 0.00111674075015, -0.00151781155728], [0.000525420589838, -0.00321583286859, 0.00117659789976, -0.00163713260554, 0.00188232329674, -0.00423153815791, 0.00113742309622, -0.000801822287031, -0.000435692229075, -0.000933137198444, 0.0127887325361, -0.00469409115613, 0.00113221257925], [-0.000784534960985, 0.00296511570923, -0.00207427376881, 0.000632868846878, -0.00295216729864, 0.00382595742121, -0.00265686493367, 0.00141364359297, 0.00292758480646, 0.00111674075015, -0.00469409115613, 0.0144328130409, -0.00226879352704], [0.000711951812264, -0.00169597170316, 0.000825328810606, -0.00223397393711, 0.00159697968047, -0.00089015258709, -0.000375421863282, -0.00195345212705, -0.00129131262656, -0.00151781155728, 0.00113221257925, -0.00226879352704, 0.0104568516836]]
    },
    "melbands": {
        "dmean": [0.000829287688248, 0.00052601005882, 0.000218651577597, 0.000207167206099, 0.000220184228965, 0.000153037370183, 0.000107646730612, 0.000120344317111, 0.000201176590053, 0.000211033519008, 0.000160874784342, 9.37051590881e-05, 4.85292766825e-05, 4.16964066972e-05, 3.48951289197e-05, 4.2972904339e-05, 2.76771861536e-05, 4.66065430373e-05, 2.65257694991e-05, 1.20130744108e-05, 8.30917997519e-06, 7.18481396689e-06, 1.07989280878e-05, 7.32789476388e-06, 4.88123760078e-06, 4.816055025e-06, 1.95245479517e-06, 8.74281340657e-07, 8.33654439703e-07, 7.42544216337e-07, 5.66221672216e-07, 5.95017581873e-07, 7.03635180344e-07, 5.65017046483e-07, 5.05835487274e-07, 4.84026429604e-07, 3.84632471651e-07, 2.61523069867e-07, 2.12717651493e-07, 1.90417466683e-07],
        "dmean2": [0.00134587066714, 0.000873732031323, 0.000375025148969, 0.000353411887772, 0.000355400319677, 0.000240074223257, 0.000165365578141, 0.000181716415682, 0.000300712970784, 0.000313926575473, 0.000226475938689, 0.000138283576234, 7.52416672185e-05, 6.38605779386e-05, 5.33437778358e-05, 6.67093481752e-05, 4.23193268944e-05, 7.33886263333e-05, 4.15201902797e-05, 1.90994396689e-05, 1.33947978611e-05, 1.17498993859e-05, 1.73314601852e-05, 1.17574909382e-05, 7.91911043052e-06, 7.6595297287e-06, 3.18071533911e-06, 1.44737555274e-06, 1.36546350404e-06, 1.20220886402e-06, 8.98355438039e-07, 9.56469648372e-07, 1.10640883122e-06, 8.88704903446e-07, 7.90150750163e-07, 7.38605876904e-07, 5.92236858665e-07, 4.00138134182e-07, 3.22727544244e-07, 2.87382277975e-07],
        "dvar": [3.4394049635e-06, 2.26124666369e-06, 1.58445544685e-07, 1.27573571262e-07, 1.49408123207e-07, 8.78783552594e-08, 8.41319192091e-08, 1.44388707213e-07, 3.76498718424e-07, 3.10148323024e-07, 2.10219553765e-07, 6.75929641147e-08, 1.30461845771e-08, 1.86661619495e-08, 1.31537332138e-08, 1.56280641761e-08, 6.41556630043e-09, 1.57886486107e-08, 4.22516599485e-09, 9.09538333538e-10, 6.65648314246e-10, 2.56052012926e-10, 4.37449299007e-10, 2.22135962402e-10, 1.1964217117e-10, 1.25924548566e-10, 1.79060308247e-11, 2.38285736628e-12, 2.5473874312e-12, 2.58241756972e-12, 3.03887557479e-12, 2.85282626515e-12, 2.59362800334e-12, 1.81589335582e-12, 1.56426065677e-12, 1.82072607859e-12, 9.25137028616e-13, 1.27784599308e-12, 9.64206470742e-13, 6.2720434315e-13],
        "dvar2": [9.51245601755e-06, 6.04997876508e-06, 4.36541000681e-07, 3.47555555891e-07, 3.72270903881e-07, 2.12326895621e-07, 1.80014438911e-07, 3.11757133886e-07, 8.05927811598e-07, 6.55830206142e-07, 3.87494480947e-07, 1.31244789259e-07, 3.00387412722e-08, 4.00582322868e-08, 2.97396596238e-08, 3.67072772178e-08, 1.41124036901e-08, 3.97652542006e-08, 9.74003633303e-09, 2.12356221496e-09, 1.56004564822e-09, 6.00930361028e-10, 1.08410880273e-09, 5.55351542531e-10, 2.98776697827e-10, 2.9069174845e-10, 4.44891484763e-11, 6.24966137869e-12, 6.2951601397e-12, 6.16945340301e-12, 6.88805392932e-12, 6.31059137238e-12, 5.6513830074e-12, 4.03005623664e-12, 3.14772123297e-12, 3.74045282595e-12, 1.91487147319e-12, 2.55466698143e-12, 1.85345922638e-12, 1.33285212294e-12],
        "max": [0.0334584601223, 0.035926874727, 0.00701777264476, 0.0101295616478, 0.00809382740408, 0.0077325636521, 0.0105271544307, 0.0113975256681, 0.0151439430192, 0.0136691546068, 0.0136868320405, 0.00812299363315, 0.0024769671727, 0.00428208475932, 0.00470990920439, 0.00321164587513, 0.00282088224776, 0.00259396922775, 0.0015117888106, 0.000770575366914, 0.000922304694541, 0.000542365189176, 0.000418745767092, 0.000267393945251, 0.000381536636269, 0.000287540868158, 0.000118121359264, 3.70127709175e-05, 4.40578078269e-05, 5.0131820899e-05, 5.97348880547e-05, 6.10333954683e-05, 3.96115792682e-05, 4.71687999379e-05, 3.92338515667e-05, 5.14348466822e-05, 3.00845695165e-05, 4.081392035e-05, 2.95956015179e-05, 2.55637569353e-05],
        "mean": [0.00204920349643, 0.00123262277339, 0.000435534981079, 0.000365453335689, 0.000444400327979, 0.000346222717781, 0.000262085726717, 0.000257728795987, 0.000512605649419, 0.000540413660929, 0.000392420450225, 0.000204369192943, 0.000100583158201, 7.32548069209e-05, 6.14796372247e-05, 8.55616672197e-05, 4.99982124893e-05, 9.03599138837e-05, 5.18192973686e-05, 2.20183083002e-05, 1.68175247381e-05, 1.52871616592e-05, 2.54951664829e-05, 1.84932341654e-05, 1.17905428851e-05, 1.14292615763e-05, 4.20007245339e-06, 1.78193431566e-06, 1.6453934677e-06, 1.52808638632e-06, 1.14574686449e-06, 1.26935356093e-06, 1.52458164848e-06, 1.30053012981e-06, 1.13935641366e-06, 1.08618189643e-06, 8.79939818788e-07, 5.36628249392e-07, 4.23625920121e-07, 3.63976539575e-07],
        "median": [0.00131849898025, 0.000832449877635, 0.000295486563118, 0.000229394092457, 0.000288998591714, 0.000177320369403, 9.69780085143e-05, 7.1630885941e-05, 7.28122904547e-05, 6.6871434683e-05, 5.8281377278e-05, 4.18921663368e-05, 2.63583333435e-05, 2.2553755116e-05, 1.7613201635e-05, 1.53252149175e-05, 1.30116914079e-05, 1.3985932128e-05, 1.13834003059e-05, 7.95197411207e-06, 6.6760107984e-06, 6.75279943607e-06, 7.63334537623e-06, 4.96622305945e-06, 3.19757236866e-06, 2.70644000011e-06, 1.87939053831e-06, 1.18738864785e-06, 1.08056781301e-06, 9.62853619058e-07, 6.65853633564e-07, 6.57271812088e-07, 6.85994280047e-07, 5.93272943661e-07, 5.15382794219e-07, 4.67099255275e-07, 3.80091648822e-07, 2.82708697341e-07, 2.20214204205e-07, 1.80256449767e-07],
        "min": [1.2338145856e-23, 1.62195592352e-23, 4.69314375659e-24, 2.44193849586e-23, 1.79746564202e-23, 1.38372576772e-23, 8.83353898778e-24, 3.67431688129e-24, 1.06360624904e-23, 1.11612111393e-23, 1.1070204201e-23, 1.44943456791e-23, 8.38300001443e-24, 9.79765954259e-24, 7.65024841881e-24, 8.09275363271e-24, 7.17597262082e-24, 9.08924193932e-24, 9.90289989824e-24, 1.0308603962e-23, 1.66571782447e-23, 1.11672624913e-23, 7.00064197374e-24, 9.57780953033e-24, 8.48172516785e-24, 1.61352347376e-23, 1.27338653073e-23, 6.79197722026e-24, 8.49325989201e-24, 8.32157141574e-24, 9.86866333495e-24, 9.21932036943e-24, 1.31901306219e-23, 8.80562356693e-24, 1.35485377413e-23, 1.42746573833e-23, 8.64456262477e-24, 7.3668564495e-24, 9.83981311392e-24, 1.30310063333e-23],
        "var": [7.0950418376e-06, 2.96922894449e-06, 2.61709629967e-07, 2.18527162588e-07, 2.96625529472e-07, 3.23286172943e-07, 5.79118307087e-07, 4.7117481472e-07, 2.13514385905e-06, 1.73639614331e-06, 1.24163443616e-06, 3.3311482639e-07, 4.68034677681e-08, 3.95464958558e-08, 2.75977178887e-08, 5.63950592891e-08, 1.74293575128e-08, 4.69354901611e-08, 1.26649908339e-08, 2.23334750693e-09, 2.22765228486e-09, 9.65863389268e-10, 1.81842574332e-09, 9.33437771522e-10, 5.37004329892e-10, 4.27157392791e-10, 5.07804666372e-11, 4.96804897568e-12, 5.15178394736e-12, 5.91572450748e-12, 6.09549910546e-12, 7.12962371432e-12, 7.55644418565e-12, 5.31227535919e-12, 4.10970996817e-12, 4.51077413269e-12, 2.50674069176e-12, 2.07514322566e-12, 1.63715059304e-12, 9.92948019814e-13]
    },
    "mfcc": {
        "mean": [-670.540405273, 144.557647705, -4.69887256622, 13.7204380035, 4.67071294785, 0.790346443653, -1.74639582634, 7.91433429718, -1.18685686588, 4.27023124695, 1.2522315979, -2.14497756958, -3.72909712791],
        "cov": [[9623.21289062, -2307.95703125, -48.8899879456, 50.2051277161, 276.354614258, 252.418731689, 146.725463867, 816.734619141, 93.670715332, 567.013183594, 529.723449707, 58.920665741, -52.1841087341], [-2307.95703125, 1436.05041504, -22.8689823151, 207.838012695, -27.4299411774, -28.1925067902, 33.0918617249, -211.893890381, -3.17796587944, -144.377349854, -122.962844849, 18.2321071625, 41.9265441895], [-48.8899879456, -22.8689823151, 655.861083984, 164.835861206, 185.764053345, 63.012802124, -6.28838443756, -56.9710044861, -68.9479980469, -54.6448669434, -26.3010540009, 11.4789066315, 49.9317588806], [50.2051277161, 207.838012695, 164.835861206, 399.548370361, 161.581008911, 49.2775497437, 13.4969177246, -33.1115036011, 41.1451683044, -26.8242893219, -14.6168279648, 38.5626945496, 72.3110198975], [276.354614258, -27.4299411774, 185.764053345, 161.581008911, 258.667449951, 46.2439613342, -5.99714708328, 1.12362861633, -3.39426445961, 20.0923786163, 9.38322639465, 4.59053707123, 26.3308620453], [252.418731689, -28.1925067902, 63.012802124, 49.2775497437, 46.2439613342, 143.779220581, 63.6795654297, 27.3787269592, 11.2001791, 17.9587554932, 29.4191894531, 20.4847240448, 11.4573841095], [146.725463867, 33.0918617249, -6.28838443756, 13.4969177246, -5.99714708328, 63.6795654297, 154.770278931, 56.3475227356, 16.2123794556, -2.42640733719, 25.1288433075, 20.861038208, 7.76128196716], [816.734619141, -211.893890381, -56.9710044861, -33.1115036011, 1.12362861633, 27.3787269592, 56.3475227356, 221.309799194, -10.0297813416, 55.2668800354, 61.4726333618, -7.51013612747, -18.7168693542], [93.670715332, -3.17796587944, -68.9479980469, 41.1451683044, -3.39426445961, 11.2001791, 16.2123794556, -10.0297813416, 192.823898315, 66.6219329834, 11.7639131546, 24.5779724121, 21.2437820435], [567.013183594, -144.377349854, -54.6448669434, -26.8242893219, 20.0923786163, 17.9587554932, -2.42640733719, 55.2668800354, 66.6219329834, 147.774658203, 73.0684890747, 4.73158979416, -16.0731868744], [529.723449707, -122.962844849, -26.3010540009, -14.6168279648, 9.38322639465, 29.4191894531, 25.1288433075, 61.4726333618, 11.7639131546, 73.0684890747, 118.307014465, 25.041677475, -5.12358188629], [58.920665741, 18.2321071625, 11.4789066315, 38.5626945496, 4.59053707123, 20.4847240448, 20.861038208, -7.51013612747, 24.5779724121, 4.73158979416, 25.041677475, 90.1975021362, 43.2075309753], [-52.1841087341, 41.9265441895, 49.9317588806, 72.3110198975, 26.3308620453, 11.4573841095, 7.76128196716, -18.7168693542, 21.2437820435, -16.0731868744, -5.12358188629, 43.2075309753, 89.8066482544]],
