{
"lowlevel": {
    "average_loudness": 0.831050693989,
    "barkbands_crest": {
        "dmean": 3.16732692719,
        "dmean2": 5.07672786713,
        "dvar": 7.35844659805,
        "dvar2": 17.8102340698,
        "max": 25.7684860229,
        "mean": 11.2489566803,
        "median": 10.5320034027,
        "min": 2.3273203373,
        "var": 20.562915802
    },
    "barkbands_flatness_db": {
        "dmean": 0.0259302575141,
        "dmean2": 0.0385485999286,
        "dvar": 0.000591199088376,
        "dvar2": 0.00124621414579,
        "max": 0.429366797209,
        "mean": 0.137298777699,
        "median": 0.131008163095,
        "min": 0.0160476751626,
        "var": 0.00349770439789
    },
    "barkbands_kurtosis": {
        "dmean": 3.83576726913,
        "dmean2": 6.12003469467,
        "dvar": 90.3575134277,
        "dvar2": 221.041610718,
        "max": 345.160217285,
        "mean": 5.54238176346,
        "median": 2.44749617577,
        "min": -1.95894181728,
        "var": 174.028671265
    },
    "barkbands_skewness": {
        "dmean": 0.63702583313,
        "dmean2": 0.97969019413,
        "dvar": 0.510833263397,
        "dvar2": 1.13384532928,
        "max": 15.9205417633,
        "mean": 1.60541725159,
        "median": 1.36748290062,
        "min": -5.38560962677,
        "var": 1.79680562019
    },
    "barkbands_spread": {
        "dmean": 7.02830314636,
        "dmean2": 10.488026619,
        "dvar": 82.2948608398,
        "dvar2": 162.941818237,
        "max": 116.826881409,
        "mean": 21.9011230469,
        "median": 17.4580688477,
        "min": 0.620752453804,
        "var": 286.173461914
    },
    "dissonance": {
        "dmean": 0.0250567831099,
        "dmean2": 0.0415828600526,
        "dvar": 0.000621077138931,
        "dvar2": 0.00163921131752,
        "max": 0.500000059605,
        "mean": 0.453850716352,
        "median": 0.46557316184,
        "min": 0.209206402302,
        "var": 0.00158471241593
    },
    "dynamic_complexity": 4.18066358566,
    "erbbands_crest": {
        "dmean": 3.27119803429,
        "dmean2": 5.25917863846,
        "dvar": 9.95357704163,
        "dvar2": 22.7670021057,
        "max": 31.4638118744,
        "mean": 10.8681049347,
        "median": 9.69838523865,
        "min": 2.2401843071,
        "var": 34.2386932373
    },
    "erbbands_flatness_db": {
        "dmean": 0.0219544861466,
        "dmean2": 0.0309257507324,
        "dvar": 0.0004419866018,
        "dvar2": 0.000782596122008,
        "max": 0.468670964241,
        "mean": 0.1631629318,
        "median": 0.149399608374,
        "min": 0.0380778759718,
        "var": 0.00440007913858
    },
    "erbbands_kurtosis": {
        "dmean": 1.56479895115,
        "dmean2": 2.42696905136,
        "dvar": 5.30489110947,
        "dvar2": 11.5477285385,
        "max": 46.7565231323,
        "mean": 1.80805194378,
        "median": 0.52669262886,
        "min": -1.70433068275,
        "var": 14.4082918167
    },
    "erbbands_skewness": {
        "dmean": 0.461378484964,
        "dmean2": 0.693789958954,
        "dvar": 0.192475542426,
        "dvar2": 0.406263709068,
        "max": 6.00219345093,
        "mean": 0.758589088917,
        "median": 0.705056428909,
        "min": -4.19692850113,
        "var": 0.87054681778
    },
    "erbbands_spread": {
        "dmean": 10.1235437393,
        "dmean2": 15.2824735641,
        "dvar": 132.889358521,
        "dvar2": 293.712860107,
        "max": 151.843109131,
        "mean": 36.9686050415,
        "median": 33.3427429199,
        "min": 2.26790761948,
        "var": 542.958984375
    },
    "hfc": {
        "dmean": 9.53981399536,
        "dmean2": 13.5891819,
        "dvar": 336.489685059,
        "dvar2": 782.714172363,
        "max": 249.78968811,
        "mean": 20.3163280487,
        "median": 12.7297935486,
        "min": 1.16739682212e-16,
        "var": 578.023254395
    },
    "melbands_crest": {
        "dmean": 4.09117507935,
        "dmean2": 6.8300409317,
        "dvar": 12.738409996,
        "dvar2": 33.6562576294,
        "max": 37.0608940125,
        "mean": 15.2877779007,
        "median": 14.4214982986,
        "min": 2.31050896645,
        "var": 32.8980407715
    },
    "melbands_flatness_db": {
        "dmean": 0.029628502205,
        "dmean2": 0.0442450903356,
        "dvar": 0.00082424696302,
        "dvar2": 0.00171220570337,
        "max": 0.525406777859,
        "mean": 0.191957369447,
        "median": 0.18523798883,
        "min": 0.00586036406457,
        "var": 0.00415965775028
    },
    "melbands_kurtosis": {
        "dmean": 9.54089260101,
        "dmean2": 15.2195596695,
        "dvar": 583.096313477,
        "dvar2": 1340.64599609,
        "max": 999.434387207,
        "mean": 15.6760902405,
        "median": 7.05772686005,
        "min": -1.89438915253,
        "var": 1179.75866699
    },
    "melbands_skewness": {
        "dmean": 0.895872414112,
        "dmean2": 1.37174808979,
        "dvar": 1.15419793129,
        "dvar2": 2.60758113861,
        "max": 25.4940471649,
        "mean": 2.50828266144,
        "median": 2.0938334465,
        "min": -2.06340408325,
        "var": 4.24888372421
    },
    "melbands_spread": {
        "dmean": 7.73271799088,
        "dmean2": 11.9385156631,
        "dvar": 140.407989502,
        "dvar2": 281.852081299,
        "max": 285.580444336,
        "mean": 21.7352561951,
        "median": 18.0436172485,
        "min": 0.345461368561,
        "var": 355.148773193
    },
    "pitch_salience": {
        "dmean": 0.0836953520775,
        "dmean2": 0.136251538992,
        "dvar": 0.00606557028368,
        "dvar2": 0.0151921063662,
        "max": 0.871494829655,
        "mean": 0.549130916595,
        "median": 0.557131648064,
        "min": 0.0583847127855,
        "var": 0.0177292712033
    },
    "silence_rate_20dB": {
        "dmean": 0,
        "dmean2": 0,
        "dvar": 0,
        "dvar2": 0,
        "max": 1,
        "mean": 1,
        "median": 1,
        "min": 1,
        "var": 0
    },
    "silence_rate_30dB": {
        "dmean": 0.00746181653813,
        "dmean2": 0.0149253727868,
        "dvar": 0.00740642519668,
        "dvar2": 0.0184339117259,
        "max": 1,
        "mean": 0.993588268757,
        "median": 1,
        "min": 0,
        "var": 0.00637101195753
    },
    "silence_rate_60dB": {
        "dmean": 0.0503672622144,
        "dmean2": 0.100746266544,
        "dvar": 0.0478273518384,
        "dvar2": 0.105747483671,
        "max": 1,
        "mean": 0.13732804358,
        "median": 0,
        "min": 0,
        "var": 0.118469640613
    },
    "spectral_centroid": {
        "dmean": 268.395721436,
        "dmean2": 398.358337402,
        "dvar": 114469.609375,
        "dvar2": 210583.90625,
        "max": 10915.9482422,
        "mean": 1276.77502441,
        "median": 1175.83862305,
        "min": 155.042190552,
        "var": 359538.46875
    },
    "spectral_complexity": {
        "dmean": 4.38754796982,
        "dmean2": 6.16196346283,
        "dvar": 27.4810276031,
        "dvar2": 45.1130256653,
        "max": 57,
        "mean": 14.2280254364,
        "median": 12,
        "min": 0,
        "var": 97.1587219238
    },
    "spectral_decrease": {
        "dmean": 2.83370482634e-09,
        "dmean2": 4.39652225737e-09,
        "dvar": 2.01059747469e-17,
        "dvar2": 4.69752296449e-17,
        "max": 4.87374898854e-29,
        "mean": -5.94099169859e-09,
        "median": -3.82621312411e-09,
        "min": -4.60723370566e-08,
        "var": 3.89429320113e-17
    },
    "spectral_energy": {
        "dmean": 0.0114297783002,
        "dmean2": 0.0176151022315,
        "dvar": 0.000327364046825,
        "dvar2": 0.000761874427553,
        "max": 0.185171604156,
        "mean": 0.0242654327303,
        "median": 0.0158164277673,
        "min": 1.04046832571e-20,
        "var": 0.000637009274215
    },
    "spectral_energyband_high": {
        "dmean": 0.000682696409058,
        "dmean2": 0.000978396972641,
        "dvar": 2.59881653619e-06,
        "dvar2": 6.23924097454e-06,
        "max": 0.0198435243219,
        "mean": 0.000959306955338,
        "median": 0.000354725983925,
        "min": 7.89675484254e-21,
        "var": 3.11626763505e-06
    },
    "spectral_energyband_low": {
        "dmean": 0.00507567171007,
        "dmean2": 0.00825147982687,
        "dvar": 0.000146347520058,
        "dvar2": 0.000361502927262,
        "max": 0.1219169572,
        "mean": 0.00714019918814,
        "median": 0.00176173401996,
        "min": 5.99725255416e-23,
        "var": 0.000202572424314
    },
    "spectral_energyband_middle_high": {
        "dmean": 0.00235006003641,
        "dmean2": 0.00344089395367,
        "dvar": 1.53181808855e-05,
        "dvar2": 3.42201019521e-05,
        "max": 0.076882109046,
        "mean": 0.00562472688034,
        "median": 0.00252678990364,
        "min": 1.34799440768e-21,
        "var": 6.57541604596e-05
    },
    "spectral_energyband_middle_low": {
        "dmean": 0.00617751618847,
        "dmean2": 0.00989192258567,
        "dvar": 0.000128620376927,
        "dvar2": 0.000319355429383,
        "max": 0.137645497918,
        "mean": 0.0113511728123,
        "median": 0.00648114457726,
        "min": 3.461543614e-22,
        "var": 0.00020432137535
    },
    "spectral_entropy": {
        "dmean": 0.187270238996,
        "dmean2": 0.259448885918,
        "dvar": 0.0354205146432,
        "dvar2": 0.0625893846154,
        "max": 9.8044128418,
        "mean": 7.67903280258,
        "median": 7.71879863739,
        "min": 5.57882928848,
        "var": 0.226240307093
    },
    "spectral_flux": {
        "dmean": 0.0305142551661,
        "dmean2": 0.0464529804885,
        "dvar": 0.00140877405647,
        "dvar2": 0.00279153394513,
        "max": 0.339914619923,
        "mean": 0.0865588784218,
        "median": 0.071262255311,
        "min": 1.02003350211e-10,
        "var": 0.00355282844976
    },
    "spectral_kurtosis": {
        "dmean": 1.30841159821,
        "dmean2": 2.09628295898,
        "dvar": 2.34806466103,
        "dvar2": 6.13350582123,
        "max": 24.1899280548,
        "mean": 3.9588906765,
        "median": 3.25786542892,
        "min": -1.28583145142,
        "var": 7.7433423996
    },
    "spectral_rms": {
        "dmean": 0.00101301737595,
        "dmean2": 0.00148863147479,
        "dvar": 1.64169546224e-06,
        "dvar2": 3.40560768564e-06,
        "max": 0.013440804556,
        "mean": 0.00426027690992,
        "median": 0.00392818823457,
        "min": 3.18604929765e-12,
        "var": 5.52366873308e-06
    },
    "spectral_rolloff": {
        "dmean": 629.698547363,
        "dmean2": 1021.27764893,
        "dvar": 1457157.5,
        "dvar2": 2958457.5,
        "max": 18518.5546875,
        "mean": 1572.24328613,
        "median": 1076.66015625,
        "min": 43.06640625,
        "var": 3089452.75
    },
    "spectral_skewness": {
        "dmean": 0.20731768012,
        "dmean2": 0.312664479017,
        "dvar": 0.0405295901,
        "dvar2": 0.0856302008033,
        "max": 3.68817734718,
        "mean": 1.59437358379,
        "median": 1.54333412647,
        "min": -0.0945654138923,
        "var": 0.211166530848
    },
    "spectral_spread": {
        "dmean": 661851.75,
        "dmean2": 931184.0625,
        "dvar": 634046316544,
        "dvar2": 1.04921667994e+12,
        "max": 41559736,
        "mean": 5353378,
        "median": 5292209,
        "min": 1493949.625,
        "var": 2.8444285993e+12
    },
    "spectral_strongpeak": {
        "dmean": 0.57997661829,
        "dmean2": 0.942015886307,
        "dvar": 0.622855722904,
        "dvar2": 1.48450279236,
        "max": 10.1711454391,
        "mean": 1.19650042057,
        "median": 0.592433214188,
        "min": 0,
        "var": 2.02262997627
    },
    "zerocrossingrate": {
        "dmean": 0.013636123389,
        "dmean2": 0.0150719825178,
        "dvar": 0.000322622450767,
        "dvar2": 0.000325334840454,
        "max": 0.63818359375,
        "mean": 0.0682069957256,
        "median": 0.0576171875,
        "min": 0.00244140625,
        "var": 0.00187787250616
    },
    "barkbands": {
        "dmean": [0.000349619949702, 0.00366183323786, 0.00188315147534, 0.000632733863313, 0.00245606945828, 0.00104774301872, 0.000935375515837, 0.00113503460307, 0.00168952124659, 0.00140071648639, 0.000518207496498, 0.000324709690176, 0.000334461772582, 0.000465921330033, 0.000247963267611, 0.000240077803028, 0.000154782261234, 0.000102615194919, 5.8764271671e-05, 9.11650786293e-05, 0.000134010377224, 9.41588004935e-05, 0.000178525951924, 9.1450419859e-05, 0.000133638590341, 6.16102770437e-05, 3.26763347402e-06],
        "dmean2": [0.000572498014662, 0.00586499087512, 0.00335483858362, 0.00114185165148, 0.00419197697192, 0.00181337073445, 0.00146595935803, 0.00173643010203, 0.00265001505613, 0.0021299989894, 0.000803918112069, 0.000535448081791, 0.00053946627304, 0.000731749343686, 0.000405280821724, 0.000394457398215, 0.000242310750764, 0.000156152615091, 9.03094987734e-05, 0.000138209172292, 0.000199358852115, 0.000141461976455, 0.000280445325188, 0.000134173082188, 0.000203814721317, 9.43800987443e-05, 5.28911459696e-06],
        "dvar": [1.32262744046e-06, 7.69465987105e-05, 3.77108117391e-05, 2.38346615333e-06, 5.3827658121e-05, 9.28230929276e-06, 6.96188863003e-06, 1.03173942989e-05, 1.82234816748e-05, 1.15661023301e-05, 2.13313683162e-06, 8.94065919965e-07, 9.23382799556e-07, 1.21327491343e-06, 4.51261286116e-07, 3.85259852465e-07, 9.23419634091e-08, 3.49217010864e-08, 9.72556613021e-09, 2.71121116668e-08, 6.86351100398e-08, 4.58261943947e-08, 3.49989960569e-07, 3.74810937842e-08, 1.19974558288e-07, 4.40067076113e-08, 1.19214152439e-10],
        "dvar2": [3.2314692362e-06, 0.000183637210284, 0.000103879865492, 6.75250839777e-06, 0.000143205965287, 2.51234723692e-05, 1.6466507077e-05, 2.18595832848e-05, 4.26625010732e-05, 2.69906886388e-05, 5.23756898474e-06, 2.20668152906e-06, 2.4186540486e-06, 2.85285000245e-06, 1.15848501991e-06, 9.86670102066e-07, 2.09492256431e-07, 7.33638287898e-08, 2.1669812611e-08, 5.67884406166e-08, 1.5752419813e-07, 1.13410337121e-07, 9.4110646387e-07, 8.55595629901e-08, 3.00210444948e-07, 1.15020839075e-07, 2.92946389369e-10],
        "max": [0.0181040987372, 0.101374924183, 0.0673113316298, 0.0155198257416, 0.0813414379954, 0.0395411103964, 0.114374361932, 0.121044225991, 0.134111002088, 0.0872149839997, 0.0431074649096, 0.0261177755892, 0.0386700555682, 0.0278757922351, 0.0277103427798, 0.0134275425225, 0.00433576153591, 0.0034327537287, 0.00179157836828, 0.00312722357921, 0.00310850073583, 0.00451185926795, 0.00761049985886, 0.0020845932886, 0.0040675024502, 0.00362824019976, 0.000169589038705],
        "mean": [0.00035415875027, 0.00489515578374, 0.00167533487547, 0.000585735659115, 0.00260237208568, 0.00123780744616, 0.00147515267599, 0.00157709326595, 0.00280686770566, 0.00244991714135, 0.000809127988759, 0.000449539336842, 0.000485915807076, 0.000713854911737, 0.00031756615499, 0.000307585694827, 0.000228714881814, 0.00016933484585, 9.8344637081e-05, 0.000145336598507, 0.000182386356755, 0.00014119365369, 0.000204630268854, 0.000122399942484, 0.000159115137649, 6.79319709889e-05, 2.87095008389e-06],
        "median": [4.34344765381e-05, 0.000693553243764, 0.000285437447019, 0.000170445535332, 0.000968483975157, 0.00026633348898, 0.000215458014281, 0.000216120970435, 0.000424023659434, 0.00030417428934, 0.000141817843542, 0.000113361107651, 0.000131991459057, 0.000167968479218, 0.000110585897346, 8.14407903817e-05, 9.44948769757e-05, 7.9074416135e-05, 4.89069789182e-05, 6.63453247398e-05, 6.52364251437e-05, 5.54094440304e-05, 5.23002636328e-05, 3.56735399691e-05, 4.05472237617e-05, 1.41863893077e-05, 4.98983538932e-08],
        "min": [7.9675543073e-24, 2.73913206003e-23, 1.5051866813e-23, 1.05053056399e-23, 3.36971465105e-23, 3.26548088192e-23, 1.16727962716e-22, 6.34475524924e-23, 3.69628476424e-23, 1.27316508169e-22, 1.06010334374e-22, 1.11902683574e-22, 1.29824782925e-22, 8.11582308102e-23, 1.2608384043e-22, 1.50265330183e-22, 1.08100550716e-22, 1.59030344768e-22, 1.91097111425e-22, 1.9576663787e-22, 4.84106544729e-22, 3.81008104215e-22, 6.17886146119e-22, 1.0598761518e-21, 1.15287722322e-21, 1.67639298685e-21, 2.54993024688e-21],
        "var": [1.37316567361e-06, 0.000109831344162, 2.58535019384e-05, 1.64572043104e-06, 4.15034774051e-05, 9.94362108031e-06, 1.48783474287e-05, 2.00559097721e-05, 4.97742803418e-05, 3.85334315069e-05, 5.04772560816e-06, 1.40310601182e-06, 1.31771059841e-06, 2.58286286225e-06, 4.94706227983e-07, 4.78604079035e-07, 1.48107716313e-07, 6.64216273094e-08, 1.89263822392e-08, 4.59607214509e-08, 9.14532378715e-08, 5.73473784016e-08, 2.96746719641e-07, 5.12120230667e-08, 1.24798475554e-07, 3.65040833117e-08, 1.08233089158e-10]
    },
    "erbbands": {
        "dmean": [0.101947657764, 0.892276227474, 2.35218334198, 1.88658368587, 6.76119661331, 8.10694026947, 5.40994262695, 9.67871665955, 12.2679624557, 16.0172710419, 28.8209934235, 38.3226661682, 47.1996116638, 28.530374527, 16.120475769, 13.7235937119, 14.6066932678, 22.798614502, 13.4891519547, 14.2792062759, 10.3819475174, 8.51465606689, 6.0070309639, 3.33326888084, 3.2242743969, 4.37814474106, 4.53522825241, 5.56821727753, 3.29851198196, 3.56578016281, 6.11658906937, 2.59160017967, 1.4512655735, 1.73185098171, 0.838428795338, 0.418614029884, 0.0709127858281, 0.0127939600497, 0.000456451467471, 2.52670797636e-05],
        "dmean2": [0.161947578192, 1.40039849281, 4.05716943741, 3.36854529381, 11.8078279495, 13.9815292358, 9.28565883636, 16.7267284393, 19.7198009491, 24.9394741058, 43.7932510376, 59.0717430115, 72.4525985718, 42.6349334717, 24.7289619446, 22.4642486572, 23.438533783, 35.5307197571, 21.2780132294, 23.8453845978, 16.3874263763, 13.268702507, 9.24488830566, 5.03710889816, 4.84201526642, 6.63161611557, 6.90417909622, 8.4113817215, 4.91268730164, 5.40429401398, 10.066239357, 3.87854599953, 2.11500644684, 2.68719315529, 1.27458965778, 0.656053423882, 0.105983324349, 0.0195087399334, 0.000703328289092, 3.78027070838e-05],
        "dvar": [0.0652538463473, 5.17559337616, 55.6317977905, 25.7959442139, 461.147369385, 572.389526367, 230.84085083, 868.73223877, 1114.55969238, 2683.81494141, 6629.82128906, 12315.9326172, 13257.1376953, 6328.80371094, 2025.77429199, 1695.71398926, 1483.21557617, 2818.90161133, 881.560791016, 1688.6394043, 579.668029785, 295.356964111, 124.138900757, 35.6183586121, 27.7593975067, 64.2277832031, 68.9399642944, 141.762649536, 52.2706947327, 58.9511451721, 598.623535156, 35.6736717224, 9.92944526672, 21.9262008667, 4.34385681152, 2.42793369293, 0.0393576733768, 0.00129966868553, 2.29826036957e-06, 2.94350854801e-09],
        "dvar2": [0.166234537959, 12.0251379013, 148.825012207, 72.5140686035, 1243.1673584, 1565.15588379, 613.927307129, 2299.39013672, 2664.40087891, 6451.74902344, 14025.5791016, 29086.3925781, 31837.984375, 14135.9560547, 4994.86132812, 4232.78662109, 3699.5859375, 6716.20556641, 2061.0793457, 4545.33642578, 1376.60314941, 665.249816895, 270.753112793, 74.8114852905, 59.0290336609, 135.098724365, 158.243209839, 333.143066406, 126.566452026, 138.258926392, 1666.93164062, 84.0286102295, 22.4087600708, 55.4495697021, 10.8826656342, 6.46017980576, 0.0984472259879, 0.00317022879608, 5.63137018617e-06, 6.98925051168e-09],
        "max": [3.50518226624, 24.1409778595, 81.2986373901, 61.0613861084, 231.442214966, 285.65914917, 336.562133789, 515.052490234, 713.931518555, 1750.60290527, 3081.22460938, 3778.16137695, 3243.38964844, 2131.79760742, 1442.58520508, 1284.91967773, 1392.41027832, 1372.57543945, 662.478027344, 879.594848633, 888.857788086, 281.927307129, 180.143295288, 106.814163208, 89.8556747437, 154.983276367, 128.730667114, 159.839202881, 126.842704773, 114.702339172, 310.039733887, 74.1345672607, 46.2752304077, 59.1177711487, 31.26927948, 26.4241218567, 3.27220892906, 0.396905481815, 0.0304920636117, 0.000826741044875],
        "mean": [0.126733511686, 1.1349414587, 2.2250790596, 1.90813529491, 6.15967226028, 8.90262317657, 6.73168849945, 11.1816978455, 18.5033283234, 25.3985996246, 43.0846977234, 65.5725708008, 85.4328536987, 52.1220932007, 26.8201904297, 20.1966114044, 23.2295074463, 36.3500747681, 21.7512531281, 18.5756797791, 15.0932168961, 13.0500221252, 10.070807457, 5.7180109024, 5.46102619171, 6.99237155914, 6.61643505096, 7.39456701279, 4.99802398682, 5.32495975494, 6.19336032867, 3.27608466148, 1.92633569241, 1.98832678795, 1.00355553627, 0.448031514883, 0.0813216716051, 0.0136809200048, 0.000471707899123, 4.42663840658e-05],
        "median": [0.0187222287059, 0.154613047838, 0.394566565752, 0.66605836153, 1.88840246201, 3.0133035183, 2.21097230911, 2.30343961716, 3.22982382774, 4.79517889023, 8.50545215607, 12.435880661, 13.7989406586, 9.25008964539, 6.81961917877, 5.83416318893, 7.22863769531, 9.77680397034, 7.51902389526, 5.6826376915, 4.60777997971, 5.48832798004, 4.92219352722, 2.78596925735, 2.66929030418, 3.18613791466, 2.57499837875, 2.55122756958, 1.97362458706, 1.81216049194, 1.33924353123, 0.886546134949, 0.529149413109, 0.473050415516, 0.260858654976, 0.101743489504, 0.0159317050129, 0.00143797497731, 5.00407113577e-05, 2.58155778283e-05],
        "min": [1.56976716427e-21, 3.33196166139e-21, 1.06773725548e-20, 4.26970469672e-20, 6.40831877817e-20, 1.07417648497e-19, 1.81186287608e-19, 3.50905939072e-19, 1.37350797134e-18, 2.25559807373e-18, 8.17967216396e-19, 8.09061945018e-19, 3.23722137165e-18, 2.98313154661e-18, 5.7174240039e-18, 3.95427570694e-18, 4.72763539935e-18, 6.22506309146e-18, 5.86840804034e-18, 6.10669850889e-18, 8.05239729523e-18, 7.4276906443e-18, 8.62107486737e-18, 8.37847851014e-18, 9.48004237651e-18, 9.06961686325e-18, 1.79081690942e-17, 1.67455402735e-17, 1.19220929574e-17, 2.09102226041e-17, 1.64177683014e-17, 1.50232741375e-17, 2.24146325278e-17, 1.19907133794e-17, 8.18507541112e-18, 4.78453177701e-18, 3.53210588335e-18, 1.64477161687e-18, 3.49430481504e-19, 3.54533229455e-20],
        "var": [0.0809343382716, 6.77621555328, 42.1002197266, 17.7753009796, 328.331390381, 436.306549072, 271.109191895, 983.647033691, 2182.14038086, 4884.28076172, 14174.2646484, 34177.765625, 40635.6289062, 18712.5488281, 4914.94677734, 2653.70727539, 2470.48779297, 5618.38867188, 2014.83605957, 1897.60559082, 954.024963379, 465.388458252, 225.168228149, 70.0665283203, 56.048828125, 107.522438049, 104.847351074, 172.398223877, 69.3409042358, 82.9919967651, 434.519165039, 44.0075454712, 13.5444250107, 21.9538593292, 4.54203701019, 1.88722968102, 0.0385658740997, 0.00130272202659, 2.2003491722e-06, 3.68985464405e-09]
    },
    "gfcc": {
        "mean": [-19.5060749054, 73.6718826294, -120.300949097, 21.6966724396, -69.1698989868, 22.3743286133, -39.4775543213, 13.7701206207, -23.2570724487, 4.5016078949, -23.0485706329, -1.68914425373, -9.22147369385],
        "cov": [[7252.31298828, -1083.42871094, 956.315490723, 279.034851074, 75.8708496094, 316.95324707, -85.1164703369, 263.949279785, -78.766960144, 457.237548828, -159.067367554, 314.229187012, -183.846710205], [-1083.42871094, 1230.45581055, -157.631439209, -10.1992435455, 57.78931427, -53.7304801941, 186.671218872, -36.6117858887, 137.639419556, -95.8142547607, 128.995651245, -121.095779419, 92.4362869263], [956.315490723, -157.631439209, 1484.89135742, 768.047973633, 361.809234619, 141.677398682, -130.75541687, 77.23046875, -40.3325767517, 195.367141724, -62.1407966614, 188.343276978, -130.552764893], [279.034851074, -10.1992435455, 768.047973633, 834.00604248, 314.70803833, 81.4247741699, -111.192634583, 39.3480834961, 50.348903656, 83.5383148193, 29.7830142975, 69.4937591553, -4.99766778946], [75.8708496094, 57.78931427, 361.809234619, 314.70803833, 306.419372559, 107.30896759, 43.0375747681, 47.1364631653, 15.6588697433, 56.1105308533, 2.01174592972, 37.6413879395, -19.4875602722], [316.95324707, -53.7304801941, 141.677398682, 81.4247741699, 107.30896759, 246.691467285, 146.403488159, 71.1808242798, -25.8801212311, 42.0804481506, 23.341173172, 19.4411201477, -5.03222465515], [-85.1164703369, 186.671218872, -130.75541687, -111.192634583, 43.0375747681, 146.403488159, 313.5362854, 65.69115448, 16.91497612, -2.69861507416, 66.5315856934, -18.0177745819, 21.1925239563], [263.949279785, -36.6117858887, 77.23046875, 39.3480834961, 47.1364631653, 71.1808242798, 65.69115448, 149.017868042, 51.9821510315, 64.8530197144, 10.4106769562, 17.0381851196, -12.6533670425], [-78.766960144, 137.639419556, -40.3325767517, 50.348903656, 15.6588697433, -25.8801212311, 16.91497612, 51.9821510315, 188.029846191, 43.293548584, 49.3454627991, -14.4355421066, 30.7440681458], [457.237548828, -95.8142547607, 195.367141724, 83.5383148193, 56.1105308533, 42.0804481506, -2.69861507416, 64.8530197144, 43.293548584, 171.726913452, 39.157371521, 69.600402832, -23.3530769348], [-159.067367554, 128.995651245, -62.1407966614, 29.7830142975, 2.01174592972, 23.341173172, 66.5315856934, 10.4106769562, 49.3454627991, 39.157371521, 150.516876221, 25.1069049835, 37.7475128174], [314.229187012, -121.095779419, 188.343276978, 69.4937591553, 37.6413879395, 19.4411201477, -18.0177745819, 17.0381851196, -14.4355421066, 69.600402832, 25.1069049835, 122.708198547, 3.94535708427], [-183.846710205, 92.4362869263, -130.552764893, -4.99766778946, -19.4875602722, -5.03222465515, 21.1925239563, -12.6533670425, 30.7440681458, -23.3530769348, 37.7475128174, 3.94535708427, 106.031936646]],
        "icov": [[0.000211183476495, 4.98379522469e-05, 6.32068918094e-07, -7.86069504102e-05, 0.000240292065428, -0.000242997150053, -8.73101635079e-06, -9.37134973356e-05, 1.03463469259e-06, -0.000420932279667, 0.000369800225599, -0.000312512624077, 0.00012995529687], [4.98379522469e-05, 0.00153737666551, -0.000620947452262, 0.000449811661383, -0.000676044495776, 0.0010198703967, -0.000967844040133, 0.000406225066399, -0.000652416143566, 0.000589100003708, -0.00132662034594, 0.00183134467807, -0.00110806024168], [6.32068918094e-07, -0.000620947452262, 0.00262009305879, -0.00205057556741, 9.69994580373e-05, -0.00083628622815, 0.000281319633359, 3.95575152652e-05, 0.000461980234832, -0.00111718196422, 0.00203058426268, -0.00314754643477, 0.00261263782158], [-7.86069504102e-05, 0.000449811661383, -0.00205057556741, 0.00422980729491, -0.00279611418955, -6.51855734759e-05, 0.0017471536994, -0.000228012257139, -0.000842426670715, 0.00136405439116, -0.00274672964588, 0.00231687165797, -0.0023109363392], [0.000240292065428, -0.000676044495776, 9.69994580373e-05, -0.00279611418955, 0.00750470580533, -0.00187868927605, -0.00140927685425, 5.87523572904e-05, -0.000146448786836, -0.00140530534554, 0.00259769707918, -0.00186565925833, 0.00145003234502], [-0.000242997150053, 0.0010198703967, -0.00083628622815, -6.51855734759e-05, -0.00187868927605, 0.00910013914108, -0.00421276502311, -0.00174270244315, 0.00222410797141, -0.00033764008549, -0.0014462947147, 0.00251801125705, -0.00192060112022], [-8.73101635079e-06, -0.000967844040133, 0.000281319633359, 0.0017471536994, -0.00140927685425, -0.00421276502311, 0.00758266355842, -0.00209823693149, 2.83969256998e-07, 0.00131422583945, -0.00230081984773, -0.000128869418404, 0.000145712270751], [-9.37134973356e-05, 0.000406225066399, 3.95575152652e-05, -0.000228012257139, 5.87523572904e-05, -0.00174270244315, -0.00209823693149, 0.0110450414941, -0.00339609500952, -0.00253892317414, 0.00158899999224, -0.000192789855646, 0.00105386239011], [1.03463469259e-06, -0.000652416143566, 0.000461980234832, -0.000842426670715, -0.000146448786836, 0.00222410797141, 2.83969256998e-07, -0.00339609500952, 0.00886774528772, -0.00285747717135, -0.00121012760792, 0.0022641485557, -0.00208102399483], [-0.000420932279667, 0.000589100003708, -0.00111718196422, 0.00136405439116, -0.00140530534554, -0.00033764008549, 0.00131422583945, -0.00253892317414, -0.00285747717135, 0.012579745613, -0.00431203935295, -0.00301709282212, 0.00185189885087], [0.000369800225599, -0.00132662034594, 0.00203058426268, -0.00274672964588, 0.00259769707918, -0.0014462947147, -0.00230081984773, 0.00158899999224, -0.00121012760792, -0.00431203935295, 0.0130047313869, -0.00530721480027, 0.000195639964659], [-0.000312512624077, 0.00183134467807, -0.00314754643477, 0.00231687165797, -0.00186565925833, 0.00251801125705, -0.000128869418404, -0.000192789855646, 0.0022641485557, -0.00301709282212, -0.00530721480027, 0.0177206080407, -0.00621624849737], [0.00012995529687, -0.00110806024168, 0.00261263782158, -0.0023109363392, 0.00145003234502, -0.00192060112022, 0.000145712270751, 0.00105386239011, -0.00208102399483, 0.00185189885087, 0.000195639964659, -0.00621624849737, 0.0151752512902]]
    },
    "melbands": {
        "dmean": [0.000925460539293, 0.00119565904606, 0.000438333401689, 0.000614003802184, 0.000205205084058, 0.000216368862311, 0.000187505327631, 0.000177731126314, 0.000255754508544, 0.000245369534241, 0.000238384061959, 0.000122832178022, 6.47135457257e-05, 3.48290486727e-05, 3.5871144064e-05, 3.52915958501e-05, 4.65481498395e-05, 2.47205698543e-05, 1.87217156054e-05, 2.00665053853e-05, 1.12564421215e-05, 9.69224129221e-06, 7.25131485524e-06, 4.71300973004e-06, 2.69456927526e-06, 2.30453588301e-06, 2.96259463539e-06, 3.02858870782e-06, 2.72266947832e-06, 3.56238069799e-06, 3.22368555317e-06, 1.88009653357e-06, 1.94329982151e-06, 1.9509438971e-06, 3.51037465407e-06, 2.81297343463e-06, 1.28138424316e-06, 9.0129600494e-07, 1.27641283143e-06, 1.51009362526e-06],
        "dmean2": [0.00147303519771, 0.00195573177189, 0.000774727086537, 0.00106250145473, 0.000352976785507, 0.000372597511159, 0.000299703853671, 0.000276756385574, 0.000391375564504, 0.000379995384719, 0.000366040098015, 0.000183665673831, 9.94677538984e-05, 5.65633708902e-05, 5.90484523855e-05, 5.6384702475e-05, 7.28450977476e-05, 3.93103073293e-05, 3.10569666908e-05, 3.36838311341e-05, 1.7800295609e-05, 1.53511737153e-05, 1.13473961392e-05, 7.26918460714e-06, 4.17878936787e-06, 3.61526076631e-06, 4.5312117436e-06, 4.67831068818e-06, 4.20615060648e-06, 5.50268032384e-06, 5.04953641212e-06, 2.87293505608e-06, 3.04905393023e-06, 2.94348046737e-06, 5.84156941841e-06, 4.50912602901e-06, 1.93691175809e-06, 1.32707066314e-06, 1.94819631361e-06, 2.36752725868e-06],
        "dvar": [4.68667667519e-06, 1.18642437883e-05, 1.1471020116e-06, 3.69985173165e-06, 3.10338606369e-07, 4.06798449148e-07, 2.5051227226e-07, 3.00610594195e-07, 4.78750052935e-07, 4.84405916268e-07, 3.3913076436e-07, 1.18578554975e-07, 3.31261453823e-08, 1.13605906904e-08, 1.96003533404e-08, 6.88765622314e-09, 1.23391332707e-08, 3.6138214643e-09, 3.80287046298e-09, 3.3155818091e-09, 6.71734501356e-10, 3.935485271e-10, 1.88739857077e-10, 7.86966949939e-11, 2.42690260249e-11, 1.5199600259e-11, 2.67432343631e-11, 3.16406831291e-11, 2.48066966274e-11, 4.76373454572e-11, 5.35742387953e-11, 1.68957053209e-11, 2.1162151892e-11, 1.49516996006e-11, 2.02149963435e-10, 7.41172123675e-11, 7.88121998219e-12, 3.53308203006e-12, 1.04430301212e-11, 1.63959488347e-11],
        "dvar2": [1.11547624329e-05, 3.01045056403e-05, 3.14954513669e-06, 9.96794096864e-06, 8.50395792895e-07, 1.08193762571e-06, 5.95897972744e-07, 7.14434179372e-07, 1.03748129732e-06, 1.13124826839e-06, 8.12036716979e-07, 2.62756941538e-07, 8.34354807466e-08, 2.73177551691e-08, 5.35020632242e-08, 1.64690181492e-08, 2.90184196672e-08, 8.42750846886e-09, 1.00325099339e-08, 8.86455087112e-09, 1.55104218358e-09, 9.13677689063e-10, 4.29197316576e-10, 1.76175782296e-10, 5.47643423665e-11, 3.52021641004e-11, 5.7065279585e-11, 6.89493601103e-11, 5.79778620946e-11, 1.12329090474e-10, 1.29801155935e-10, 4.11697134717e-11, 5.34977201427e-11, 3.2717203946e-11, 5.64428670469e-10, 1.9437791654e-10, 1.88146373481e-11, 7.84502671158e-12, 2.5308043855e-11, 4.18586415529e-11],
        "max": [0.0300416406244, 0.0357924774289, 0.00998158846051, 0.0216793138534, 0.0114902397618, 0.00988970045, 0.0160254836082, 0.0156325809658, 0.0210074838251, 0.0258840341121, 0.016363305971, 0.00849479436874, 0.005879775621, 0.00393391540274, 0.00755029404536, 0.00255275843665, 0.00300448923372, 0.00140411313623, 0.00288866460323, 0.000949881912675, 0.00121495255735, 0.000313249562168, 0.000264424597844, 0.00017440643569, 9.28681765799e-05, 6.99170923326e-05, 6.50019719615e-05, 0.000124639293063, 8.90112860361e-05, 7.53775530029e-05, 0.000100406563433, 7.6406126027e-05, 8.36072067614e-05, 5.85492343816e-05, 0.000180248884135, 0.000108296771941, 3.38525096595e-05, 2.87526690954e-05, 5.03525152453e-05, 5.56001832592e-05],
        "mean": [0.00129109795671, 0.00132703129202, 0.000428466039011, 0.000614922784735, 0.000257048406638, 0.000256187369814, 0.000289176270599, 0.000272140838206, 0.000375472649466, 0.000413407949964, 0.000423265737481, 0.000216828411794, 0.000102723213786, 4.98850604345e-05, 4.98111403431e-05, 5.4212865507e-05, 7.03151235939e-05, 3.78638214897e-05, 2.34760973399e-05, 2.44656384893e-05, 1.60029667313e-05, 1.38146315294e-05, 1.10676419354e-05, 7.49637001718e-06, 4.2328051677e-06, 3.72028694073e-06, 4.43258068117e-06, 4.64042659587e-06, 3.99575037591e-06, 4.40245867139e-06, 4.19121670348e-06, 2.75353477264e-06, 2.75540355688e-06, 2.91873880087e-06, 3.53447353518e-06, 2.99704288409e-06, 1.65307744737e-06, 1.20746960874e-06, 1.53429050442e-06, 1.70238843111e-06],
        "median": [0.000192331994185, 0.000250274868449, 0.000156992071425, 0.00020344965742, 9.49546229094e-05, 4.95655403938e-05, 4.86946446472e-05, 4.76180684927e-05, 5.94821176492e-05, 6.55538024148e-05, 5.53546778974e-05, 3.02193675452e-05, 2.0895849957e-05, 1.39880075949e-05, 1.39833337016e-05, 1.41979180626e-05, 1.68863516592e-05, 1.05944254756e-05, 7.8133034549e-06, 6.0500769905e-06, 4.90994352731e-06, 5.33817865289e-06, 5.26864005224e-06, 3.38487552654e-06, 1.9484157292e-06, 1.82593407771e-06, 1.90328933058e-06, 2.00105546355e-06, 1.5025658513e-06, 1.46168861193e-06, 1.37265942612e-06, 1.05435969999e-06, 9.74234126261e-07, 9.52722075453e-07, 7.42962583899e-07, 6.43681687507e-07, 4.77753246741e-07, 3.35404934049e-07, 3.6386390434e-07, 3.98192582907e-07],
        "min": [1.07599404738e-23, 5.14884937445e-24, 6.99607999113e-24, 6.30426475447e-24, 5.76010455774e-24, 7.92290872437e-24, 2.08695392841e-23, 2.31261768777e-23, 5.65349316185e-24, 5.37256717172e-24, 1.74365033993e-23, 1.24559503992e-23, 1.67288131258e-23, 1.57199657354e-23, 7.45289750843e-24, 1.27848793643e-23, 1.1159630262e-23, 8.58711856251e-24, 8.42620829279e-24, 9.11958074088e-24, 9.40043494466e-24, 7.33911931121e-24, 8.07571423715e-24, 6.79254993328e-24, 6.6378716647e-24, 7.55663508405e-24, 5.86238707942e-24, 5.69840182989e-24, 1.00549694038e-23, 1.44817696585e-23, 7.52269276588e-24, 5.44973315104e-24, 9.4394606825e-24, 1.2824615077e-23, 9.62455584986e-24, 7.32864797155e-24, 9.80266013187e-24, 1.72482590992e-23, 1.18590501178e-23, 9.58006803911e-24],
        "var": [7.1590720836e-06, 1.13470123324e-05, 8.21032699605e-07, 2.70705709227e-06, 3.13456610002e-07, 4.62563633619e-07, 5.26816165802e-07, 5.37352889296e-07, 1.0344065231e-06, 1.35552124902e-06, 1.06069580852e-06, 3.62322850833e-07, 7.98408805736e-08, 1.84029342876e-08, 2.08185007011e-08, 1.36482425361e-08, 2.39047945882e-08, 8.98440433161e-09, 3.60792506982e-09, 3.58816842905e-09, 1.18717802255e-09, 5.75881620168e-10, 2.95175078824e-10, 1.35912794907e-10, 4.22751451901e-11, 2.77993478931e-11, 4.38247840795e-11, 5.1342808477e-11, 4.06216379978e-11, 5.66714765393e-11, 6.14867393112e-11, 2.16464138281e-11, 2.47621662758e-11, 2.40725564482e-11, 1.46345352503e-10, 6.51872028579e-11, 9.9645170587e-12, 5.07484288967e-12, 1.17075047573e-11, 1.61107221314e-11]
    },
    "mfcc": {
        "mean": [-661.261352539, 106.539428711, 1.52318906784, 5.56713485718, -2.95941925049, 4.39407920837, -3.5602710247, 3.30587220192, 5.60361242294, 2.77714085579, 0.720169842243, -2.05468463898, -5.57655096054],
        "cov": [[6298.19335938, -828.730773926, 441.661102295, 56.2009048462, 116.905395508, 136.457824707, 51.225353241, -13.2310819626, 62.0618515015, 123.867874146, 92.7688064575, 139.746887207, 36.0535392761], [-828.730773926, 968.08984375, -158.853103638, -87.054473877, -152.493896484, -21.1204719543, 43.1048927307, 43.6467514038, 26.8746299744, 22.7363033295, 58.1469306946, 3.88885235786, 6.40505981445], [441.661102295, -158.853103638, 967.127685547, 560.513305664, 437.795654297, 208.927337646, 44.8375434875, 32.603931427, 4.85483455658, 6.4869093895, 1.54953813553, 110.784332275, 92.6665802002], [56.2009048462, -87.054473877, 560.513305664, 635.029907227, 427.193359375, 144.288909912, -1.8966960907, 6.18424367905, 22.0502738953, 19.3797245026, -17.4331073761, 91.6797790527, 86.9967346191], [116.905395508, -152.493896484, 437.795654297, 427.193359375, 449.832794189, 134.650390625, -9.64861011505, 7.19018173218, 25.2371501923, 24.017868042, -19.0035667419, 58.9769058228, 50.4610862732], [136.457824707, -21.1204719543, 208.927337646, 144.288909912, 134.650390625, 205.241500854, 124.658988953, 51.51039505, 22.0443401337, 23.9196872711, 27.0377426147, 16.9714355469, 10.5413408279], [51.225353241, 43.1048927307, 44.8375434875, -1.8966960907, -9.64861011505, 124.658988953, 281.374420166, 99.2259140015, 12.9168214798, 35.2551803589, 49.4273757935, -7.23149490356, -7.07745981216], [-13.2310819626, 43.6467514038, 32.603931427, 6.18424367905, 7.19018173218, 51.51039505, 99.2259140015, 129.786911011, 43.2629165649, 37.1178627014, 27.8931255341, 7.88420772552, 1.96024596691], [62.0618515015, 26.8746299744, 4.85483455658, 22.0502738953, 25.2371501923, 22.0443401337, 12.9168214798, 43.2629165649, 117.064842224, 48.6307296753, 20.4443435669, 9.92022895813, -0.827612996101], [123.867874146, 22.7363033295, 6.4869093895, 19.3797245026, 24.017868042, 23.9196872711, 35.2551803589, 37.1178627014, 48.6307296753, 116.529251099, 60.426071167, 31.5363178253, 7.58194160461], [92.7688064575, 58.1469306946, 1.54953813553, -17.4331073761, -19.0035667419, 27.0377426147, 49.4273757935, 27.8931255341, 20.4443435669, 60.426071167, 118.523300171, 43.1019706726, 12.1129226685], [139.746887207, 3.88885235786, 110.784332275, 91.6797790527, 58.9769058228, 16.9714355469, -7.23149490356, 7.88420772552, 9.92022895813, 31.5363178253, 43.1019706726, 121.916069031, 70.0002746582], [36.0535392761, 6.40505981445, 92.6665802002, 86.9967346191, 50.4610862732, 10.5413408279, -7.07745981216, 1.96024596691, -0.827612996101, 7.58194160461, 12.1129226685, 70.0002746582, 117.541244507]],
