{
"lowlevel": {
    "average_loudness": 0.448087006807,
    "barkbands_crest": {
        "dmean": 2.42558956146,
        "dmean2": 3.77133178711,
        "dvar": 5.09177112579,
        "dvar2": 11.015127182,
        "max": 26.2613162994,
        "mean": 11.8381290436,
        "median": 11.0432195663,
        "min": 2.64256930351,
        "var": 21.5270271301
    },
    "barkbands_flatness_db": {
        "dmean": 0.0222931150347,
        "dmean2": 0.0323292650282,
        "dvar": 0.000471207080409,
        "dvar2": 0.000927920802496,
        "max": 0.514305651188,
        "mean": 0.164085030556,
        "median": 0.154649972916,
        "min": 0.0328892916441,
        "var": 0.00347368814982
    },
    "barkbands_kurtosis": {
        "dmean": 3.22405219078,
        "dmean2": 5.00698184967,
        "dvar": 48.5598716736,
        "dvar2": 109.631965637,
        "max": 293.115447998,
        "mean": 5.35828924179,
        "median": 2.30818605423,
        "min": -1.90098941326,
        "var": 120.045593262
    },
    "barkbands_skewness": {
        "dmean": 0.538773059845,
        "dmean2": 0.801589727402,
        "dvar": 0.364416927099,
        "dvar2": 0.761953532696,
        "max": 14.9410047531,
        "mean": 1.53843724728,
        "median": 1.35869836807,
        "min": -4.28405237198,
        "var": 1.93927359581
    },
    "barkbands_spread": {
        "dmean": 4.89940261841,
        "dmean2": 7.43431043625,
        "dvar": 48.3211975098,
        "dvar2": 97.3844223022,
        "max": 118.498413086,
        "mean": 19.0447330475,
        "median": 17.1282634735,
        "min": 0.321914970875,
        "var": 163.660675049
    },
    "dissonance": {
        "dmean": 0.0270307585597,
        "dmean2": 0.0459748134017,
        "dvar": 0.00071814423427,
        "dvar2": 0.00202671298757,
        "max": 0.499999970198,
        "mean": 0.450907886028,
        "median": 0.460645735264,
        "min": 0.211920052767,
        "var": 0.00148629851174
    },
    "dynamic_complexity": 5.8043794632,
    "erbbands_crest": {
        "dmean": 2.99729990959,
        "dmean2": 4.75082111359,
        "dvar": 7.55849933624,
        "dvar2": 17.8407440186,
        "max": 32.1400375366,
        "mean": 12.3153848648,
        "median": 10.9395494461,
        "min": 2.5273039341,
        "var": 38.1281814575
    },
    "erbbands_flatness_db": {
        "dmean": 0.0193791799247,
        "dmean2": 0.0276021193713,
        "dvar": 0.00034745875746,
        "dvar2": 0.000627024099231,
        "max": 0.454126060009,
        "mean": 0.18664111197,
        "median": 0.179483681917,
        "min": 0.0439235605299,
        "var": 0.00506643066183
    },
    "erbbands_kurtosis": {
        "dmean": 1.55943906307,
        "dmean2": 2.39881181717,
        "dvar": 5.13283634186,
        "dvar2": 11.951918602,
        "max": 48.9282188416,
        "mean": 2.62684202194,
        "median": 1.1623852253,
        "min": -1.85567080975,
        "var": 20.3293800354
    },
    "erbbands_skewness": {
        "dmean": 0.410142838955,
        "dmean2": 0.617241561413,
        "dvar": 0.159911870956,
        "dvar2": 0.334760278463,
        "max": 5.63655281067,
        "mean": 0.771787941456,
        "median": 0.668849468231,
        "min": -5.39975690842,
        "var": 0.911385595798
    },
    "erbbands_spread": {
        "dmean": 6.74816799164,
        "dmean2": 9.99351978302,
        "dvar": 70.8238220215,
        "dvar2": 146.264419556,
        "max": 144.703430176,
        "mean": 29.2474822998,
        "median": 24.1756515503,
        "min": 1.96628749371,
        "var": 387.989196777
    },
    "hfc": {
        "dmean": 4.7462644577,
        "dmean2": 6.81575298309,
        "dvar": 49.4624443054,
        "dvar2": 96.8045806885,
        "max": 169.60987854,
        "mean": 18.8696804047,
        "median": 10.5439815521,
        "min": 1.15212124466e-16,
        "var": 433.32723999
    },
    "melbands_crest": {
        "dmean": 3.12151288986,
        "dmean2": 4.99426603317,
        "dvar": 9.05786895752,
        "dvar2": 22.2897052765,
        "max": 38.3833808899,
        "mean": 16.0868663788,
        "median": 15.057012558,
        "min": 2.34307551384,
        "var": 35.5005760193
    },
    "melbands_flatness_db": {
        "dmean": 0.0243064705282,
        "dmean2": 0.0354005657136,
        "dvar": 0.000648788583931,
        "dvar2": 0.00124887446873,
        "max": 0.656916022301,
        "mean": 0.217927068472,
        "median": 0.211353763938,
        "min": 0.00440319767222,
        "var": 0.00395719846711
    },
    "melbands_kurtosis": {
        "dmean": 6.53273773193,
        "dmean2": 10.2583274841,
        "dvar": 222.227859497,
        "dvar2": 553.334411621,
        "max": 396.289367676,
        "mean": 12.5829381943,
        "median": 5.80494356155,
        "min": -1.86810743809,
        "var": 491.696655273
    },
    "melbands_skewness": {
        "dmean": 0.671205401421,
        "dmean2": 1.01368641853,
        "dvar": 0.634511590004,
        "dvar2": 1.42021155357,
        "max": 16.6847610474,
        "mean": 2.2795727253,
        "median": 1.93759989738,
        "min": -1.74195921421,
        "var": 3.43897485733
    },
    "melbands_spread": {
        "dmean": 5.77934980392,
        "dmean2": 8.53349494934,
        "dvar": 104.558670044,
        "dvar2": 187.008560181,
        "max": 238.102111816,
        "mean": 21.2014350891,
        "median": 17.4851913452,
        "min": 0.379739761353,
        "var": 321.610137939
    },
    "pitch_salience": {
        "dmean": 0.0649066120386,
        "dmean2": 0.10255048424,
        "dvar": 0.00409542256966,
        "dvar2": 0.00938180275261,
        "max": 0.956306278706,
        "mean": 0.498202413321,
        "median": 0.48821669817,
        "min": 0.0609263554215,
        "var": 0.017350198701
    },
    "silence_rate_20dB": {
        "dmean": 0,
        "dmean2": 0,
        "dvar": 0,
        "dvar2": 0,
        "max": 1,
        "mean": 1,
        "median": 1,
        "min": 1,
        "var": 0
    },
    "silence_rate_30dB": {
        "dmean": 0.0133635606617,
        "dmean2": 0.0267303101718,
        "dvar": 0.0131845641881,
        "dvar2": 0.0331760197878,
        "max": 1,
        "mean": 0.987234532833,
        "median": 1,
        "min": 0,
        "var": 0.0126021746546
    },
    "silence_rate_60dB": {
        "dmean": 0.0348407104611,
        "dmean2": 0.0696897357702,
        "dvar": 0.0336318351328,
        "dvar2": 0.0722373202443,
        "max": 1,
        "mean": 0.222739204764,
        "median": 0,
        "min": 0,
        "var": 0.173115462065
    },
    "spectral_centroid": {
        "dmean": 209.477401733,
        "dmean2": 309.287780762,
        "dvar": 91353.953125,
        "dvar2": 157078.6875,
        "max": 11443.7470703,
        "mean": 1236.35095215,
        "median": 1162.04370117,
        "min": 176.826019287,
        "var": 322540.96875
    },
    "spectral_complexity": {
        "dmean": 2.33814573288,
        "dmean2": 3.73054885864,
        "dvar": 7.1475071907,
        "dvar2": 15.9919939041,
        "max": 47,
        "mean": 12.3750896454,
        "median": 12,
        "min": 0,
        "var": 57.7530899048
    },
    "spectral_decrease": {
        "dmean": 1.71360514667e-09,
        "dmean2": 2.7083633114e-09,
        "dvar": 1.02596948454e-17,
        "dvar2": 2.7781714523e-17,
        "max": 7.37845849704e-29,
        "mean": -6.29851770739e-09,
        "median": -4.39985115008e-09,
        "min": -5.2980787757e-08,
        "var": 4.55111596653e-17
    },
    "spectral_energy": {
        "dmean": 0.00677195703611,
        "dmean2": 0.0106413830072,
        "dvar": 0.000151763029862,
        "dvar2": 0.000408263789723,
        "max": 0.203516677022,
        "mean": 0.0254836063832,
        "median": 0.0178791061044,
        "min": 1.01715968467e-20,
        "var": 0.000725715246517
    },
    "spectral_energyband_high": {
        "dmean": 0.000206650176551,
        "dmean2": 0.000304905144731,
        "dvar": 1.88208744589e-07,
        "dvar2": 3.62807895726e-07,
        "max": 0.0148393036798,
        "mean": 0.000501721806359,
        "median": 0.000218217319343,
        "min": 7.48388589592e-21,
        "var": 5.75106753331e-07
    },
    "spectral_energyband_low": {
        "dmean": 0.00409848708659,
        "dmean2": 0.00687659485266,
        "dvar": 0.000129009233206,
        "dvar2": 0.000360610807547,
        "max": 0.178981214762,
        "mean": 0.0100042680278,
        "median": 0.00278411433101,
        "min": 8.24462008547e-23,
        "var": 0.000268949399469
    },
    "spectral_energyband_middle_high": {
        "dmean": 0.00266008498147,
        "dmean2": 0.00377380126156,
        "dvar": 2.57652682194e-05,
        "dvar2": 5.28205673618e-05,
        "max": 0.0970195233822,
        "mean": 0.00899115856737,
        "median": 0.00228695455007,
        "min": 1.21515517898e-21,
        "var": 0.000218581815716
    },
    "spectral_energyband_middle_low": {
        "dmean": 0.00249846698716,
        "dmean2": 0.00384769798256,
        "dvar": 1.76034445758e-05,
        "dvar2": 4.1506751586e-05,
        "max": 0.0920859128237,
        "mean": 0.00685944734141,
        "median": 0.00382762704976,
        "min": 3.16970218708e-22,
        "var": 8.42189474497e-05
    },
    "spectral_entropy": {
        "dmean": 0.174476757646,
        "dmean2": 0.244436278939,
        "dvar": 0.0312837287784,
        "dvar2": 0.0557580031455,
        "max": 9.79658603668,
        "mean": 7.44471120834,
        "median": 7.48107624054,
        "min": 5.3738079071,
        "var": 0.270098239183
    },
    "spectral_flux": {
        "dmean": 0.0200745202601,
        "dmean2": 0.0314617566764,
        "dvar": 0.000578982871957,
        "dvar2": 0.00142944429535,
        "max": 0.35979989171,
        "mean": 0.0681459307671,
        "median": 0.0583322495222,
        "min": 1.0085433183e-10,
        "var": 0.00253927125596
    },
    "spectral_kurtosis": {
        "dmean": 1.71248269081,
        "dmean2": 2.71220254898,
        "dvar": 7.60830402374,
        "dvar2": 18.5783214569,
        "max": 81.0011062622,
        "mean": 5.36978816986,
        "median": 4.44893503189,
        "min": -1.5517013073,
        "var": 20.3412513733
    },
    "spectral_rms": {
        "dmean": 0.00057055905927,
        "dmean2": 0.00086539494805,
        "dvar": 5.33251295565e-07,
        "dvar2": 1.32368484174e-06,
        "max": 0.0140908779576,
        "mean": 0.00422899471596,
        "median": 0.00417648535222,
        "min": 3.15016003734e-12,
        "var": 6.9776519922e-06
    },
    "spectral_rolloff": {
        "dmean": 390.695526123,
        "dmean2": 645.519470215,
        "dvar": 857494,
        "dvar2": 1680419.375,
        "max": 19078.4179688,
        "mean": 1317.74145508,
        "median": 1033.59375,
        "min": 21.533203125,
        "var": 1934945.375
    },
    "spectral_skewness": {
        "dmean": 0.220315530896,
        "dmean2": 0.337956130505,
        "dvar": 0.0636428296566,
        "dvar2": 0.140441015363,
        "max": 7.08942127228,
        "mean": 1.84232187271,
        "median": 1.79910445213,
        "min": -0.510017573833,
        "var": 0.307766795158
    },
    "spectral_spread": {
        "dmean": 652132.75,
        "dmean2": 917065.0625,
        "dvar": 798484922368,
        "dvar2": 1.29231998157e+12,
        "max": 40789652,
        "mean": 5072804.5,
        "median": 4900605.5,
        "min": 1061592.875,
        "var": 3.57366628352e+12
    },
    "spectral_strongpeak": {
        "dmean": 0.642549753189,
        "dmean2": 1.06715726852,
        "dvar": 1.41749048233,
        "dvar2": 3.44502997398,
        "max": 11.9362401962,
        "mean": 1.43352460861,
        "median": 0.397076576948,
        "min": 0,
        "var": 4.7063574791
    },
    "zerocrossingrate": {
        "dmean": 0.00988680683076,
        "dmean2": 0.0112529015169,
        "dvar": 0.00022686709417,
        "dvar2": 0.000216376734897,
        "max": 0.54541015625,
        "mean": 0.0587496943772,
        "median": 0.05322265625,
        "min": 0.001953125,
        "var": 0.0013287976617
    },
    "barkbands": {
        "dmean": [0.000756043649744, 0.00337453139946, 0.000928731169552, 0.000378424447263, 0.000503059418406, 0.000419382646214, 0.000508070166688, 0.000495038635563, 0.000850238779094, 0.00107027124614, 0.00120040914044, 0.000513283535838, 0.00049694039626, 0.000470394676086, 0.000358300487278, 0.000103610087535, 9.20299135032e-05, 7.80117334216e-05, 0.000125447128084, 7.91575730545e-05, 3.71999303752e-05, 3.45271873812e-05, 3.84900813515e-05, 4.17924675276e-05, 5.39738357475e-05, 2.26245665544e-05, 5.80992548294e-07],
        "dmean2": [0.00122398056556, 0.0055769351311, 0.00155501987319, 0.000645928492304, 0.000839046027977, 0.000655508367345, 0.000815065752249, 0.000782855669968, 0.00129435735289, 0.00163989653811, 0.00176521902904, 0.000763190968428, 0.000767495948821, 0.000711924862117, 0.000570069765672, 0.000162368829479, 0.000141611992149, 0.000121933007904, 0.000187622528756, 0.000119301948871, 5.93825061515e-05, 5.43737805856e-05, 6.02849468123e-05, 6.37880511931e-05, 8.14923405414e-05, 3.41291270161e-05, 8.71437123351e-07],
        "dvar": [6.94909931553e-06, 0.000106679246528, 5.84266399528e-06, 1.32565139666e-06, 1.00806823866e-06, 1.02057151707e-06, 2.63710785475e-06, 3.4307322494e-06, 4.92618983117e-06, 1.14833692351e-05, 1.55157213158e-05, 2.39224323195e-06, 2.46293598138e-06, 2.92848176286e-06, 1.20175172924e-06, 1.12176891776e-07, 7.88660372564e-08, 5.61257387233e-08, 1.29810985072e-07, 4.23631263402e-08, 7.749919817e-09, 7.50781925518e-09, 7.98687693759e-09, 1.51854777641e-08, 2.37879334009e-08, 3.22259885444e-09, 1.57624885366e-11],
        "dvar2": [1.5927827917e-05, 0.000287676753942, 1.58731691045e-05, 3.43000579051e-06, 2.80923904938e-06, 2.39861105911e-06, 6.50882066111e-06, 8.17459022073e-06, 1.12573634397e-05, 2.54644874076e-05, 3.16571058647e-05, 5.0252924666e-06, 5.20549428984e-06, 6.15204498899e-06, 2.83433223558e-06, 2.23220254725e-07, 1.69133585359e-07, 1.23374249483e-07, 2.69994586688e-07, 9.22824483496e-08, 1.91511606573e-08, 1.67966103248e-08, 1.7976956812e-08, 3.18473922789e-08, 4.12361949031e-08, 6.26950980021e-09, 3.18714846181e-11],
        "max": [0.045853022486, 0.150583267212, 0.0464590638876, 0.0170539729297, 0.0143796531484, 0.0194209329784, 0.0527444891632, 0.0574270412326, 0.046284712851, 0.105353325605, 0.0914245024323, 0.0516789294779, 0.0423785485327, 0.0479792430997, 0.0294336825609, 0.0101970545948, 0.00859350338578, 0.00712257437408, 0.0110793728381, 0.00455188378692, 0.00258776824921, 0.00310252839699, 0.00181620533112, 0.00594670884311, 0.00835786946118, 0.0022017727606, 0.000172557382029],
        "mean": [0.00116327148862, 0.007082415279, 0.00170340004843, 0.000447370432084, 0.000956615200266, 0.000812299200334, 0.000786618620623, 0.000873129232787, 0.00170518294908, 0.00265512731858, 0.00276433909312, 0.000969047774561, 0.000869193463586, 0.000748230086174, 0.000700660631992, 0.000157787566422, 0.000152096559759, 0.000132082321215, 0.000230135512538, 0.000146803344251, 6.81445162627e-05, 6.38582059764e-05, 7.62561176089e-05, 8.56715123518e-05, 9.95360896923e-05, 3.36668454111e-05, 6.22064646905e-07],
        "median": [2.69931770163e-05, 0.00176035542972, 0.000237085667322, 0.000117452829727, 0.000460544746602, 0.000241818721406, 0.000205601594644, 0.000117077179311, 0.000200207956368, 0.000203608928132, 0.000215363630559, 0.000160688156029, 0.000130823114887, 0.000111420973553, 0.000109583961603, 4.90032689413e-05, 4.86313219881e-05, 4.5818163926e-05, 6.66977648507e-05, 4.07282786909e-05, 2.6719935704e-05, 2.12850172829e-05, 2.95303761959e-05, 2.78413608612e-05, 3.68034925486e-05, 7.23065613784e-06, 4.1552921104e-09],
        "min": [5.21141424838e-23, 1.66352968209e-23, 2.94193747025e-23, 1.95202731696e-23, 3.46516902939e-23, 4.04143160511e-23, 9.99759712788e-23, 3.43394812357e-23, 4.83326304496e-23, 8.08702965798e-23, 5.02695616509e-23, 3.14503191911e-23, 4.83315702205e-23, 6.75254963667e-23, 1.7175652657e-22, 9.37613566219e-23, 1.02632596061e-22, 1.5270874164e-22, 3.35996634974e-22, 2.42216724344e-22, 4.26826155332e-22, 5.25847308304e-22, 6.15209875544e-22, 9.31592071023e-22, 1.27558571085e-21, 1.57447559102e-21, 2.20028588911e-21],
        "var": [1.04928285509e-05, 0.000186046090676, 9.38076391321e-06, 1.27512214476e-06, 1.77269748747e-06, 2.65709604719e-06, 4.79134359921e-06, 9.69095981418e-06, 1.70067833096e-05, 8.49214848131e-05, 8.26778414194e-05, 8.66548634804e-06, 6.70935787639e-06, 5.71845521335e-06, 4.59609600512e-06, 2.08689485248e-07, 1.58735318223e-07, 1.16617485446e-07, 2.88287765216e-07, 9.5215206386e-08, 1.34353683734e-08, 1.52767007933e-08, 1.70770952934e-08, 3.30345812927e-08, 4.93158509585e-08, 5.9622862203e-09, 2.24956477057e-11]
    },
    "erbbands": {
        "dmean": [0.153385043144, 0.604763567448, 1.05393898487, 1.09642100334, 1.40531396866, 2.01248693466, 2.18672776222, 3.99053430557, 5.96991348267, 9.17769622803, 10.7870426178, 19.7374076843, 33.9571495056, 40.8934631348, 28.8493995667, 20.223526001, 20.0698127747, 24.8089542389, 21.7334403992, 10.5569324493, 5.10110664368, 4.39892244339, 4.0414352417, 6.00314807892, 5.15245199203, 3.46796607971, 1.98970472813, 1.36171722412, 1.17921817303, 1.21424174309, 1.15382933617, 0.964026331902, 0.687688708305, 0.628529131413, 0.381140261889, 0.1506729424, 0.0308276005089, 0.00329110934399, 0.000105568156869, 1.07278010546e-05],
        "dmean2": [0.263842791319, 0.946411669254, 1.7190798521, 1.84309339523, 2.39432287216, 3.27639722824, 3.47798299789, 6.19550991058, 9.47720336914, 14.4543447495, 16.3796482086, 29.5908432007, 51.7911491394, 62.8540115356, 41.5993652344, 29.8155441284, 31.4601135254, 35.8794403076, 33.08801651, 16.2946052551, 7.88500452042, 6.76847314835, 6.11753225327, 8.95420742035, 7.60637235641, 5.11388349533, 3.04213428497, 2.16228079796, 1.83117127419, 1.92743945122, 1.81863021851, 1.48819029331, 1.04630196095, 0.955445468426, 0.584546148777, 0.232112243772, 0.046752601862, 0.00479598669335, 0.000149982181028, 1.64033499459e-05],
        "dvar": [0.279096871614, 2.98868894577, 6.93758821487, 7.71842575073, 12.9765672684, 14.6464452744, 27.988199234, 104.194084167, 297.732086182, 1122.4777832, 1508.72265625, 2654.93334961, 11298.78125, 15848.6650391, 7814.34765625, 4154.53808594, 4042.84301758, 6623.53027344, 4177.32373047, 745.718078613, 237.758911133, 200.630508423, 159.744171143, 352.704193115, 217.457778931, 83.8935012817, 22.9018516541, 16.4026947021, 7.54293870926, 9.92718696594, 7.4499335289, 9.68291282654, 3.16548299789, 3.58280754089, 0.983621001244, 0.12314016372, 0.00834916997701, 0.000191694678506, 3.04375959104e-07, 5.40545164185e-10],
        "dvar2": [0.809001743793, 6.7205619812, 18.4665584564, 19.9134960175, 35.2526893616, 38.7416915894, 69.9982070923, 237.440963745, 705.168579102, 2676.03442383, 3111.60571289, 5874.42480469, 26707.9160156, 35674.0195312, 15148.4521484, 9243.69433594, 8998.18261719, 12958.9423828, 9304.39648438, 1657.25830078, 502.068786621, 430.258148193, 323.629943848, 708.987182617, 477.321777344, 181.238082886, 51.0792274475, 41.9025268555, 16.1860866547, 24.1441516876, 17.1051826477, 22.5133018494, 6.17130661011, 6.21592855453, 1.78085839748, 0.254281103611, 0.016487384215, 0.000326266337652, 5.55149085812e-07, 1.1526197774e-09],
        "max": [7.58746337891, 23.5760822296, 53.3165473938, 42.6428947449, 58.8492393494, 66.70703125, 143.813659668, 216.41267395, 490.851257324, 1307.98999023, 1538.34667969, 1239.02905273, 3872.36547852, 2980.25097656, 2358.13964844, 2400.18969727, 1819.2409668, 2858.79663086, 1929.19567871, 853.82208252, 442.841461182, 488.608001709, 422.952453613, 719.920776367, 380.087219238, 257.432373047, 124.548706055, 161.293182373, 106.635856628, 69.0955581665, 58.2081031799, 135.610122681, 77.5757675171, 97.323097229, 48.9356536865, 13.8397455215, 3.74664402008, 0.67067617178, 0.0173051394522, 0.000663849466946],
        "mean": [0.275861680508, 1.29622161388, 2.1652033329, 1.68644154072, 2.00820016861, 3.99839735031, 4.23711585999, 7.55949401855, 9.68154716492, 14.6073246002, 19.8332939148, 41.1814727783, 86.3661193848, 112.894523621, 61.8510475159, 41.2368240356, 37.776222229, 44.0501823425, 39.5678825378, 20.7708644867, 9.25304889679, 7.79644346237, 7.54751777649, 10.7866458893, 10.0069684982, 6.64291572571, 3.74458765984, 2.51341319084, 2.24355244637, 2.21022319794, 2.23618149757, 1.90444552898, 1.36717045307, 1.12582659721, 0.685102939606, 0.233952730894, 0.0448651611805, 0.00451968517154, 0.000155073139467, 3.68617838831e-05],
        "median": [0.0382360816002, 0.317908465862, 0.445636630058, 0.545856356621, 0.8109998703, 1.61632430553, 1.89821398258, 1.83665776253, 2.9881696701, 3.43651270866, 4.01431941986, 6.12779140472, 9.14804363251, 10.0948724747, 8.96291351318, 8.45409393311, 7.71551799774, 8.77683830261, 8.19806098938, 4.91376113892, 3.3291759491, 2.72580480576, 2.72266530991, 3.37543606758, 3.09289288521, 2.08973121643, 1.39137780666, 0.914807498455, 0.760361909866, 0.7321164608, 0.874331355095, 0.604679465294, 0.460704505444, 0.415512651205, 0.243510007858, 0.0602747350931, 0.00769699877128, 0.000477697554743, 3.48156681866e-05, 2.56889925367e-05],
        "min": [9.21960041505e-22, 3.0316490548e-21, 2.45302543228e-20, 6.66836303701e-20, 5.22487373761e-20, 1.7877815805e-19, 1.16987494874e-19, 4.68228584265e-19, 1.38106467983e-18, 8.61661119399e-19, 1.01525946016e-18, 1.04669056568e-18, 2.44580556725e-18, 2.15187189966e-18, 2.22373032024e-18, 1.20501283153e-18, 1.96395238771e-18, 3.48528332478e-18, 7.51113662449e-18, 7.44104216656e-18, 5.41317373971e-18, 4.88905555999e-18, 9.41013982448e-18, 1.28766105806e-17, 1.56053578259e-17, 1.26955481891e-17, 1.32920091037e-17, 1.94636309509e-17, 1.63757442175e-17, 2.3531639029e-17, 1.63560143056e-17, 1.59523981431e-17, 1.69316476395e-17, 1.43130072327e-17, 8.80804829149e-18, 4.8527977522e-18, 3.31062537921e-18, 1.29936715265e-18, 2.86506878156e-19, 3.4273094539e-20],
        "var": [0.319622576237, 6.71416664124, 12.4446554184, 9.39611911774, 14.3638305664, 37.0211296082, 58.0045623779, 306.858428955, 551.494384766, 2573.90966797, 4521.68847656, 9290.47265625, 92311.609375, 100107.539062, 27962.0527344, 15456.9082031, 10623.0371094, 14310.9150391, 12130.3779297, 2922.11279297, 454.405883789, 398.77645874, 409.364837646, 762.910095215, 441.437988281, 190.84538269, 45.6242370605, 26.0059623718, 17.6646461487, 17.3912887573, 14.9011688232, 17.5918273926, 7.46908521652, 7.17026424408, 2.10138845444, 0.223693519831, 0.0142093235627, 0.000350331916707, 5.17285400292e-07, 1.74028935707e-09]
    },
    "gfcc": {
        "mean": [-50.358669281, 84.5965042114, -125.469978333, 13.631436348, -65.97265625, 27.3138656616, -37.7820663452, 15.6555395126, -29.0727825165, 4.71325492859, -11.020731926, -4.02793264389, -6.88871622086],
        "cov": [[11541.0292969, -1466.09887695, 1212.16442871, 1039.97668457, 918.427062988, 1345.59692383, 404.376708984, 929.309875488, -12.8678789139, 743.758850098, -36.9544563293, 573.672973633, -42.2398147583], [-1466.09887695, 1672.45141602, 173.814102173, 251.137542725, 334.794281006, -64.578338623, 148.988021851, -129.239364624, 176.448516846, -142.68296814, 202.301849365, -153.013717651, 148.219741821], [1212.16442871, 173.814102173, 1544.12243652, 682.65802002, 366.048522949, 317.034484863, -134.180236816, 123.374786377, -70.1744766235, 208.961257935, -45.6159477234, 248.177780151, -59.5665283203], [1039.97668457, 251.137542725, 682.65802002, 820.179138184, 337.857147217, 217.081268311, -11.9625873566, 97.5453109741, 92.9614105225, 78.9241256714, 33.5374145508, 145.105773926, 79.1248550415], [918.427062988, 334.794281006, 366.048522949, 337.857147217, 451.623260498, 227.7525177, 123.693946838, 99.7056808472, 64.1098098755, 84.5568161011, 36.7149772644, 74.0528793335, 56.833152771], [1345.59692383, -64.578338623, 317.034484863, 217.081268311, 227.7525177, 445.472229004, 160.89515686, 99.7897567749, 32.2301216125, 125.89238739, -8.12170028687, 78.7059020996, 22.7590999603], [404.376708984, 148.988021851, -134.180236816, -11.9625873566, 123.693946838, 160.89515686, 336.267272949, 43.2194519043, 77.8602828979, 32.7086410522, 45.1427116394, -18.1960659027, 36.3955764771], [929.309875488, -129.239364624, 123.374786377, 97.5453109741, 99.7056808472, 99.7897567749, 43.2194519043, 231.204437256, 41.3669204712, 76.8154907227, 17.2473602295, 61.5600624084, 4.62297916412], [-12.8678789139, 176.448516846, -70.1744766235, 92.9614105225, 64.1098098755, 32.2301216125, 77.8602828979, 41.3669204712, 225.482894897, -6.51524829865, 32.7784080505, -2.7866563797, 41.6071624756], [743.758850098, -142.68296814, 208.961257935, 78.9241256714, 84.5568161011, 125.89238739, 32.7086410522, 76.8154907227, -6.51524829865, 216.612243652, 30.3293533325, 56.5898361206, -33.5622253418], [-36.9544563293, 202.301849365, -45.6159477234, 33.5374145508, 36.7149772644, -8.12170028687, 45.1427116394, 17.2473602295, 32.7784080505, 30.3293533325, 168.704040527, 2.6209294796, 43.0307312012], [573.672973633, -153.013717651, 248.177780151, 145.105773926, 74.0528793335, 78.7059020996, -18.1960659027, 61.5600624084, -2.7866563797, 56.5898361206, 2.6209294796, 182.643875122, 16.2931423187], [-42.2398147583, 148.219741821, -59.5665283203, 79.1248550415, 56.833152771, 22.7590999603, 36.3955764771, 4.62297916412, 41.6071624756, -33.5622253418, 43.0307312012, 16.2931423187, 134.666275024]],
        "icov": [[0.000234640770941, 0.000153259621584, 0.000105313076347, -0.000171971405507, -0.000218854242121, -0.000386435218388, -3.12734628096e-05, -0.000511347432621, 0.000186127435882, -0.000175374516402, -2.32755028264e-05, -0.000147361861309, 0.000160270588822], [0.000153259621584, 0.00202384032309, -0.000928590074182, 0.000142549411976, -0.00168158719316, 0.000686276995111, -0.000689749082085, 0.000866423535626, -0.000936513766646, 0.00127018452622, -0.00202068639919, 0.00209165830165, -0.000925060652662], [0.000105313076347, -0.000928590074182, 0.00227357330732, -0.00122173095588, 7.43305572541e-05, -0.00118025962729, 0.00113109161612, -0.000732896151021, 0.00125409627799, -0.00126477901358, 0.00124474742915, -0.00215909606777, 0.00182694930118], [-0.000171971405507, 0.000142549411976, -0.00122173095588, 0.00298269162886, -0.00103517528623, 0.000167532984051, 0.000492813065648, 0.000534481077921, -0.00135113939177, 0.00059069134295, -0.000542257388588, 0.000106360894279, -0.00152166490443], [-0.000218854242121, -0.00168158719316, 7.43305572541e-05, -0.00103517528623, 0.00588489556685, -0.00108732667286, -0.00072517368244, -0.00107006251346, 0.000501177099068, -0.0011356365867, 0.00138614478055, -0.00125615182333, -0.000372639973648], [-0.000386435218388, 0.000686276995111, -0.00118025962729, 0.000167532984051, -0.00108732667286, 0.00552722532302, -0.00230627763085, 0.00103008572478, -0.000635667296592, -0.000527208554558, 0.000353927054675, 0.00102889456321, -0.00155692000408], [-3.12734628096e-05, -0.000689749082085, 0.00113109161612, 0.000492813065648, -0.00072517368244, -0.00230627763085, 0.00536591559649, -0.000389114662539, -0.000620082835667, -0.000507718476001, -0.000203632574994, -0.000338527432177, 0.000390140252421], [-0.000511347432621, 0.000866423535626, -0.000732896151021, 0.000534481077921, -0.00107006251346, 0.00103008572478, -0.000389114662539, 0.00747525086626, -0.00191963254474, -1.70017719938e-05, -0.00129174033646, 0.000389310036553, -0.000671664020047], [0.000186127435882, -0.000936513766646, 0.00125409627799, -0.00135113939177, 0.000501177099068, -0.000635667296592, -0.000620082835667, -0.00191963254474, 0.00643773050979, -0.000608844507951, 0.00079160038149, -0.00109566189349, 0.000306000059936], [-0.000175374516402, 0.00127018452622, -0.00126477901358, 0.00059069134295, -0.0011356365867, -0.000527208554558, -0.000507718476001, -1.70017719938e-05, -0.000608844507951, 0.0084107555449, -0.00348844914697, 0.000794709078036, 0.00164944783319], [-2.32755028264e-05, -0.00202068639919, 0.00124474742915, -0.000542257388588, 0.00138614478055, 0.000353927054675, -0.000203632574994, -0.00129174033646, 0.00079160038149, -0.00348844914697, 0.00954724382609, -0.00210163323209, -0.00136987736914], [-0.000147361861309, 0.00209165830165, -0.00215909606777, 0.000106360894279, -0.00125615182333, 0.00102889456321, -0.000338527432177, 0.000389310036553, -0.00109566189349, 0.000794709078036, -0.00210163323209, 0.0104746054858, -0.00299072358757], [0.000160270588822, -0.000925060652662, 0.00182694930118, -0.00152166490443, -0.000372639973648, -0.00155692000408, 0.000390140252421, -0.000671664020047, 0.000306000059936, 0.00164944783319, -0.00136987736914, -0.00299072358757, 0.0116504980251]]
    },
    "melbands": {
        "dmean": [0.00111151917372, 0.000566182658076, 0.000189391008462, 0.000123063582578, 7.41758049116e-05, 8.74281395227e-05, 9.57501906669e-05, 0.000102153040643, 8.59236897668e-05, 0.000137587237987, 0.000172496991581, 0.00016336562112, 0.000122905519675, 6.31561415503e-05, 3.72287613573e-05, 5.87439462834e-05, 4.90908569191e-05, 3.89040469599e-05, 2.56797102338e-05, 8.92972093425e-06, 6.27377767159e-06, 5.58461988476e-06, 4.00143972001e-06, 3.757233344e-06, 5.63997309655e-06, 4.77139064969e-06, 3.14733324558e-06, 2.50916423283e-06, 1.65670815022e-06, 8.67095081958e-07, 8.63098648551e-07, 7.01007195403e-07, 7.6311863495e-07, 6.78004710153e-07, 6.96106042142e-07, 6.92758419518e-07, 6.1683289232e-07, 5.2066684475e-07, 5.21593335634e-07, 5.82202289934e-07],
        "dmean2": [0.00185789924581, 0.000912495655939, 0.000315175566357, 0.00020531793416, 0.000118254472909, 0.000135740745463, 0.000151641608682, 0.00016195003991, 0.000129984066007, 0.000206812226679, 0.00026281629107, 0.000250822427915, 0.000178182992386, 9.27040891838e-05, 5.66360540688e-05, 9.10770831979e-05, 7.16414797353e-05, 5.92130563746e-05, 4.05672435591e-05, 1.38810619319e-05, 9.93359117274e-06, 8.62278011482e-06, 6.29437090538e-06, 5.89824549024e-06, 8.47578121466e-06, 7.23137372916e-06, 4.82409905089e-06, 3.74938736059e-06, 2.57425290329e-06, 1.38441862418e-06, 1.38906989378e-06, 1.10259486519e-06, 1.24214670905e-06, 1.08437541257e-06, 1.11509564249e-06, 1.08479264327e-06, 9.67584469436e-07, 8.06553885013e-07, 8.13219514839e-07, 8.94891854841e-07],
        "dvar": [1.27962630359e-05, 1.81686959877e-06, 2.28988270123e-07, 6.53449276911e-08, 2.48928468949e-08, 4.6873363857e-08, 7.43228056876e-08, 1.36281357754e-07, 8.5503081948e-08, 1.32091841465e-07, 2.97218235801e-07, 2.43599373562e-07, 1.56180576028e-07, 3.64076946369e-08, 1.27781607517e-08, 3.80177809234e-08, 2.95298629993e-08, 1.45913761074e-08, 5.7398947817e-09, 8.51181181094e-10, 3.93838739399e-10, 3.6911018686e-10, 2.60254012785e-10, 1.46960249525e-10, 3.53954615617e-10, 2.40197528534e-10, 7.58670001821e-11, 5.60951285422e-11, 2.14795594505e-11, 3.3964788447e-12, 7.80774056519e-12, 2.89953564631e-12, 3.69229993802e-12, 2.97033469869e-12, 2.53699123341e-12, 3.36419650818e-12, 4.62689912425e-12, 1.95441015802e-12, 2.11391841531e-12, 3.46721826597e-12],
        "dvar2": [3.55574811692e-05, 4.33385866927e-06, 5.79311119964e-07, 1.81578116099e-07, 6.35128429849e-08, 1.07552814654e-07, 1.81979046943e-07, 3.32755661248e-07, 1.73273718929e-07, 2.92265667667e-07, 6.93212712122e-07, 5.46241835764e-07, 3.12030806526e-07, 7.51698436829e-08, 2.75219207424e-08, 8.09684976844e-08, 5.85827812927e-08, 3.21104423051e-08, 1.3765414586e-08, 1.68943592449e-09, 8.68008387389e-10, 7.92302112806e-10, 6.46559916717e-10, 3.48399142869e-10, 7.21288473393e-10, 5.18637466307e-10, 1.59982055381e-10, 1.26147092772e-10, 4.97135908828e-11, 8.02652388998e-12, 1.96300840166e-11, 6.26482199451e-12, 9.18732451227e-12, 7.19558050297e-12, 6.1290052894e-12, 7.56633297683e-12, 1.12716121159e-11, 4.10263793424e-12, 4.33857290372e-12, 5.9706623326e-12],
        "max": [0.0548943318427, 0.0243492349982, 0.00652461498976, 0.00338713289239, 0.00386400171556, 0.00425300467759, 0.00650585396215, 0.0117956046015, 0.0109346807003, 0.00871512293816, 0.0196102634072, 0.0119175389409, 0.0113875595853, 0.00746291643009, 0.00341859227046, 0.00555316545069, 0.0055679762736, 0.00323837343603, 0.00263785663992, 0.0010843189666, 0.000584237859584, 0.000636327080429, 0.000768445606809, 0.000380294339266, 0.000713725341484, 0.000443184137112, 0.0002462733828, 0.00024050968932, 0.000140368429129, 5.04756026203e-05, 0.000107305997517, 6.77684001857e-05, 4.92670114909e-05, 4.20771102654e-05, 3.73346119886e-05, 6.08795853623e-05, 9.27531655179e-05, 5.69291660213e-05, 5.99793784204e-05, 0.000105510960566],
        "mean": [0.0022359918803, 0.00135163776577, 0.000306126108626, 0.000221838592552, 0.00015182630159, 0.000165742007084, 0.000155039771926, 0.000164996861713, 0.000150740757817, 0.000280799984466, 0.000425368576543, 0.000437078706454, 0.000270167831331, 0.000122882222058, 6.50186921121e-05, 0.000102870842966, 8.0268997408e-05, 6.17907426204e-05, 5.16628933838e-05, 1.31357182909e-05, 1.03644888441e-05, 8.77279035194e-06, 6.82461859469e-06, 5.9508074628e-06, 9.22497292777e-06, 7.98258406576e-06, 5.81031554248e-06, 4.21334652856e-06, 2.73010209639e-06, 1.50035214119e-06, 1.44663260926e-06, 1.24722396322e-06, 1.2480645637e-06, 1.18979914987e-06, 1.25803569517e-06, 1.29032491714e-06, 1.11625286081e-06, 9.71230406321e-07, 8.93235323929e-07, 9.86339045994e-07],
        "median": [0.000459564849734, 0.000341057428159, 0.000100212695543, 9.33369155973e-05, 7.88805336924e-05, 4.28771454608e-05, 4.66462806799e-05, 3.49805268343e-05, 2.62986577582e-05, 3.36004013661e-05, 3.45484659192e-05, 3.25240434904e-05, 2.81478678517e-05, 2.03016606974e-05, 1.25277292682e-05, 1.43880270116e-05, 1.29103545987e-05, 1.08983613245e-05, 7.62809668231e-06, 4.15525119024e-06, 3.23724270856e-06, 2.68835810857e-06, 2.21991285798e-06, 2.06844697459e-06, 2.49880508818e-06, 2.32583624893e-06, 1.65269580066e-06, 1.11840756745e-06, 8.29726332086e-07, 5.77318928663e-07, 4.28186581303e-07, 4.01074032652e-07, 3.69006215806e-07, 3.85158841709e-07, 4.74204966849e-07, 4.61495972104e-07, 3.14065744078e-07, 3.01455344243e-07, 2.93444486488e-07, 3.34111405209e-07],
        "min": [9.01173083336e-24, 9.86312079823e-24, 1.00755263301e-23, 8.65768769251e-24, 4.78783309763e-24, 1.00226261067e-23, 2.14367160755e-23, 8.13583490446e-24, 8.60124627246e-24, 6.65536386642e-24, 1.17187480504e-23, 8.2622080549e-24, 7.71054184666e-24, 4.3637702684e-24, 2.83449792818e-24, 4.79446229024e-24, 6.53511227661e-24, 1.14258976388e-23, 1.08753666014e-23, 8.31864316406e-24, 6.08624056078e-24, 4.66717603331e-24, 6.71430045351e-24, 8.81841652423e-24, 1.0266340739e-23, 1.3953011971e-23, 8.01404976905e-24, 8.34606318026e-24, 8.25880254237e-24, 9.60961245773e-24, 1.02871280128e-23, 9.60011536129e-24, 1.06444457152e-23, 1.28188027498e-23, 8.18003004782e-24, 1.00883374312e-23, 9.39682985032e-24, 1.02192157663e-23, 1.46480015839e-23, 1.1254728233e-23],
        "var": [1.96000892174e-05, 4.68391635877e-06, 2.97818303352e-07, 1.0999550426e-07, 5.38364410829e-08, 1.33240050104e-07, 1.34205834001e-07, 3.22428064692e-07, 2.64401847971e-07, 4.65298910513e-07, 2.39414680436e-06, 1.51271933646e-06, 6.82094196236e-07, 1.34543896024e-07, 3.45052626471e-08, 1.03303243293e-07, 6.21383122734e-08, 3.29735385662e-08, 2.67369753004e-08, 1.52819890076e-09, 7.2696948461e-10, 6.30730301321e-10, 4.45009196159e-10, 2.33012165118e-10, 7.04827252118e-10, 4.0392861278e-10, 1.6293529026e-10, 1.06519924825e-10, 3.58422215518e-11, 6.33405047162e-12, 1.19741386945e-11, 6.28774809996e-12, 5.94659087597e-12, 5.24497155777e-12, 4.70077319084e-12, 6.23230850608e-12, 7.62096722534e-12, 4.01237680234e-12, 4.00623111074e-12, 6.49357781088e-12]
    },
    "mfcc": {
        "mean": [-692.951293945, 117.789588928, -2.03126645088, -3.70542192459, -0.724786579609, 0.861528515816, 7.9588227272, 2.17650771141, -3.58747386932, 6.56092786789, -0.568183422089, -4.93863201141, -0.415108114481],
        "cov": [[10221.8798828, -1181.04858398, 338.798797607, 510.635650635, 679.13470459, 765.133789062, 726.108886719, 603.690979004, 506.372344971, 520.172241211, 210.705474854, 242.54335022, 387.842407227], [-1181.04858398, 1141.91589355, 91.8683624268, 104.602600098, 151.101333618, 38.978767395, 100.557907104, -1.38739156723, -15.3814926147, 10.4026861191, 52.0591011047, 17.2544250488, 22.0059299469], [338.798797607, 91.8683624268, 1031.01586914, 430.089874268, 443.803009033, 274.301574707, 69.1225204468, 46.5517692566, 36.1175575256, -66.8144454956, 20.6055049896, 81.0227584839, 111.70388031], [510.635650635, 104.602600098, 430.089874268, 568.689941406, 369.377471924, 158.561355591, 69.6136474609, 74.5316619873, 79.3613739014, -25.3812828064, 5.64693164825, 95.3257064819, 89.0128936768], [679.13470459, 151.101333618, 443.803009033, 369.377471924, 517.910888672, 176.044830322, 84.6244812012, 90.6082000732, 86.6527328491, 1.41527509689, 5.87160396576, 74.7759933472, 102.483184814], [765.133789062, 38.978767395, 274.301574707, 158.561355591, 176.044830322, 413.340087891, 158.905838013, 95.5583572388, 130.7081604, 51.5348548889, 38.6022911072, 41.6891059875, 63.092716217], [726.108886719, 100.557907104, 69.1225204468, 69.6136474609, 84.6244812012, 158.905838013, 286.749359131, 60.9675369263, 41.4499168396, 88.0182342529, 18.3268280029, 21.1334972382, 73.3467102051], [603.690979004, -1.38739156723, 46.5517692566, 74.5316619873, 90.6082000732, 95.5583572388, 60.9675369263, 205.199356079, 110.658546448, 25.8073654175, 27.5396614075, 39.8894119263, 16.4607543945], [506.372344971, -15.3814926147, 36.1175575256, 79.3613739014, 86.6527328491, 130.7081604, 41.4499168396, 110.658546448, 190.223922729, 56.2289466858, 26.3382492065, 36.2533569336, 17.9085597992], [520.172241211, 10.4026861191, -66.8144454956, -25.3812828064, 1.41527509689, 51.5348548889, 88.0182342529, 25.8073654175, 56.2289466858, 183.266921997, 59.8652458191, 2.22693419456, 13.5678567886], [210.705474854, 52.0591011047, 20.6055049896, 5.64693164825, 5.87160396576, 38.6022911072, 18.3268280029, 27.5396614075, 26.3382492065, 59.8652458191, 133.943771362, 51.3710403442, 8.47112846375], [242.54335022, 17.2544250488, 81.0227584839, 95.3257064819, 74.7759933472, 41.6891059875, 21.1334972382, 39.8894119263, 36.2533569336, 2.22693419456, 51.3710403442, 136.700973511, 71.7248535156], [387.842407227, 22.0059299469, 111.70388031, 89.0128936768, 102.483184814, 63.092716217, 73.3467102051, 16.4607543945, 17.9085597992, 13.5678567886, 8.47112846375, 71.7248535156, 168.645812988]],
