{
"lowlevel": {
    "average_loudness": 0.619596481323,
    "barkbands_crest": {
        "dmean": 2.91621208191,
        "dmean2": 4.80649328232,
        "dvar": 6.56908893585,
        "dvar2": 17.607093811,
        "max": 25.3291397095,
        "mean": 10.3500623703,
        "median": 9.69699192047,
        "min": 2.01826763153,
        "var": 14.7301054001
    },
    "barkbands_flatness_db": {
        "dmean": 0.0248937159777,
        "dmean2": 0.0395347625017,
        "dvar": 0.000560985237826,
        "dvar2": 0.0014050626196,
        "max": 0.380083620548,
        "mean": 0.150880038738,
        "median": 0.141297861934,
        "min": 0.0328368507326,
        "var": 0.00350269139744
    },
    "barkbands_kurtosis": {
        "dmean": 3.7990860939,
        "dmean2": 6.29978370667,
        "dvar": 46.9552383423,
        "dvar2": 127.045425415,
        "max": 114.938644409,
        "mean": 5.46848487854,
        "median": 2.77223491669,
        "min": -1.86631512642,
        "var": 79.3182067871
    },
    "barkbands_skewness": {
        "dmean": 0.631157279015,
        "dmean2": 1.01255548,
        "dvar": 0.475415557623,
        "dvar2": 1.20609819889,
        "max": 9.88444423676,
        "mean": 1.77202570438,
        "median": 1.59948635101,
        "min": -2.02050876617,
        "var": 1.69646155834
    },
    "barkbands_spread": {
        "dmean": 5.54764127731,
        "dmean2": 8.64621543884,
        "dvar": 42.9514274597,
        "dvar2": 95.9748458862,
        "max": 99.532371521,
        "mean": 20.8209457397,
        "median": 18.272102356,
        "min": 1.16140305996,
        "var": 197.211120605
    },
    "dissonance": {
        "dmean": 0.0172156654298,
        "dmean2": 0.0295155961066,
        "dvar": 0.000381069286959,
        "dvar2": 0.00106551253702,
        "max": 0.500000059605,
        "mean": 0.472232997417,
        "median": 0.480797052383,
        "min": 0.181359484792,
        "var": 0.000772147090174
    },
    "dynamic_complexity": 3.47228336334,
    "erbbands_crest": {
        "dmean": 2.44630742073,
        "dmean2": 4.07024478912,
        "dvar": 5.47539138794,
        "dvar2": 14.1310529709,
        "max": 29.9071331024,
        "mean": 8.48674869537,
        "median": 7.50380134583,
        "min": 2.32082557678,
        "var": 18.0706291199
    },
    "erbbands_flatness_db": {
        "dmean": 0.0153349265456,
        "dmean2": 0.022404961288,
        "dvar": 0.000216666056076,
        "dvar2": 0.000438501068857,
        "max": 0.405257076025,
        "mean": 0.168282538652,
        "median": 0.145180135965,
        "min": 0.0478497520089,
        "var": 0.00587571179494
    },
    "erbbands_kurtosis": {
        "dmean": 1.01796483994,
        "dmean2": 1.63724398613,
        "dvar": 1.99841916561,
        "dvar2": 5.18575620651,
        "max": 29.4690322876,
        "mean": 1.1510283947,
        "median": 0.0977756977081,
        "min": -1.70983743668,
        "var": 8.08188533783
    },
    "erbbands_skewness": {
        "dmean": 0.334138423204,
        "dmean2": 0.530888617039,
        "dvar": 0.0869052112103,
        "dvar2": 0.210408732295,
        "max": 4.32168388367,
        "mean": 0.331639587879,
        "median": 0.163212001324,
        "min": -2.7230322361,
        "var": 0.784714758396
    },
    "erbbands_spread": {
        "dmean": 7.53794956207,
        "dmean2": 11.5867643356,
        "dvar": 72.5467453003,
        "dvar2": 159.895294189,
        "max": 151.956481934,
        "mean": 37.2201309204,
        "median": 35.2557868958,
        "min": 2.44763493538,
        "var": 511.186187744
    },
    "hfc": {
        "dmean": 5.30242586136,
        "dmean2": 8.30744934082,
        "dvar": 67.1192932129,
        "dvar2": 168.589691162,
        "max": 221.612304688,
        "mean": 20.7012214661,
        "median": 15.1820087433,
        "min": 1.12317733476e-16,
        "var": 356.222076416
    },
    "melbands_crest": {
        "dmean": 3.61060476303,
        "dmean2": 6.01546621323,
        "dvar": 9.69187259674,
        "dvar2": 25.6873035431,
        "max": 36.6607246399,
        "mean": 15.3056898117,
        "median": 14.7017192841,
        "min": 2.20394849777,
        "var": 26.8822574615
    },
    "melbands_flatness_db": {
        "dmean": 0.0291984733194,
        "dmean2": 0.0464146360755,
        "dvar": 0.000787252327427,
        "dvar2": 0.00196979031898,
        "max": 0.492983788252,
        "mean": 0.210520863533,
        "median": 0.201761037111,
        "min": 0.00494479574263,
        "var": 0.00366464140825
    },
    "melbands_kurtosis": {
        "dmean": 10.1344118118,
        "dmean2": 16.7314395905,
        "dvar": 360.34664917,
        "dvar2": 944.85546875,
        "max": 312.591003418,
        "mean": 17.6253528595,
        "median": 9.52696800232,
        "min": -1.34938061237,
        "var": 671.495666504
    },
    "melbands_skewness": {
        "dmean": 0.900097668171,
        "dmean2": 1.44170975685,
        "dvar": 1.03605556488,
        "dvar2": 2.53112244606,
        "max": 15.3582992554,
        "mean": 2.95913147926,
        "median": 2.58699393272,
        "min": -1.60158002377,
        "var": 4.45347595215
    },
    "melbands_spread": {
        "dmean": 6.06701278687,
        "dmean2": 9.61344528198,
        "dvar": 55.9849128723,
        "dvar2": 125.617424011,
        "max": 177.172164917,
        "mean": 18.9929943085,
        "median": 15.6178836823,
        "min": 0.961010873318,
        "var": 177.006988525
    },
    "pitch_salience": {
        "dmean": 0.0819892659783,
        "dmean2": 0.136922761798,
        "dvar": 0.00515072885901,
        "dvar2": 0.013813007623,
        "max": 0.922444283962,
        "mean": 0.553106427193,
        "median": 0.557044327259,
        "min": 0.108922809362,
        "var": 0.0163192022592
    },
    "silence_rate_20dB": {
        "dmean": 0,
        "dmean2": 0,
        "dvar": 0,
        "dvar2": 0,
        "max": 1,
        "mean": 1,
        "median": 1,
        "min": 1,
        "var": 0
    },
    "silence_rate_30dB": {
        "dmean": 0.0381266176701,
        "dmean2": 0.0762622132897,
        "dvar": 0.0366740263999,
        "dvar2": 0.0916271209717,
        "max": 1,
        "mean": 0.967054963112,
        "median": 1,
        "min": 0,
        "var": 0.0318592935801
    },
    "silence_rate_60dB": {
        "dmean": 0.0150623675436,
        "dmean2": 0.0300105921924,
        "dvar": 0.0148371485993,
        "dvar2": 0.0366494618356,
        "max": 1,
        "mean": 0.0764795839787,
        "median": 0,
        "min": 0,
        "var": 0.0706400871277
    },
    "spectral_centroid": {
        "dmean": 237.551437378,
        "dmean2": 376.452911377,
        "dvar": 78451.3671875,
        "dvar2": 176466.875,
        "max": 11343.0029297,
        "mean": 1357.94360352,
        "median": 1284.1204834,
        "min": 269.755493164,
        "var": 297097.0625
    },
    "spectral_complexity": {
        "dmean": 3.54059767723,
        "dmean2": 5.70530796051,
        "dvar": 13.8107833862,
        "dvar2": 32.5474052429,
        "max": 51,
        "mean": 20.1646080017,
        "median": 21,
        "min": 0,
        "var": 105.884963989
    },
    "spectral_decrease": {
        "dmean": 3.77663722517e-09,
        "dmean2": 6.24636298241e-09,
        "dvar": 3.92498325622e-17,
        "dvar2": 1.02932277548e-16,
        "max": 2.06187817943e-29,
        "mean": -8.4172668835e-09,
        "median": -6.40685993147e-09,
        "min": -7.43796633174e-08,
        "var": 6.38423290724e-17
    },
    "spectral_energy": {
        "dmean": 0.0146113410592,
        "dmean2": 0.0241251550615,
        "dvar": 0.000576109508984,
        "dvar2": 0.00150837399997,
        "max": 0.283941328526,
        "mean": 0.0336463041604,
        "median": 0.0257463175803,
        "min": 1.01097368231e-20,
        "var": 0.000974353752099
    },
    "spectral_energyband_high": {
        "dmean": 0.000231851256103,
        "dmean2": 0.000364857696695,
        "dvar": 2.63813547008e-07,
        "dvar2": 6.32114620203e-07,
        "max": 0.0204819161445,
        "mean": 0.000647079723421,
        "median": 0.00041441063513,
        "min": 7.16402306942e-21,
        "var": 6.78905280438e-07
    },
    "spectral_energyband_low": {
        "dmean": 0.0102519299835,
        "dmean2": 0.0169780682772,
        "dvar": 0.000472745392472,
        "dvar2": 0.00125096319243,
        "max": 0.276572823524,
        "mean": 0.0169463567436,
        "median": 0.0103551959619,
        "min": 1.23303818869e-22,
        "var": 0.000640135956928
    },
    "spectral_energyband_middle_high": {
        "dmean": 0.00240879436024,
        "dmean2": 0.00385292060673,
        "dvar": 2.22348753596e-05,
        "dvar2": 6.20173668722e-05,
        "max": 0.123688407242,
        "mean": 0.00794865563512,
        "median": 0.00348983681761,
        "min": 1.40247453019e-21,
        "var": 0.000122534111142
    },
    "spectral_energyband_middle_low": {
        "dmean": 0.00532207312062,
        "dmean2": 0.00894271209836,
        "dvar": 0.000123165053083,
        "dvar2": 0.000326129113091,
        "max": 0.195671200752,
        "mean": 0.00931527093053,
        "median": 0.00594060588628,
        "min": 3.2628617375e-22,
        "var": 0.000134736634209
    },
    "spectral_entropy": {
        "dmean": 0.127046227455,
        "dmean2": 0.195741698146,
        "dvar": 0.0163995064795,
        "dvar2": 0.0363582000136,
        "max": 9.79511928558,
        "mean": 7.66550397873,
        "median": 7.72045135498,
        "min": 5.68917608261,
        "var": 0.158487081528
    },
    "spectral_flux": {
        "dmean": 0.0294448882341,
        "dmean2": 0.0462453216314,
        "dvar": 0.00147350516636,
        "dvar2": 0.00302386004478,
        "max": 0.460983246565,
        "mean": 0.0995261967182,
        "median": 0.0848964527249,
        "min": 1.00547188631e-10,
        "var": 0.00393565604463
    },
    "spectral_kurtosis": {
        "dmean": 1.76705658436,
        "dmean2": 3.01341986656,
        "dvar": 7.43417692184,
        "dvar2": 22.3879947662,
        "max": 72.8945007324,
        "mean": 4.77898550034,
        "median": 3.53497743607,
        "min": -1.16725492477,
        "var": 17.3425350189
    },
    "spectral_rms": {
        "dmean": 0.00106300658081,
        "dmean2": 0.00170369911939,
        "dvar": 1.84360135336e-06,
        "dvar2": 4.56060206488e-06,
        "max": 0.0166437961161,
        "mean": 0.00518245482817,
        "median": 0.005011822097,
        "min": 3.14056658283e-12,
        "var": 5.96772542849e-06
    },
    "spectral_rolloff": {
        "dmean": 415.188079834,
        "dmean2": 687.238830566,
        "dvar": 540681.0625,
        "dvar2": 1058147.125,
        "max": 18841.5527344,
        "mean": 1160.61010742,
        "median": 1012.06054688,
        "min": 43.06640625,
        "var": 1102560.5
    },
    "spectral_skewness": {
        "dmean": 0.208089202642,
        "dmean2": 0.343909233809,
        "dvar": 0.0527830310166,
        "dvar2": 0.147015869617,
        "max": 5.56550264359,
        "mean": 1.56586742401,
        "median": 1.41733419895,
        "min": -0.0253161955625,
        "var": 0.290951639414
    },
    "spectral_spread": {
        "dmean": 415588.75,
        "dmean2": 581299.8125,
        "dvar": 400819453952,
        "dvar2": 548681678848,
        "max": 39121736,
        "mean": 4323887.5,
        "median": 4285449.5,
        "min": 858433.5625,
        "var": 2.62222118912e+12
    },
    "spectral_strongpeak": {
        "dmean": 0.499401926994,
        "dmean2": 0.863531947136,
        "dvar": 0.688095211983,
        "dvar2": 1.81246852875,
        "max": 10.2641983032,
        "mean": 0.802094399929,
        "median": 0.342976301908,
        "min": 0,
        "var": 1.23152959347
    },
    "zerocrossingrate": {
        "dmean": 0.00874068215489,
        "dmean2": 0.0105814002454,
        "dvar": 0.000132358734845,
        "dvar2": 0.000140007774462,
        "max": 0.53076171875,
        "mean": 0.0540047436953,
        "median": 0.05078125,
        "min": 0.0048828125,
        "var": 0.000702217104845
    },
    "barkbands": {
        "dmean": [0.00139008299448, 0.00749532878399, 0.00358205544762, 0.00189340731595, 0.00195219961461, 0.00069772725692, 0.000391144683817, 0.000439667201135, 0.00138976308517, 0.00121524813585, 0.00114072603174, 0.000463410717202, 0.000342269981047, 0.00038524219417, 0.000246773153776, 0.000205897798878, 0.000229909230256, 0.00019038663595, 0.000135270223836, 9.27509463509e-05, 7.14274210623e-05, 6.56919874018e-05, 4.37818489445e-05, 3.82166035706e-05, 3.22059131577e-05, 1.07128498712e-05, 6.83283985836e-07],
        "dmean2": [0.00215333281085, 0.0125446273014, 0.00625187437981, 0.00333172245882, 0.00334876822308, 0.00113376614172, 0.000620262348093, 0.000702486315276, 0.00234118895605, 0.00203621573746, 0.0018904497847, 0.000761480012443, 0.000557680963539, 0.000628041336313, 0.00040529013495, 0.000333206058713, 0.000375772709958, 0.000311966286972, 0.000222267612116, 0.000153745510033, 0.000121731791296, 0.000112200337753, 6.98299409123e-05, 5.77995560889e-05, 4.55630106444e-05, 1.47341306729e-05, 1.10121561647e-06],
        "dvar": [1.77118454303e-05, 0.000310119561618, 7.21267133486e-05, 1.78886002686e-05, 3.97097028326e-05, 1.94635344997e-06, 1.29564466533e-06, 1.75579532424e-06, 1.47021146404e-05, 1.39024332384e-05, 8.35831542645e-06, 1.35940854307e-06, 8.35996672777e-07, 8.30102919736e-07, 3.11082629878e-07, 1.99991433192e-07, 2.53502605574e-07, 1.72159516865e-07, 6.23656077892e-08, 3.20980362289e-08, 2.07227319748e-08, 2.70551385739e-08, 8.75196626282e-09, 7.03136748825e-09, 1.39527545073e-08, 9.17630194053e-10, 7.83944697352e-12],
        "dvar2": [3.91757566831e-05, 0.00083736947272, 0.000206970507861, 4.94151827297e-05, 0.000108876731247, 4.53587335869e-06, 2.54234601016e-06, 4.22451239501e-06, 4.00645294576e-05, 3.96317191189e-05, 2.38748889387e-05, 3.53307200385e-06, 2.06534673453e-06, 2.13248176806e-06, 7.92289824858e-07, 4.31826492786e-07, 5.73318629904e-07, 3.96381238943e-07, 1.49584366227e-07, 8.06190314506e-08, 5.71259661797e-08, 7.53122648689e-08, 1.9769425208e-08, 1.31808768344e-08, 2.08012007619e-08, 1.64837066219e-09, 1.9378967181e-11],
        "max": [0.06027777493, 0.221717849374, 0.111517585814, 0.0622287467122, 0.122873388231, 0.0267795734107, 0.0495767220855, 0.0364854820073, 0.0900499224663, 0.111221715808, 0.0580361112952, 0.038448985666, 0.0264891982079, 0.0320884175599, 0.0197631195188, 0.011722526513, 0.015674887225, 0.017038654536, 0.00611100438982, 0.00482366746292, 0.00285655399784, 0.00537877390161, 0.00462100375444, 0.00566480588168, 0.0101667530835, 0.00193004263565, 7.62480995036e-05],
        "mean": [0.00152376340702, 0.00985802710056, 0.00466834846884, 0.00220108032227, 0.00207735202275, 0.00111950235441, 0.000571575248614, 0.000605357403401, 0.00211167521775, 0.00205958541483, 0.00204346631654, 0.000829362834338, 0.000550389522687, 0.000686528568622, 0.000430428335676, 0.000394405331463, 0.000478023401229, 0.000389698048821, 0.000289025774691, 0.000204096650123, 0.000151086394908, 0.000122481680592, 9.46199725149e-05, 9.52116461121e-05, 6.84555561747e-05, 2.20838337555e-05, 6.93639265137e-07],
        "median": [0.000235355226323, 0.00393014680594, 0.00279790814966, 0.000940588710364, 0.000737410562579, 0.000462282681838, 0.000209413061384, 0.000228184479056, 0.000524379953276, 0.000326861190842, 0.000257954234257, 0.000225103940465, 0.000169905630173, 0.000237034677411, 0.000241258385358, 0.000218417480937, 0.000226586183999, 0.000183448486496, 0.000157528484124, 0.000113550020615, 9.64959835983e-05, 6.70102308504e-05, 5.1758641348e-05, 5.46556802874e-05, 2.85441983578e-05, 7.05390721123e-06, 8.82624551224e-09],
        "min": [3.12617561912e-23, 3.23570864027e-23, 4.78028693309e-23, 4.50461286333e-23, 3.63607889995e-23, 4.94990496504e-23, 3.21739034342e-23, 7.48639475128e-23, 8.22337637684e-23, 4.30451166829e-23, 2.56087726335e-23, 5.44920059104e-23, 1.35340498375e-22, 7.17778289882e-23, 6.87828333646e-23, 1.00683415428e-22, 1.70135890727e-22, 2.21925530544e-22, 3.67462087673e-22, 2.88555499389e-22, 3.39613783106e-22, 3.60989414526e-22, 4.98798795099e-22, 1.05333504339e-21, 1.32913798147e-21, 1.73214952417e-21, 1.84734230046e-21],
        "var": [2.18531822611e-05, 0.000337842706358, 5.8941761381e-05, 1.59288811119e-05, 2.89742201858e-05, 4.10660732086e-06, 3.07910841002e-06, 2.12484906115e-06, 2.45286155405e-05, 2.95124973491e-05, 1.97380668396e-05, 3.7741858705e-06, 1.51950212057e-06, 1.70893235918e-06, 5.19520710895e-07, 5.19698971857e-07, 1.00249962998e-06, 5.11962355176e-07, 1.75005425262e-07, 8.66908749231e-08, 3.31880087856e-08, 3.6623482913e-08, 2.14982254221e-08, 2.51913956362e-08, 3.92502386148e-08, 2.69465516567e-09, 9.09429042489e-12]
    },
    "erbbands": {
        "dmean": [0.234313428402, 1.74289190769, 4.05257177353, 4.89340400696, 8.77714824677, 4.62060403824, 3.38387346268, 6.83796358109, 6.26624250412, 6.01226615906, 12.6372308731, 31.1136302948, 36.7382354736, 39.1651687622, 32.8411636353, 16.8602695465, 14.8071012497, 16.5649604797, 14.795135498, 11.7239456177, 10.4959621429, 12.2366819382, 10.0174131393, 7.42314958572, 6.03227519989, 4.19811201096, 3.46164369583, 2.35418510437, 2.64707136154, 1.68509614468, 1.23824155331, 0.867172896862, 0.656208336353, 0.428625017405, 0.207144960761, 0.066487416625, 0.0170081127435, 0.00274491682649, 0.000101016652479, 1.79349244718e-05],
        "dmean2": [0.384223788977, 2.9728705883, 7.02242851257, 8.48876571655, 15.4852838516, 8.05653095245, 5.52698612213, 11.1472206116, 9.80063819885, 9.60901832581, 20.2598876953, 52.520614624, 62.6001472473, 64.5947341919, 54.1754379272, 27.3063602448, 23.934469223, 26.3114471436, 24.5340652466, 19.1974220276, 16.5809688568, 19.8131427765, 16.2361278534, 12.177324295, 9.89205646515, 6.91478443146, 5.9476017952, 3.94204759598, 4.56944704056, 2.76906967163, 2.00484323502, 1.33032011986, 1.00673520565, 0.638245224953, 0.294217646122, 0.092984341085, 0.0235086008906, 0.00396924791858, 0.000148714039824, 2.89953077299e-05],
        "dvar": [0.271989107132, 19.6209506989, 95.8799591064, 93.9265365601, 887.990722656, 173.638381958, 39.6069755554, 214.222213745, 287.421478271, 286.26651001, 1280.61584473, 8274.94335938, 13138.6894531, 10583.7861328, 7332.30126953, 1973.84863281, 1630.64489746, 1912.7364502, 1144.20361328, 592.695251465, 538.156860352, 844.038757324, 519.319519043, 203.255462646, 127.712623596, 65.4042510986, 44.6542739868, 29.6713523865, 43.9832763672, 12.4044504166, 7.20914554596, 3.14112520218, 2.45901799202, 2.52769637108, 0.576746284962, 0.0515070781112, 0.00186992657837, 5.60004300496e-05, 1.45887554481e-07, 8.04385391628e-10],
        "dvar2": [0.680426001549, 53.8577537537, 269.987243652, 262.100128174, 2409.89672852, 492.120269775, 100.961776733, 500.085632324, 552.90802002, 674.270141602, 3110.62231445, 22319.4003906, 37459.3984375, 29793.9746094, 21117.6132812, 4983.95556641, 3979.05566406, 4635.67285156, 3145.42773438, 1399.48120117, 1106.24719238, 1973.48999023, 1105.19470215, 488.700622559, 305.546020508, 163.73588562, 124.060768127, 81.0580291748, 123.709648132, 32.2970199585, 16.1179714203, 5.76383924484, 4.70443820953, 4.27977657318, 0.890941083431, 0.087456472218, 0.00348180183209, 0.000119829521282, 3.12993648777e-07, 2.03736605364e-09],
        "max": [7.05982303619, 59.8409309387, 135.962890625, 99.8622131348, 508.452453613, 266.836151123, 131.160247803, 301.099273682, 618.578674316, 523.210144043, 921.153381348, 2013.53955078, 3564.25512695, 2342.05859375, 2013.95251465, 1329.21838379, 1302.8717041, 1757.41955566, 1204.68017578, 659.654785156, 703.513366699, 932.069824219, 1182.5357666, 374.557128906, 382.231231689, 183.125442505, 150.925567627, 141.770706177, 198.063705444, 78.7787399292, 129.186721802, 104.391288757, 112.158348083, 133.202392578, 54.2892227173, 15.4935102463, 2.33063721657, 0.270152270794, 0.0159596242011, 0.000552103272639],
        "mean": [0.322215080261, 2.04796981812, 5.35713577271, 6.75960588455, 8.23615074158, 5.37711429596, 5.81961774826, 10.7057294846, 9.49374103546, 9.24544525146, 18.8230304718, 46.2463989258, 64.3579940796, 75.5993118286, 63.2974967957, 33.4543685913, 26.6482391357, 31.049200058, 27.6029109955, 23.1044769287, 22.7706737518, 26.7306652069, 22.1325302124, 16.5939674377, 13.9889993668, 9.61253643036, 7.25030231476, 4.9874215126, 4.71047830582, 3.34773635864, 2.67756319046, 2.12697458267, 1.46116018295, 0.869647085667, 0.431407243013, 0.140464559197, 0.0328112021089, 0.00439120968804, 0.000154972047312, 4.48048667749e-05],
        "median": [0.106294192374, 0.851070344448, 3.08866524696, 3.78740167618, 2.67439723015, 2.21357083321, 2.85536313057, 4.02186727524, 3.27233052254, 4.10919523239, 6.82307958603, 10.9464330673, 12.9280614853, 12.0639410019, 11.7306575775, 9.89040184021, 8.50319766998, 10.6670036316, 13.8526554108, 13.5527496338, 12.8534832001, 13.2484636307, 10.7005672455, 8.760679245, 7.53784561157, 5.43854761124, 4.65412664413, 3.18015098572, 2.5658185482, 1.7896361351, 1.43924772739, 1.1862975359, 0.823352873325, 0.387912720442, 0.168262124062, 0.0536532215774, 0.00777490949258, 0.000452075881185, 4.15349604737e-05, 3.60240046575e-05],
        "min": [2.07740130248e-21, 3.84585468513e-21, 4.06847297944e-20, 1.14631490619e-19, 1.33017919103e-19, 1.56327481024e-19, 1.75875994871e-19, 5.23287276801e-19, 5.48924137224e-19, 7.08019661846e-19, 1.84558491001e-18, 1.96988492707e-18, 9.14426143494e-19, 1.55394015457e-18, 1.73837134248e-18, 2.40850820022e-18, 6.81643560448e-18, 3.73975013739e-18, 2.74194408476e-18, 4.2614798331e-18, 6.54879759498e-18, 9.69613752127e-18, 1.13343356372e-17, 1.98310099851e-17, 1.44618650014e-17, 1.49650025721e-17, 1.19749117482e-17, 1.50567220128e-17, 1.20752504109e-17, 1.27413541427e-17, 1.4897559228e-17, 1.97577780311e-17, 1.83013942138e-17, 1.31511055038e-17, 1.03554558906e-17, 6.37529356636e-18, 3.1448182662e-18, 1.3776312599e-18, 2.54428994947e-19, 2.59319134863e-20],
        "var": [0.381377756596, 17.2987861633, 81.556854248, 95.8035049438, 623.190612793, 134.205871582, 79.8730010986, 457.247924805, 685.275756836, 528.217041016, 1605.71899414, 12813.8369141, 27183.1796875, 28002.1230469, 18654.6582031, 5956.32763672, 3208.09228516, 3883.13330078, 1973.37011719, 1272.33691406, 1856.53759766, 3162.57226562, 1793.83203125, 606.828186035, 430.28125, 185.611175537, 72.7953338623, 43.6245498657, 55.1002311707, 24.0523166656, 17.9574222565, 12.0293254852, 7.44509792328, 6.11468744278, 1.58085978031, 0.141893208027, 0.0052815512754, 0.000112199268187, 2.41298238279e-07, 1.55384283218e-09]
    },
    "gfcc": {
        "mean": [-9.47689056396, 100.085655212, -132.086395264, 35.1961135864, -55.1351661682, 23.3372764587, -29.4395046234, 13.4252719879, -20.0685977936, -4.33163166046, -13.5775318146, -4.42444467545, -4.76257562637],
        "cov": [[6802.10888672, -2164.53369141, 1505.65979004, 1205.23608398, 223.208114624, 1004.92199707, -492.431976318, 767.990478516, -382.309295654, 529.967834473, -361.526916504, 222.987213135, -430.19934082], [-2164.53369141, 1617.34423828, -607.856384277, -170.967681885, 125.365882874, -447.050445557, 353.08984375, -390.711029053, 287.716094971, -231.366943359, 258.305145264, -117.162078857, 209.309295654], [1505.65979004, -607.856384277, 2000.33044434, 774.882202148, 310.893493652, 236.479309082, -455.734893799, 220.702392578, -206.873291016, 412.99621582, -206.46711731, 236.434143066, -279.545532227], [1205.23608398, -170.967681885, 774.882202148, 1028.09851074, 290.971435547, 223.240539551, -50.6341323853, 71.3310165405, 56.4916801453, 166.576400757, -57.4343147278, 69.7322769165, -57.4945030212], [223.208114624, 125.365882874, 310.893493652, 290.971435547, 318.461700439, 18.146774292, 20.9762649536, 7.0554432869, 29.0055732727, 89.9141616821, -30.4630718231, 59.695400238, -29.7900314331], [1004.92199707, -447.050445557, 236.479309082, 223.240539551, 18.146774292, 383.9581604, -0.0636679530144, 176.098114014, -62.4499092102, 60.8499565125, -24.7974910736, 12.2176113129, -43.2573051453], [-492.431976318, 353.08984375, -455.734893799, -50.6341323853, 20.9762649536, -0.0636679530144, 358.555633545, -88.8697738647, 139.675430298, -114.399879456, 87.8807373047, -56.5552368164, 90.2013015747], [767.990478516, -390.711029053, 220.702392578, 71.3310165405, 7.0554432869, 176.098114014, -88.8697738647, 224.773071289, -53.8553771973, 80.4792404175, -48.4757041931, 27.6238651276, -57.544342041], [-382.309295654, 287.716094971, -206.873291016, 56.4916801453, 29.0055732727, -62.4499092102, 139.675430298, -53.8553771973, 193.520629883, -48.7082252502, 63.3786392212, -35.6027069092, 67.1885070801], [529.967834473, -231.366943359, 412.99621582, 166.576400757, 89.9141616821, 60.8499565125, -114.399879456, 80.4792404175, -48.7082252502, 180.867294312, -54.888759613, 77.2897949219, -73.9412002563], [-361.526916504, 258.305145264, -206.46711731, -57.4343147278, -30.4630718231, -24.7974910736, 87.8807373047, -48.4757041931, 63.3786392212, -54.888759613, 138.721115112, -29.2806873322, 58.4677658081], [222.987213135, -117.162078857, 236.434143066, 69.7322769165, 59.695400238, 12.2176113129, -56.5552368164, 27.6238651276, -35.6027069092, 77.2897949219, -29.2806873322, 104.3230896, -28.0462226868], [-430.19934082, 209.309295654, -279.545532227, -57.4945030212, -29.7900314331, -43.2573051453, 90.2013015747, -57.544342041, 67.1885070801, -73.9412002563, 58.4677658081, -28.0462226868, 123.487998962]],
        "icov": [[0.000475471111713, 8.23589361971e-05, 0.000313016964355, -0.000499627611134, 5.39886532351e-05, -0.000544679816812, 0.000201616770937, -0.000631271221209, 0.000279589614365, -0.000344491680153, 0.000222686983761, -0.000353787472704, 0.000829396594781], [8.23589361971e-05, 0.00310315960087, -0.000795115425717, 0.00036696632742, -0.00210280460306, 0.00225393939763, -0.00112009583972, 0.00160931760911, -0.000748015241697, 0.00128811784089, -0.00346070551313, 0.00220526685007, -0.001433918369], [0.000313016964355, -0.000795115425717, 0.00220881495625, -0.00121755874716, 0.000222332615522, -0.0013081372017, 0.00161516736262, -0.000638551311567, 0.000611255352851, -0.0017170694191, 0.00113432609942, -0.00218672095798, 0.00259511428885], [-0.000499627611134, 0.00036696632742, -0.00121755874716, 0.00282481964678, -0.00153124611825, -0.00057728542015, -2.54775277426e-05, 0.001856454066, -0.00205015996471, 0.000302727974486, -0.000338239013217, 0.0013034529984, -0.00173860881478], [5.39886532351e-05, -0.00210280460306, 0.000222332615522, -0.00153124611825, 0.00679717492312, -0.000650068046525, -0.000954493065365, -0.00138962559868, 0.000452438107459, -0.0023001532536, 0.00296771200374, -0.00287293735892, 0.00132328877226], [-0.000544679816812, 0.00225393939763, -0.0013081372017, -0.00057728542015, -0.000650068046525, 0.00858619622886, -0.00370065052994, -0.00274366466329, 0.00214077485725, 0.00139786070213, -0.00372856250033, 0.00310101825744, -0.00253059505485], [0.000201616770937, -0.00112009583972, 0.00161516736262, -2.54775277426e-05, -0.000954493065365, -0.00370065052994, 0.00716611696407, 0.00131288124248, -0.00291759334505, 0.000740093761124, 0.000719302333891, -0.00178664654959, 0.00138036592398], [-0.000631271221209, 0.00160931760911, -0.000638551311567, 0.001856454066, -0.00138962559868, -0.00274366466329, 0.00131288124248, 0.0112185785547, -0.00272485520691, -0.000855366932228, -0.000997549272142, 0.00143842597026, -0.00076627114322], [0.000279589614365, -0.000748015241697, 0.000611255352851, -0.00205015996471, 0.000452438107459, 0.00214077485725, -0.00291759334505, -0.00272485520691, 0.010799982585, -0.00142487348057, -0.00101534835994, 0.00120855169371, -0.00158259470481], [-0.000344491680153, 0.00128811784089, -0.0017170694191, 0.000302727974486, -0.0023001532536, 0.00139786070213, 0.000740093761124, -0.000855366932228, -0.00142487348057, 0.0146134868264, -0.00167173752561, -0.00377335771918, 0.00132600986399], [0.000222686983761, -0.00346070551313, 0.00113432609942, -0.000338239013217, 0.00296771200374, -0.00372856250033, 0.000719302333891, -0.000997549272142, -0.00101534835994, -0.00167173752561, 0.0143904080614, -0.0024787124712, -0.000353412178811], [-0.000353787472704, 0.00220526685007, -0.00218672095798, 0.0013034529984, -0.00287293735892, 0.00310101825744, -0.00178664654959, 0.00143842597026, 0.00120855169371, -0.00377335771918, -0.0024787124712, 0.0181171372533, -0.00457377312705], [0.000829396594781, -0.001433918369, 0.00259511428885, -0.00173860881478, 0.00132328877226, -0.00253059505485, 0.00138036592398, -0.00076627114322, -0.00158259470481, 0.00132600986399, -0.000353412178811, -0.00457377312705, 0.0173340272158]]
    },
    "melbands": {
        "dmean": [0.00204929895699, 0.00210548867472, 0.000987702631392, 0.000499676913023, 0.000121058321383, 0.000147194921738, 9.18972873478e-05, 6.9264206104e-05, 0.000123878227896, 0.000206363518373, 0.000188178470125, 0.00016392651014, 0.000141418451676, 5.67082606722e-05, 4.28158382419e-05, 2.97035385302e-05, 3.43646170222e-05, 2.85881687887e-05, 1.93109954125e-05, 1.45844887811e-05, 1.42001708809e-05, 1.42284698086e-05, 1.24775724544e-05, 9.10259223019e-06, 6.50122001389e-06, 5.19821060152e-06, 4.14443866248e-06, 2.79081382359e-06, 2.45171372626e-06, 1.88931267076e-06, 1.32818831844e-06, 1.59277544753e-06, 1.36382470828e-06, 9.11387303404e-07, 8.31430782e-07, 6.1530460016e-07, 5.62085517686e-07, 4.97613370953e-07, 4.4055909143e-07, 3.81177642339e-07],
        "dmean2": [0.00339417904615, 0.00358731904998, 0.00172245129943, 0.000867308117449, 0.000199303118279, 0.000239500819589, 0.00014372736041, 0.000110539447633, 0.000199603891815, 0.000349384528818, 0.000321730098221, 0.0002715101582, 0.000232254489674, 9.3402712082e-05, 6.93096590112e-05, 4.81978640892e-05, 5.49988471903e-05, 4.7578363592e-05, 3.14919961966e-05, 2.3943681299e-05, 2.24683608394e-05, 2.31188314501e-05, 2.02872834052e-05, 1.48791259562e-05, 1.06898323793e-05, 8.56927817949e-06, 6.85893883201e-06, 4.63697870146e-06, 4.23341907663e-06, 3.19793207382e-06, 2.22908420255e-06, 2.75018601315e-06, 2.35623701883e-06, 1.47940477291e-06, 1.36903292969e-06, 9.70788505583e-07, 8.7041524921e-07, 7.7098792417e-07, 6.8816291332e-07, 5.76039951738e-07],
        "dvar": [2.1082782041e-05, 2.56945750152e-05, 4.67075415145e-06, 2.82888140646e-06, 4.59395224084e-08, 9.60048751608e-08, 5.98877605285e-08, 3.58980827286e-08, 1.07130716742e-07, 3.79071991574e-07, 3.55884679948e-07, 1.94312193003e-07, 1.33816840275e-07, 2.34260930654e-08, 1.26378587595e-08, 5.58979351695e-09, 8.63668159212e-09, 4.46032899504e-09, 1.89246174287e-09, 8.4446022397e-10, 1.21642806938e-09, 1.27238353187e-09, 1.06771247399e-09, 3.7313985235e-10, 1.66092362086e-10, 8.93821405779e-11, 6.47664283315e-11, 2.99633824696e-11, 2.12338688299e-11, 1.2638727738e-11, 1.10520047975e-11, 1.73096034034e-11, 1.07744395003e-11, 3.29754084281e-12, 2.86963942192e-12, 3.05105810408e-12, 1.26867928055e-12, 1.34623930927e-12, 1.36061745638e-12, 2.46467668323e-12],
        "dvar2": [5.56110062462e-05, 6.9641690061e-05, 1.28053925437e-05, 7.79526999395e-06, 1.18084017231e-07, 2.23140474986e-07, 1.12582682732e-07, 8.50109032058e-08, 2.61264716528e-07, 1.04211892449e-06, 1.02140677427e-06, 5.48374430309e-07, 3.81489371648e-07, 6.26232008472e-08, 3.17384767357e-08, 1.33441613315e-08, 2.11844337628e-08, 1.22464376417e-08, 4.43824310636e-09, 1.97127003609e-09, 2.55300136587e-09, 2.92212076758e-09, 2.29991981016e-09, 8.64022797753e-10, 3.95964344646e-10, 2.16316034529e-10, 1.58947424667e-10, 7.61240584457e-11, 5.94909746465e-11, 3.47160009073e-11, 3.03377149791e-11, 4.89852672314e-11, 3.05930905609e-11, 8.37530565734e-12, 7.005393661e-12, 6.41642728533e-12, 2.62689132599e-12, 2.62563300095e-12, 2.54409666077e-12, 4.59955120866e-12],
        "max": [0.061112921685, 0.0663366019726, 0.0270220711827, 0.0318326577544, 0.00374214863405, 0.0061669498682, 0.0100567489862, 0.00514964666218, 0.00731781776994, 0.0143061792478, 0.0186367481947, 0.0106120333076, 0.0078166294843, 0.00626017479226, 0.00280263158493, 0.00224122218788, 0.0039312527515, 0.00177777337376, 0.00141477631405, 0.000884571752977, 0.00110274343751, 0.00129314337391, 0.000883310858626, 0.000993413035758, 0.000387109990697, 0.000279161497019, 0.000236490464886, 0.000115888797154, 9.42570914049e-05, 6.74412440276e-05, 9.11762253963e-05, 0.000123954014271, 0.000121748977108, 3.74869305233e-05, 4.69899969175e-05, 0.000137920200359, 5.82920474699e-05, 8.27183903311e-05, 7.64952055761e-05, 0.000132888453663],
        "mean": [0.00284835929051, 0.00284960796125, 0.0012604102958, 0.000491327664349, 0.000208282712265, 0.000234667182667, 0.000140348551213, 0.000103954364022, 0.000175296721864, 0.000306707079289, 0.000322465144563, 0.000302858243231, 0.000258331972873, 0.00010115069017, 7.43954369682e-05, 4.93009392812e-05, 6.03215776209e-05, 4.78371475765e-05, 3.3502747101e-05, 2.65945618594e-05, 2.71754124697e-05, 2.78206080111e-05, 2.36160176428e-05, 1.84526488738e-05, 1.27766270452e-05, 1.07470032162e-05, 8.8155065896e-06, 5.72472526983e-06, 4.6136515266e-06, 3.77287346964e-06, 2.5210788408e-06, 2.72089073405e-06, 2.24754717237e-06, 1.74006595444e-06, 1.61142622801e-06, 1.33728417495e-06, 1.26476027162e-06, 1.04098307929e-06, 8.56923520587e-07, 7.01354167632e-07],
        "median": [0.00108383269981, 0.00163895869628, 0.000701237353496, 0.000170468018041, 0.000102250640339, 9.08812216949e-05, 4.96013708471e-05, 4.58779977635e-05, 5.65031732549e-05, 7.01643366483e-05, 5.73417746637e-05, 4.67313329864e-05, 3.74778937839e-05, 2.72635388683e-05, 2.00306112674e-05, 1.63968761626e-05, 1.89716211025e-05, 2.10247071664e-05, 1.82512831088e-05, 1.48958160935e-05, 1.39062985909e-05, 1.37064316732e-05, 1.01496907519e-05, 8.11721929495e-06, 6.49618095849e-06, 5.56939585294e-06, 4.2337328523e-06, 3.19840228258e-06, 2.80478730019e-06, 2.30987575378e-06, 1.47047308019e-06, 1.45358501413e-06, 1.09956692995e-06, 9.15709961191e-07, 8.30327337553e-07, 7.10151766725e-07, 6.7693474648e-07, 5.75187641516e-07, 4.13398566934e-07, 2.87130120569e-07],
        "min": [1.47243601641e-23, 1.54788078012e-23, 2.15232162515e-23, 9.58579832472e-24, 7.0027797868e-24, 1.07481154488e-23, 7.67750198536e-24, 9.76735860636e-24, 1.62236060917e-23, 1.13213554251e-23, 4.11662211895e-24, 6.34562552059e-24, 4.55645033336e-24, 7.34684541491e-24, 9.28094618334e-24, 1.31530233938e-23, 6.74418881548e-24, 4.53655013374e-24, 5.76432338586e-24, 6.41805044587e-24, 7.17582273724e-24, 8.55355805302e-24, 1.31983473971e-23, 9.21211096961e-24, 1.77581283012e-23, 1.03548698653e-23, 1.06847281085e-23, 9.57157042943e-24, 7.49115962892e-24, 7.88972450153e-24, 9.13373211665e-24, 6.73228411556e-24, 6.78626981161e-24, 7.29476718453e-24, 7.7644186799e-24, 1.06533369665e-23, 1.23807167347e-23, 1.36325246065e-23, 1.0651411357e-23, 1.13951399521e-23],
        "var": [2.72835786745e-05, 2.41317084146e-05, 4.12774124925e-06, 1.96750147552e-06, 9.58895967074e-08, 2.06128646596e-07, 1.49752310108e-07, 6.01014207291e-08, 1.3988324099e-07, 5.93126173953e-07, 7.15827070508e-07, 4.76132072436e-07, 3.1866264294e-07, 6.17681479298e-08, 3.11018304444e-08, 1.04082582553e-08, 1.67475899815e-08, 7.51232676066e-09, 3.45591333328e-09, 1.84922754887e-09, 3.37190986244e-09, 3.73372044393e-09, 2.76684830602e-09, 1.25163235332e-09, 4.05215694332e-10, 2.57038557105e-10, 1.96176366818e-10, 7.0491487647e-11, 3.20552161204e-11, 2.09854737754e-11, 1.42227948169e-11, 1.98014035724e-11, 1.36755572144e-11, 6.51041720534e-12, 6.09890436765e-12, 6.94337599569e-12, 4.24319867437e-12, 3.99697072315e-12, 3.42567532501e-12, 5.08570702912e-12]
    },
    "mfcc": {
        "mean": [-642.154174805, 120.659431458, -9.35474967957, 15.5925197601, 3.96406507492, 6.39804983139, 6.26287794113, 11.3357515335, 4.91724777222, 4.88201999664, -2.12338829041, -1.78799688816, -3.10489630699],
        "cov": [[5408.14404297, -1633.08007812, 499.146850586, 552.445678711, 499.628448486, 424.025482178, 245.950378418, 286.575561523, 178.814651489, 186.975280762, 205.836517334, 148.820205688, 50.5176506042], [-1633.08007812, 1109.57287598, -306.329376221, -141.348968506, -172.844177246, -137.662918091, -54.14220047, -80.5550003052, -86.5873031616, -52.7997169495, -32.2141723633, -21.1309719086, -5.7945318222], [499.146850586, -306.329376221, 1183.66369629, 567.063415527, 509.489868164, 194.520446777, 5.89319944382, -77.5163116455, -18.1060714722, 3.87681794167, 43.1823425293, 91.3591690063, 78.8167495728], [552.445678711, -141.348968506, 567.063415527, 783.966674805, 410.209014893, 280.417236328, 4.80026245117, -1.24334132671, 74.1139297485, 31.6933917999, 52.0236434937, 93.3120117188, 84.5363388062], [499.628448486, -172.844177246, 509.489868164, 410.209014893, 457.903198242, 127.45098877, 9.43075084686, -36.3271598816, 24.2868785858, 12.8075523376, 25.7529430389, 71.4204101562, 53.507194519], [424.025482178, -137.662918091, 194.520446777, 280.417236328, 127.45098877, 274.534851074, 82.9251480103, 67.6410446167, 63.218082428, 41.8456840515, 44.407081604, 30.1583709717, 35.94165802], [245.950378418, -54.14220047, 5.89319944382, 4.80026245117, 9.43075084686, 82.9251480103, 147.913650513, 68.6979217529, 11.6799087524, 26.1770572662, 26.0474033356, 4.76232528687, 2.82856965065], [286.575561523, -80.5550003052, -77.5163116455, -1.24334132671, -36.3271598816, 67.6410446167, 68.6979217529, 147.133468628, 54.2155380249, 44.7074165344, 24.1465969086, 6.54551124573, 2.50355553627], [178.814651489, -86.5873031616, -18.1060714722, 74.1139297485, 24.2868785858, 63.218082428, 11.6799087524, 54.2155380249, 120.649864197, 34.4615859985, 14.4493713379, 13.0315198898, 12.3190021515], [186.975280762, -52.7997169495, 3.87681794167, 31.6933917999, 12.8075523376, 41.8456840515, 26.1770572662, 44.7074165344, 34.4615859985, 82.4891967773, 33.4759559631, 13.450176239, 2.99717736244], [205.836517334, -32.2141723633, 43.1823425293, 52.0236434937, 25.7529430389, 44.407081604, 26.0474033356, 24.1465969086, 14.4493713379, 33.4759559631, 77.3278198242, 27.7132511139, 10.7200069427], [148.820205688, -21.1309719086, 91.3591690063, 93.3120117188, 71.4204101562, 30.1583709717, 4.76232528687, 6.54551124573, 13.0315198898, 13.450176239, 27.7132511139, 80.5221633911, 31.7641201019], [50.5176506042, -5.7945318222, 78.8167495728, 84.5363388062, 53.507194519, 35.94165802, 2.82856965065, 2.50355553627, 12.3190021515, 2.99717736244, 10.7200069427, 31.7641201019, 61.6695137024]],
