{
"lowlevel": {
    "average_loudness": 0.270654141903,
    "barkbands_crest": {
        "dmean": 2.61841678619,
        "dmean2": 4.27204084396,
        "dvar": 5.5355257988,
        "dvar2": 13.7011051178,
        "max": 26.0593585968,
        "mean": 12.3441696167,
        "median": 11.6895179749,
        "min": 2.9794793129,
        "var": 20.2148704529
    },
    "barkbands_flatness_db": {
        "dmean": 0.0255284216255,
        "dmean2": 0.0395070612431,
        "dvar": 0.000554526457563,
        "dvar2": 0.00126306386665,
        "max": 0.549289762974,
        "mean": 0.214334964752,
        "median": 0.213255748153,
        "min": 0.0438423268497,
        "var": 0.00388538837433
    },
    "barkbands_kurtosis": {
        "dmean": 3.45978569984,
        "dmean2": 5.63530015945,
        "dvar": 47.2845611572,
        "dvar2": 116.981994629,
        "max": 192.565200806,
        "mean": 5.10090303421,
        "median": 2.27560329437,
        "min": -1.93401515484,
        "var": 95.7269134521
    },
    "barkbands_skewness": {
        "dmean": 0.598081290722,
        "dmean2": 0.937522351742,
        "dvar": 0.397640019655,
        "dvar2": 0.94061923027,
        "max": 11.7364721298,
        "mean": 1.27463102341,
        "median": 1.14287221432,
        "min": -2.94428920746,
        "var": 2.10403323174
    },
    "barkbands_spread": {
        "dmean": 4.42017650604,
        "dmean2": 6.82806873322,
        "dvar": 41.512008667,
        "dvar2": 82.7585678101,
        "max": 102.873908997,
        "mean": 16.2702636719,
        "median": 13.4242658615,
        "min": 0.515223801136,
        "var": 173.823776245
    },
    "dissonance": {
        "dmean": 0.0343693383038,
        "dmean2": 0.0588632337749,
        "dvar": 0.00117627519649,
        "dvar2": 0.0032309233211,
        "max": 0.499999791384,
        "mean": 0.437134176493,
        "median": 0.451091170311,
        "min": 0.120634168386,
        "var": 0.00263114902191
    },
    "dynamic_complexity": 4.33660793304,
    "erbbands_crest": {
        "dmean": 3.26612877846,
        "dmean2": 5.16938972473,
        "dvar": 9.73414802551,
        "dvar2": 22.7476768494,
        "max": 34.0877914429,
        "mean": 14.8475646973,
        "median": 13.1775894165,
        "min": 2.64032363892,
        "var": 53.4412651062
    },
    "erbbands_flatness_db": {
        "dmean": 0.0220209639519,
        "dmean2": 0.0308941975236,
        "dvar": 0.00047635906958,
        "dvar2": 0.00083292031195,
        "max": 0.468701720238,
        "mean": 0.238768324256,
        "median": 0.244025617838,
        "min": 0.0491755716503,
        "var": 0.00478992890567
    },
    "erbbands_kurtosis": {
        "dmean": 2.45701050758,
        "dmean2": 3.72096443176,
        "dvar": 22.7780036926,
        "dvar2": 51.575881958,
        "max": 125.337203979,
        "mean": 5.24640655518,
        "median": 1.86426973343,
        "min": -1.85092067719,
        "var": 118.339675903
    },
    "erbbands_skewness": {
        "dmean": 0.47773194313,
        "dmean2": 0.725578963757,
        "dvar": 0.238141581416,
        "dvar2": 0.519162416458,
        "max": 7.67359256744,
        "mean": 0.867180645466,
        "median": 0.713614165783,
        "min": -3.57140231133,
        "var": 1.57279801369
    },
    "erbbands_spread": {
        "dmean": 5.96345329285,
        "dmean2": 8.61611843109,
        "dvar": 97.5860443115,
        "dvar2": 175.966995239,
        "max": 166.716125488,
        "mean": 23.8643455505,
        "median": 16.2904891968,
        "min": 0.997570693493,
        "var": 547.676391602
    },
    "hfc": {
        "dmean": 4.59106349945,
        "dmean2": 6.67245769501,
        "dvar": 73.0064086914,
        "dvar2": 164.863540649,
        "max": 272.086669922,
        "mean": 18.0505046844,
        "median": 10.8459196091,
        "min": 1.11718325317e-16,
        "var": 428.154815674
    },
    "melbands_crest": {
        "dmean": 4.04396724701,
        "dmean2": 6.79801559448,
        "dvar": 12.0648326874,
        "dvar2": 33.7758598328,
        "max": 37.4485435486,
        "mean": 17.6470661163,
        "median": 16.7712135315,
        "min": 2.0617890358,
        "var": 40.949344635
    },
    "melbands_flatness_db": {
        "dmean": 0.0279482901096,
        "dmean2": 0.0424041971564,
        "dvar": 0.000744831108022,
        "dvar2": 0.00156368175521,
        "max": 0.714109778404,
        "mean": 0.2628685534,
        "median": 0.255023062229,
        "min": 0.00587332854047,
        "var": 0.00588636146858
    },
    "melbands_kurtosis": {
        "dmean": 6.52043962479,
        "dmean2": 10.4676599503,
        "dvar": 305.329986572,
        "dvar2": 829.572509766,
        "max": 613.13885498,
        "mean": 11.0278701782,
        "median": 4.60113716125,
        "min": -1.89116036892,
        "var": 611.135192871
    },
    "melbands_skewness": {
        "dmean": 0.702495992184,
        "dmean2": 1.09620058537,
        "dvar": 0.69227039814,
        "dvar2": 1.6525053978,
        "max": 21.0579776764,
        "mean": 1.882193923,
        "median": 1.63675379753,
        "min": -2.71580505371,
        "var": 3.8991549015
    },
    "melbands_spread": {
        "dmean": 5.36176156998,
        "dmean2": 8.22794151306,
        "dvar": 71.1370925903,
        "dvar2": 129.540023804,
        "max": 243.854400635,
        "mean": 19.6684455872,
        "median": 16.0555038452,
        "min": 0.466846913099,
        "var": 274.796569824
    },
    "pitch_salience": {
        "dmean": 0.0695869624615,
        "dmean2": 0.114460743964,
        "dvar": 0.00378264440224,
        "dvar2": 0.00973347760737,
        "max": 0.978078424931,
        "mean": 0.491530895233,
        "median": 0.48106226325,
        "min": 0.0991771370173,
        "var": 0.0190290696919
    },
    "silence_rate_20dB": {
        "dmean": 0,
        "dmean2": 0,
        "dvar": 0,
        "dvar2": 0,
        "max": 1,
        "mean": 1,
        "median": 1,
        "min": 1,
        "var": 0
    },
    "silence_rate_30dB": {
        "dmean": 0.0175017975271,
        "dmean2": 0.0350077934563,
        "dvar": 0.0171949733049,
        "dvar2": 0.0428924411535,
        "max": 1,
        "mean": 0.978544890881,
        "median": 1,
        "min": 0,
        "var": 0.0209945235401
    },
    "silence_rate_60dB": {
        "dmean": 0.0268520731479,
        "dmean2": 0.0537105873227,
        "dvar": 0.026128295809,
        "dvar2": 0.0582707151771,
        "max": 1,
        "mean": 0.103440009058,
        "median": 0,
        "min": 0,
        "var": 0.0927290022373
    },
    "spectral_centroid": {
        "dmean": 165.569229126,
        "dmean2": 240.021377563,
        "dvar": 62226.4648438,
        "dvar2": 104126.523438,
        "max": 10453.9355469,
        "mean": 1113.57348633,
        "median": 1047.3918457,
        "min": 178.416870117,
        "var": 250654.546875
    },
    "spectral_complexity": {
        "dmean": 1.89163267612,
        "dmean2": 3.08140516281,
        "dvar": 3.39820933342,
        "dvar2": 8.39533615112,
        "max": 36,
        "mean": 12.187702179,
        "median": 11,
        "min": 0,
        "var": 39.8177108765
    },
    "spectral_decrease": {
        "dmean": 2.2641732933e-09,
        "dmean2": 3.80192144434e-09,
        "dvar": 1.29048670703e-17,
        "dvar2": 3.67925072642e-17,
        "max": -1.179145914e-28,
        "mean": -7.01894498079e-09,
        "median": -5.06957897883e-09,
        "min": -7.97248134177e-08,
        "var": 4.91564321283e-17
    },
    "spectral_energy": {
        "dmean": 0.00885629374534,
        "dmean2": 0.014794302173,
        "dvar": 0.000195980072021,
        "dvar2": 0.000552108394913,
        "max": 0.325579255819,
        "mean": 0.0281283911318,
        "median": 0.0201233830303,
        "min": 1.05782150867e-20,
        "var": 0.000783333030995
    },
    "spectral_energyband_high": {
        "dmean": 7.76807137299e-05,
        "dmean2": 0.000111282868602,
        "dvar": 1.88416322544e-08,
        "dvar2": 3.43453088192e-08,
        "max": 0.00267576775514,
        "mean": 0.000206389740924,
        "median": 9.66391744441e-05,
        "min": 7.54963867668e-21,
        "var": 7.52721689423e-08
    },
    "spectral_energyband_low": {
        "dmean": 0.00553868105635,
        "dmean2": 0.00984902959317,
        "dvar": 0.000131867549499,
        "dvar2": 0.000409411644796,
        "max": 0.195092737675,
        "mean": 0.0100074047223,
        "median": 0.00458060577512,
        "min": 5.28927324201e-23,
        "var": 0.000238968234044
    },
    "spectral_energyband_middle_high": {
        "dmean": 0.00346841174178,
        "dmean2": 0.00506245717406,
        "dvar": 6.52288945275e-05,
        "dvar2": 0.000146265825606,
        "max": 0.250617980957,
        "mean": 0.0109911169857,
        "median": 0.00357607053593,
        "min": 1.80399226063e-21,
        "var": 0.000335156335495
    },
    "spectral_energyband_middle_low": {
        "dmean": 0.00281025539152,
        "dmean2": 0.00444740569219,
        "dvar": 3.17768135574e-05,
        "dvar2": 8.14386585262e-05,
        "max": 0.110903427005,
        "mean": 0.00720625277609,
        "median": 0.00449596066028,
        "min": 3.41570158151e-22,
        "var": 7.07507351763e-05
    },
    "spectral_entropy": {
        "dmean": 0.184844046831,
        "dmean2": 0.261249005795,
        "dvar": 0.0354554019868,
        "dvar2": 0.0585302226245,
        "max": 9.82611370087,
        "mean": 6.98685789108,
        "median": 6.97524452209,
        "min": 5.28055477142,
        "var": 0.340685516596
    },
    "spectral_flux": {
        "dmean": 0.0227391533554,
        "dmean2": 0.0366313420236,
        "dvar": 0.000631266098935,
        "dvar2": 0.00155321927741,
        "max": 0.343415766954,
        "mean": 0.076783426106,
        "median": 0.0650139376521,
        "min": 1.02850450379e-10,
        "var": 0.00260425871238
    },
    "spectral_kurtosis": {
        "dmean": 3.61843752861,
        "dmean2": 6.03267049789,
        "dvar": 27.3931350708,
        "dvar2": 68.0295181274,
        "max": 121.377365112,
        "mean": 8.25967025757,
        "median": 6.68181705475,
        "min": -1.31875097752,
        "var": 59.0195999146
    },
    "spectral_rms": {
        "dmean": 0.000743962067645,
        "dmean2": 0.00122356752399,
        "dvar": 6.81479377818e-07,
        "dvar2": 1.8853892243e-06,
        "max": 0.0178224109113,
        "mean": 0.00466394238174,
        "median": 0.00443086540326,
        "min": 3.21250838431e-12,
        "var": 5.68991572436e-06
    },
    "spectral_rolloff": {
        "dmean": 331.37701416,
        "dmean2": 567.033569336,
        "dvar": 874469.8125,
        "dvar2": 1670665.625,
        "max": 18281.6894531,
        "mean": 1268.19909668,
        "median": 947.4609375,
        "min": 21.533203125,
        "var": 2476466
    },
    "spectral_skewness": {
        "dmean": 0.35781955719,
        "dmean2": 0.576171636581,
        "dvar": 0.141831248999,
        "dvar2": 0.334912538528,
        "max": 8.20122528076,
        "mean": 2.06354427338,
        "median": 2.00095534325,
        "min": -0.174370542169,
        "var": 0.52002543211
    },
    "spectral_spread": {
        "dmean": 605229.5,
        "dmean2": 831028.0625,
        "dvar": 1.14682861978e+12,
        "dvar2": 1.51279527526e+12,
        "max": 39280780,
        "mean": 3864030.25,
        "median": 3199680.75,
        "min": 538621.625,
        "var": 6.08950602957e+12
    },
    "spectral_strongpeak": {
        "dmean": 0.763276159763,
        "dmean2": 1.27244985104,
        "dvar": 1.7502092123,
        "dvar2": 4.43162536621,
        "max": 19.4929676056,
        "mean": 1.75013923645,
        "median": 0.520774900913,
        "min": 0,
        "var": 6.3136844635
    },
    "zerocrossingrate": {
        "dmean": 0.00806910824031,
        "dmean2": 0.00910904165357,
        "dvar": 0.00023988384055,
        "dvar2": 0.000224240269745,
        "max": 0.5146484375,
        "mean": 0.0491494312882,
        "median": 0.04248046875,
        "min": 0.00244140625,
        "var": 0.00156283704564
    },
    "barkbands": {
        "dmean": [0.00239767762832, 0.00379672483541, 0.000657771772239, 0.00045183885959, 0.000517503649462, 0.000558852043469, 0.000546286697499, 0.000444569828687, 0.00102473783772, 0.00177209882531, 0.00157203024719, 0.00056572991889, 0.000436396629084, 0.000381965801353, 0.000216832777369, 0.000156829381012, 0.000110706852865, 6.34003663436e-05, 5.5983364291e-05, 4.3837037083e-05, 1.39478370329e-05, 8.4415614765e-06, 1.5530447854e-05, 1.58434722834e-05, 1.73972766788e-05, 3.97415169573e-06, 1.27524913296e-07],
        "dmean2": [0.00429074140266, 0.00649251742288, 0.0011117933318, 0.000773978070356, 0.000899458304048, 0.000918706355151, 0.00087074917974, 0.000714584486559, 0.00162202736828, 0.00269223400392, 0.00234300410375, 0.000866307702381, 0.000651968410239, 0.000579306622967, 0.000333572505042, 0.000228501361562, 0.000168329584994, 9.53741327976e-05, 8.59657884575e-05, 6.70903827995e-05, 2.25554049393e-05, 1.29764548547e-05, 2.3195763788e-05, 2.33427417697e-05, 2.39438413701e-05, 5.31425530426e-06, 2.03818487421e-07],
        "dvar": [1.83155625564e-05, 9.11977040232e-05, 6.99295014783e-06, 2.67416703537e-06, 4.42253895017e-06, 1.70414489276e-06, 2.53299845099e-06, 3.02749594994e-06, 1.04165255834e-05, 2.09821009776e-05, 4.59846014564e-05, 3.35929144057e-06, 2.49495315074e-06, 2.11885458157e-06, 5.09386609338e-07, 2.34707655977e-07, 1.67137187645e-07, 2.19601492546e-08, 1.32595747715e-08, 6.99308033703e-09, 1.23846621847e-09, 3.59076629541e-10, 7.96298749162e-10, 1.15358012032e-09, 3.6978227147e-09, 2.24914684099e-10, 4.94182819666e-13],
        "dvar2": [5.41037479707e-05, 0.000265182578005, 1.99150017579e-05, 7.51850302549e-06, 1.2688004972e-05, 4.43584804088e-06, 5.99450959271e-06, 7.28769964553e-06, 2.68927069556e-05, 4.72535248264e-05, 0.000101209232525, 7.05016736902e-06, 5.28752434548e-06, 4.62538173451e-06, 1.13085513931e-06, 4.50102675131e-07, 3.40871650906e-07, 4.45097043666e-08, 2.85903194452e-08, 1.54942139119e-08, 2.86839840768e-09, 7.53475171145e-10, 1.66038027771e-09, 2.24196994303e-09, 6.28563245897e-09, 3.52626233768e-10, 1.17393779159e-12],
        "max": [0.064881876111, 0.151415452361, 0.0548922903836, 0.0287750270218, 0.0343450270593, 0.0289480350912, 0.0444711856544, 0.0469698980451, 0.095119073987, 0.0982571989298, 0.232603907585, 0.0502237007022, 0.0474250167608, 0.0374920517206, 0.0202866923064, 0.0131328133866, 0.0155146084726, 0.00543058896437, 0.00294679566287, 0.00163105991669, 0.00155605282634, 0.000427778373705, 0.000521061650943, 0.000698973890394, 0.00167295255233, 0.000491986749694, 2.23017814278e-05],
        "mean": [0.00262135011144, 0.00662135519087, 0.00103279505856, 0.000651774404105, 0.000759752292652, 0.00108729756903, 0.000821068068035, 0.000750308972783, 0.00212743738666, 0.00444010365754, 0.0035094988998, 0.000973745831288, 0.00080172898015, 0.000612271134742, 0.000374141498469, 0.000270425487543, 0.00018388585886, 0.000129463005578, 0.000110583780042, 9.72511334112e-05, 2.6734007406e-05, 1.74633169081e-05, 3.53560171789e-05, 3.49140682374e-05, 3.12475276587e-05, 6.27261442787e-06, 1.29237307078e-07],
        "median": [0.000416696915636, 0.00214059930295, 0.000347473891452, 0.000246633513598, 0.000386683474062, 0.000517891603522, 0.000221225214773, 0.000140670788824, 0.00025081759668, 0.000590505020227, 0.00016038963804, 0.000136860922794, 0.000108786778583, 7.1565140388e-05, 6.79969234625e-05, 5.20044704899e-05, 3.5605928133e-05, 3.4582830267e-05, 4.56060261058e-05, 3.61805105058e-05, 6.56992779113e-06, 4.88266732646e-06, 1.47357613969e-05, 1.27036673803e-05, 3.21806942338e-06, 6.00624261438e-08, 6.83913703448e-10],
        "min": [9.65841375991e-24, 2.04727880027e-23, 1.21819395638e-23, 1.55845956263e-23, 6.99246495715e-23, 8.10463829556e-23, 1.01912814128e-22, 3.28886839895e-23, 2.17628611504e-23, 7.67535407489e-23, 7.21550496513e-23, 9.66716664497e-23, 1.01159477207e-22, 2.29152253742e-22, 1.15078347278e-22, 1.53397587604e-22, 1.55172575128e-22, 2.54454493961e-22, 3.87343174777e-22, 3.35475279958e-22, 4.50516266783e-22, 4.27114335687e-22, 7.39561667727e-22, 8.76892834508e-22, 1.33292390797e-21, 1.59849210156e-21, 2.18502444719e-21],
        "var": [2.4883003789e-05, 0.000143207871588, 5.62646573599e-06, 2.08104665944e-06, 3.05882281282e-06, 3.41389932146e-06, 3.39129451277e-06, 4.75406613987e-06, 3.05644934997e-05, 0.000115979273687, 0.000170792103745, 8.85886584001e-06, 6.75034334563e-06, 4.08225650972e-06, 1.30076011828e-06, 5.94831078615e-07, 3.23821723214e-07, 8.75740084894e-08, 4.12304750341e-08, 2.56228585016e-08, 4.2495207353e-09, 1.04818753677e-09, 2.82950574082e-09, 3.81606257704e-09, 1.13080718123e-08, 6.03331551385e-10, 5.97627904195e-13]
    },
    "erbbands": {
        "dmean": [0.222233131528, 0.501046061516, 0.675885558128, 1.11490035057, 1.43719959259, 1.8155169487, 2.98930549622, 5.13280725479, 7.72355508804, 6.94007444382, 10.874256134, 24.8213672638, 41.6076583862, 54.497756958, 69.2270584106, 22.0760765076, 19.21667099, 20.1562690735, 13.5903739929, 6.75953435898, 8.59358882904, 4.92794036865, 3.32137179375, 3.17857575417, 2.19483852386, 2.12310957909, 0.965183258057, 0.34661963582, 0.284377515316, 0.366193681955, 0.476116210222, 0.340028911829, 0.279585659504, 0.248833179474, 0.0993881970644, 0.0269069802016, 0.00623307423666, 0.000762606970966, 2.38610427914e-05, 1.03672600744e-05],
        "dmean2": [0.397192597389, 0.788910210133, 1.10979604721, 1.86237919331, 2.47121953964, 3.14550328255, 4.94418287277, 8.45734500885, 12.1741323471, 10.8842754364, 17.4172611237, 37.9581832886, 64.1298751831, 79.1083221436, 101.646148682, 31.9757518768, 28.0110206604, 30.5097751617, 20.5145378113, 10.1728992462, 12.0274171829, 7.45659828186, 4.96199178696, 4.78633880615, 3.23291349411, 3.19075846672, 1.46828830242, 0.55721372366, 0.439248591661, 0.555737197399, 0.713860034943, 0.499944448471, 0.411653131247, 0.35200715065, 0.13653819263, 0.0357420668006, 0.00850586872548, 0.00104216940235, 3.41015729646e-05, 1.70029761648e-05],
        "dvar": [0.268720895052, 2.336622715, 6.39656066895, 14.8480272293, 38.6459617615, 52.1801452637, 65.063621521, 150.582885742, 485.98449707, 602.337280273, 1431.70385742, 5524.39599609, 13377.6455078, 22244.6210938, 104279.835938, 4064.23120117, 4448.91748047, 5462.83935547, 1685.20263672, 384.550994873, 793.875488281, 311.628662109, 72.9895782471, 48.9890174866, 22.8039340973, 16.8076953888, 4.47276735306, 0.724622786045, 0.43983322382, 0.526420295238, 0.792664289474, 0.460720300674, 0.445897608995, 0.745013475418, 0.145919919014, 0.00994805712253, 0.000623299449217, 9.98852283374e-06, 1.00814974147e-08, 2.49694959154e-10],
        "dvar2": [0.836663782597, 5.81041812897, 17.9829006195, 39.6241035461, 107.593841553, 148.867645264, 178.453277588, 376.314453125, 1129.24291992, 1368.88696289, 3613.38793945, 13006.9257812, 33696.671875, 43005.1835938, 233654.984375, 8871.73339844, 9313.41113281, 12032.7353516, 3751.91479492, 851.801940918, 1384.94018555, 667.153442383, 149.915847778, 103.022644043, 43.4674873352, 34.7347145081, 9.40403175354, 1.84428727627, 0.966392040253, 1.07507610321, 1.67106413841, 0.909152448177, 0.892275154591, 1.37408268452, 0.257491469383, 0.0159977208823, 0.00106644188054, 1.73296684807e-05, 2.08613144537e-08, 6.87409074107e-10],
        "max": [8.48612976074, 32.4067382812, 56.658039093, 73.2576065063, 150.182525635, 124.199493408, 156.50793457, 310.664154053, 693.770874023, 698.619506836, 958.625305176, 1678.74401855, 2995.97265625, 4907.10546875, 11305.0087891, 1796.46459961, 2484.203125, 2144.72192383, 1250.27380371, 604.786560059, 885.600463867, 871.805786133, 387.850341797, 218.254089355, 134.278335571, 113.441566467, 91.8773651123, 21.840795517, 16.1424255371, 19.9329090118, 17.1682529449, 14.0950889587, 12.8444652557, 20.125951767, 9.84328079224, 2.68526601791, 0.9017598629, 0.0951423496008, 0.00382445356809, 0.000382830447052],
        "mean": [0.312462389469, 1.02519178391, 1.24672472477, 1.85583972931, 2.00421857834, 2.53105950356, 5.91454982758, 9.52184391022, 13.0331659317, 11.7490224838, 19.1822872162, 53.5111160278, 88.0908279419, 141.83934021, 161.209136963, 46.0777816772, 39.0282478333, 35.1774253845, 25.4992542267, 12.7144641876, 16.4156684875, 9.37894630432, 7.23479604721, 6.41007566452, 5.09722757339, 4.76587677002, 2.16082143784, 0.77103883028, 0.601421773434, 0.78891825676, 1.07929217815, 0.762318909168, 0.569211304188, 0.435868740082, 0.171142891049, 0.0434650629759, 0.00928287394345, 0.00109083892312, 4.30337131547e-05, 3.40435326507e-05],
        "median": [0.0944991707802, 0.240437716246, 0.459155231714, 0.826182484627, 0.716049253941, 1.13282632828, 2.54374980927, 4.22520446777, 3.70729088783, 3.50505566597, 4.51294136047, 8.27147960663, 15.9543447495, 19.6746482849, 11.0217685699, 9.32027626038, 8.00549983978, 6.36056804657, 5.46486520767, 3.47882080078, 3.30407071114, 2.02696824074, 1.95630228519, 2.61108756065, 2.1562128067, 1.80733263493, 0.744175374508, 0.194236204028, 0.155122637749, 0.309698581696, 0.430883944035, 0.282752245665, 0.188750296831, 0.0651599913836, 0.00713369483128, 0.000955092371441, 0.000116818417155, 1.34923257065e-05, 1.49135394167e-05, 2.46938634518e-05],
        "min": [3.98763634008e-22, 5.39492163438e-21, 1.10588716461e-20, 4.56390602186e-20, 4.90195308935e-20, 2.55213653306e-19, 6.00130597948e-19, 6.91388730341e-19, 1.27247954344e-18, 1.49854469613e-18, 4.32051840175e-19, 4.26078407081e-19, 2.21533030112e-18, 3.08718693856e-18, 1.63379751508e-18, 5.25619553897e-18, 3.92151976828e-18, 7.60455013107e-18, 1.2143578011e-17, 5.61303546496e-18, 8.62609668087e-18, 1.08850921922e-17, 1.17905927467e-17, 2.0786130623e-17, 1.68293617937e-17, 1.68453594667e-17, 1.77993088169e-17, 1.72208399078e-17, 1.25519190291e-17, 2.40967158839e-17, 1.94017776934e-17, 1.67180282463e-17, 1.46831705569e-17, 1.3996443558e-17, 9.73066652158e-18, 4.83087208929e-18, 3.32626653741e-18, 1.28132458573e-18, 3.00441381809e-19, 3.12791563171e-20],
        "var": [0.319935470819, 4.36826467514, 6.8204665184, 13.8889808655, 28.1303291321, 36.5108413696, 123.017593384, 342.23046875, 785.006103516, 1106.95715332, 2223.47851562, 19183.7324219, 39876.3984375, 150679.25, 392436.0625, 14087.2412109, 14062.9794922, 11534.0712891, 4725.36572266, 906.080688477, 2335.30737305, 671.699707031, 297.582122803, 128.85723877, 94.6924209595, 59.1283454895, 18.9737319946, 2.58921003342, 1.28889858723, 1.65963304043, 2.79351377487, 1.5823597908, 1.26786208153, 1.95945680141, 0.429877370596, 0.0282473899424, 0.00142098218203, 2.17208289541e-05, 1.67834866005e-08, 1.04967401438e-09]
    },
    "gfcc": {
        "mean": [-66.5478668213, 120.977615356, -140.686447144, 15.7354764938, -65.2453765869, 21.0675582886, -27.908493042, 8.85047340393, -17.2532157898, -12.8729295731, 5.01979923248, -11.4601802826, 2.14151310921],
        "cov": [[4773.72607422, -449.178161621, -37.1848602295, 662.752075195, 189.078872681, 867.207458496, 189.48210144, 356.346160889, 209.143859863, 158.363861084, 193.041168213, 102.683189392, 160.561172485], [-449.178161621, 2304.65039062, 111.602340698, 367.120849609, 736.043945312, -183.020690918, 580.744445801, -200.114013672, 296.188201904, -164.812591553, 514.636962891, -254.478607178, 220.258224487], [-37.1848602295, 111.602340698, 1999.66821289, 437.018035889, 292.859741211, 240.325454712, -175.957855225, 111.532966614, -159.592056274, 307.363861084, -126.139007568, 264.571563721, -143.740905762], [662.752075195, 367.120849609, 437.018035889, 824.064880371, 264.394744873, 131.656402588, 18.6527137756, 63.9035987854, 169.305007935, -16.7681865692, 174.36857605, 9.00069999695, 136.949066162], [189.078872681, 736.043945312, 292.859741211, 264.394744873, 676.778869629, 49.7899475098, 161.55241394, 72.9465255737, 120.790122986, 133.146057129, 137.179412842, 13.0047655106, 105.107170105], [867.207458496, -183.020690918, 240.325454712, 131.656402588, 49.7899475098, 518.267944336, 127.348403931, 62.7165260315, 27.4380187988, 66.304107666, 49.0211639404, 24.6100845337, 50.3933906555], [189.48210144, 580.744445801, -175.957855225, 18.6527137756, 161.55241394, 127.348403931, 575.899597168, -64.0473709106, 113.463874817, -45.1789550781, 190.785919189, -80.9424591064, 67.8818359375], [356.346160889, -200.114013672, 111.532966614, 63.9035987854, 72.9465255737, 62.7165260315, -64.0473709106, 256.427764893, 34.2600631714, 77.6539077759, -43.6603126526, 55.5694503784, 27.3869228363], [209.143859863, 296.188201904, -159.592056274, 169.305007935, 120.790122986, 27.4380187988, 113.463874817, 34.2600631714, 301.158935547, -30.8295288086, 95.6129150391, -12.6203451157, 99.0236816406], [158.363861084, -164.812591553, 307.363861084, -16.7681865692, 133.146057129, 66.304107666, -45.1789550781, 77.6539077759, -30.8295288086, 289.816925049, -64.7462234497, 102.453422546, -52.4217681885], [193.041168213, 514.636962891, -126.139007568, 174.36857605, 137.179412842, 49.0211639404, 190.785919189, -43.6603126526, 95.6129150391, -64.7462234497, 355.079711914, -110.483123779, 89.3338623047], [102.683189392, -254.478607178, 264.571563721, 9.00069999695, 13.0047655106, 24.6100845337, -80.9424591064, 55.5694503784, -12.6203451157, 102.453422546, -110.483123779, 227.204742432, -35.5573959351], [160.561172485, 220.258224487, -143.740905762, 136.949066162, 105.107170105, 50.3933906555, 67.8818359375, 27.3869228363, 99.0236816406, -52.4217681885, 89.3338623047, -35.5573959351, 230.337600708]],
        "icov": [[0.000417656294303, -6.73466493026e-05, 0.000291301839752, -0.000394013593905, 7.40653777029e-05, -0.000702980498318, 2.63190340775e-05, -0.000429037114372, 0.000135169408168, -0.00020630977815, -5.15804822498e-05, -0.000291288219159, 0.000222545437282], [-6.73466493026e-05, 0.00243191421032, -0.00100364931859, 0.000507748976815, -0.00201636273414, 0.00167543976568, -0.00125945301261, 0.00142664380837, -0.0012750698952, 0.00133013352752, -0.00142214843072, 0.00155028013978, -0.00080990412971], [0.000291301839752, -0.00100364931859, 0.00158668239601, -0.00111492804717, 0.000486812379677, -0.00144315615762, 0.000627127359621, -0.000761881412473, 0.00127381342463, -0.00105833949056, 0.000720266485587, -0.00144787156023, 0.00111774366815], [-0.000394013593905, 0.000507748976815, -0.00111492804717, 0.0026910181623, -0.000778588175308, 0.000734913279302, 0.000227298412938, 0.000503580784425, -0.00139343470801, 0.00114612083416, -0.0010642769048, 0.000580992607865, -0.00107662437949], [7.40653777029e-05, -0.00201636273414, 0.000486812379677, -0.000778588175308, 0.00417542550713, -0.000880718289409, 0.000376249721739, -0.00155056046788, 0.000640873447992, -0.00245441775769, 0.000676889787428, -0.00102599151433, -0.000250968005275], [-0.000702980498318, 0.00167543976568, -0.00144315615762, 0.000734913279302, -0.000880718289409, 0.00469193747267, -0.00163685868029, 0.00105042464565, -0.000967117433902, 0.000563573034015, -0.00099346996285, 0.00151369418018, -0.00155375187751], [2.63190340775e-05, -0.00125945301261, 0.000627127359621, 0.000227298412938, 0.000376249721739, -0.00163685868029, 0.00330888316967, -7.06509817974e-05, -7.38827111491e-07, -0.000357157929102, -0.000192038132809, -0.000655600626487, 0.000554191647097], [-0.000429037114372, 0.00142664380837, -0.000761881412473, 0.000503580784425, -0.00155056046788, 0.00105042464565, -7.06509817974e-05, 0.00611076876521, -0.0014302310301, 2.47393872996e-05, -0.000169466686202, 0.000742965203244, -0.0012670957949], [0.000135169408168, -0.0012750698952, 0.00127381342463, -0.00139343470801, 0.000640873447992, -0.000967117433902, -7.38827111491e-07, -0.0014302310301, 0.00570975150913, -0.000646252883598, 0.000497217173688, -0.00168325379491, -0.000216563465074], [-0.00020630977815, 0.00133013352752, -0.00105833949056, 0.00114612083416, -0.00245441775769, 0.000563573034015, -0.000357157929102, 2.47393872996e-05, -0.000646252883598, 0.00650291703641, -0.000612619216554, -0.000463441858301, 0.000552870100364], [-5.15804822498e-05, -0.00142214843072, 0.000720266485587, -0.0010642769048, 0.000676889787428, -0.00099346996285, -0.000192038132809, -0.000169466686202, 0.000497217173688, -0.000612619216554, 0.00560684036463, 0.00071325013414, 4.57171408925e-05], [-0.000291288219159, 0.00155028013978, -0.00144787156023, 0.000580992607865, -0.00102599151433, 0.00151369418018, -0.000655600626487, 0.000742965203244, -0.00168325379491, -0.000463441858301, 0.00071325013414, 0.0077571477741, -0.000747460697312], [0.000222545437282, -0.00080990412971, 0.00111774366815, -0.00107662437949, -0.000250968005275, -0.00155375187751, 0.000554191647097, -0.0012670957949, -0.000216563465074, 0.000552870100364, 4.57171408925e-05, -0.000747460697312, 0.00682602077723]]
    },
    "melbands": {
        "dmean": [0.0015511510428, 0.000394525617594, 0.000195905202418, 0.000113113943371, 9.71793851932e-05, 0.000114522052172, 0.000115667200589, 7.80784102972e-05, 9.5891453384e-05, 0.000168389553437, 0.000217460983549, 0.00023138349934, 0.000211118007428, 0.000107521431346, 4.35262372775e-05, 4.29635110777e-05, 4.07471306971e-05, 2.42517871811e-05, 1.28323918034e-05, 1.04528480733e-05, 1.08598624138e-05, 6.48483955956e-06, 4.12463305111e-06, 2.73320711131e-06, 2.92929371426e-06, 1.90475986983e-06, 1.47620096413e-06, 1.5757317442e-06, 8.75820603596e-07, 2.7618347076e-07, 2.08930131862e-07, 1.70204913275e-07, 1.7845353284e-07, 2.3780737024e-07, 3.07838121216e-07, 2.67518657893e-07, 2.11006778272e-07, 1.97546128788e-07, 2.35369228108e-07, 2.16459270064e-07],
        "dmean2": [0.00274521834217, 0.000641649006866, 0.000319165555993, 0.000197422079509, 0.00016255218361, 0.00018715254555, 0.000183521144208, 0.000122289115097, 0.000152569657075, 0.000260722183157, 0.000334489217494, 0.000337804114679, 0.000313017953886, 0.000157618400408, 6.2262522988e-05, 6.4298066718e-05, 6.16209727013e-05, 3.70929010387e-05, 1.96773253265e-05, 1.60747549671e-05, 1.54670433403e-05, 9.90486569208e-06, 6.36608092464e-06, 4.1998036977e-06, 4.46386729891e-06, 2.91030255539e-06, 2.20636638915e-06, 2.38942720898e-06, 1.34182164402e-06, 4.44958175194e-07, 3.410438012e-07, 2.69730691116e-07, 2.75757116697e-07, 3.65731011698e-07, 4.72190919254e-07, 3.99048190047e-07, 3.17231098279e-07, 3.00213230275e-07, 3.50131415416e-07, 3.07731653493e-07],
        "dvar": [1.23095242088e-05, 1.44902787724e-06, 4.31741710827e-07, 2.60647794903e-07, 7.51741708882e-08, 7.27834361669e-08, 1.05829549568e-07, 7.97404737796e-08, 9.01025742905e-08, 2.69100809192e-07, 3.5431901324e-07, 4.19610188374e-07, 8.68050619829e-07, 1.4799310577e-07, 2.09599324563e-08, 2.69761191163e-08, 2.53970142694e-08, 5.29560972851e-09, 1.837455188e-09, 9.12801279007e-10, 1.36086808489e-09, 7.34215910292e-10, 1.27416452389e-10, 4.4194731208e-11, 4.67513215641e-11, 1.98259516443e-11, 9.98737637731e-12, 1.05195340286e-11, 4.19983535796e-12, 5.63952367878e-13, 3.160600579e-13, 1.68221651344e-13, 1.61499814715e-13, 2.07416440794e-13, 3.36821662141e-13, 2.40922624732e-13, 2.034257772e-13, 2.04409636461e-13, 4.65877607759e-13, 6.65720083226e-13],
        "dvar2": [3.73495458916e-05, 3.87074987884e-06, 1.10400219455e-06, 7.38824894597e-07, 2.10559292668e-07, 1.82687060146e-07, 2.49434066291e-07, 1.78796270234e-07, 2.26189712293e-07, 6.47236845452e-07, 8.88595025117e-07, 8.31422937608e-07, 1.93353071154e-06, 3.24575893274e-07, 3.96238917233e-08, 5.83183812353e-08, 5.60080408718e-08, 1.16226352986e-08, 3.75291175914e-09, 2.08683181846e-09, 2.39529329704e-09, 1.56565271858e-09, 2.69694933053e-10, 9.64906279877e-11, 9.84162681905e-11, 4.18058643259e-11, 2.06151311299e-11, 2.25619089383e-11, 8.66791881327e-12, 1.34992310299e-12, 8.38782168722e-13, 3.9005598881e-13, 3.34560260355e-13, 4.49060276811e-13, 7.44908692021e-13, 5.14470681768e-13, 4.20777806045e-13, 4.44223650919e-13, 8.99668956954e-13, 1.276360094e-12],
        "max": [0.0589633323252, 0.0243846271187, 0.0124473189935, 0.0091843623668, 0.00526418490335, 0.00610628305003, 0.0103554995731, 0.00796496123075, 0.00674136541784, 0.0121731963009, 0.0148376561701, 0.0201519504189, 0.0315183997154, 0.0117655377835, 0.00487117562443, 0.00563214952126, 0.00438910024241, 0.00188125437126, 0.00142627814785, 0.000758673937526, 0.00101417535916, 0.00125397369266, 0.000280836567981, 0.00024012515496, 0.000219734036364, 0.000179229056812, 8.6779036792e-05, 9.56127623795e-05, 8.98055586731e-05, 3.63827057299e-05, 1.7586578906e-05, 1.04591836134e-05, 1.13244368549e-05, 1.16557075671e-05, 1.01146961242e-05, 1.0500202734e-05, 1.01429359347e-05, 9.45768806559e-06, 1.48427852764e-05, 2.17319611693e-05],
        "mean": [0.00243452144787, 0.000892413780093, 0.000335938762873, 0.000150354579091, 0.000189076497918, 0.000215956199099, 0.000192414256162, 0.000131586042698, 0.000163857883308, 0.000350934278686, 0.000445670098998, 0.000583460729104, 0.000479804264614, 0.000221762442379, 8.35410537547e-05, 7.3220457125e-05, 6.71138623147e-05, 4.19612333644e-05, 2.12512604776e-05, 1.69018840097e-05, 1.93313990167e-05, 1.00261722764e-05, 8.05401941761e-06, 5.3995113376e-06, 5.17624766871e-06, 3.88545868191e-06, 3.02763146465e-06, 3.23982112604e-06, 1.80983067821e-06, 4.72174633614e-07, 4.34301597352e-07, 3.27305684777e-07, 3.4008030525e-07, 4.79843777157e-07, 6.46659714221e-07, 5.61788510822e-07, 4.23959079399e-07, 3.81394784199e-07, 4.21405104589e-07, 3.49140748312e-07],
        "median": [0.000846265116706, 0.0003135552397, 0.000160659546964, 6.25403699814e-05, 8.94194527064e-05, 9.43285849644e-05, 5.43850692338e-05, 3.45961525454e-05, 3.12612319249e-05, 4.47280690423e-05, 6.9710687967e-05, 6.10506758676e-05, 2.46585295827e-05, 1.88250287465e-05, 1.72910713445e-05, 1.05455574158e-05, 7.49261789679e-06, 8.07862943475e-06, 4.25103553425e-06, 3.71291821466e-06, 3.16223668051e-06, 1.79641472187e-06, 1.74125602825e-06, 1.5556300923e-06, 1.83041890978e-06, 1.36629944336e-06, 1.11663325697e-06, 1.04989680949e-06, 4.85038810893e-07, 9.3010925184e-08, 6.08521091294e-08, 7.3571996495e-08, 9.70201483597e-08, 1.90749801732e-07, 2.51757995784e-07, 2.12408309608e-07, 1.38451838438e-07, 1.24454516026e-07, 9.88214452491e-08, 3.00468343539e-08],
        "min": [6.32599590026e-24, 6.96275692877e-24, 7.27944356145e-24, 8.88580970022e-24, 1.99828880256e-23, 1.63268111862e-23, 1.98699326103e-23, 1.46862392497e-23, 2.61620986051e-24, 2.92299313339e-24, 1.13060381129e-23, 1.26294911209e-23, 7.0459730768e-24, 8.70470695791e-24, 1.44914268937e-23, 7.50891215473e-24, 1.48708137689e-23, 2.28689056707e-23, 7.99085883616e-24, 7.88036703347e-24, 9.87991485804e-24, 1.15461744722e-23, 8.9334568989e-24, 1.23566209784e-23, 1.7349556728e-23, 1.28848343519e-23, 1.15014902351e-23, 1.11007481064e-23, 9.78314371308e-24, 1.15355903254e-23, 9.49060726815e-24, 6.65975151077e-24, 9.60608072746e-24, 1.43218691308e-23, 1.01815058484e-23, 1.22541195478e-23, 9.41829948872e-24, 9.81656853849e-24, 1.17023334327e-23, 1.21918026917e-23],
        "var": [1.79820399353e-05, 2.76680361821e-06, 4.28459316026e-07, 1.75517030243e-07, 1.1176637571e-07, 1.65472982872e-07, 1.64494849741e-07, 1.52918332219e-07, 1.60577215524e-07, 8.70295309596e-07, 1.06693437374e-06, 2.82336122837e-06, 3.20211893268e-06, 5.61073022709e-07, 6.22245650561e-08, 5.61115029996e-08, 5.22676408821e-08, 1.31761410671e-08, 4.01216748713e-09, 1.73064795828e-09, 3.73984709867e-09, 1.23224508375e-09, 4.29313501416e-10, 1.6417546489e-10, 1.04980683868e-10, 8.10717951105e-11, 2.86433776003e-11, 3.26970429898e-11, 1.83134132858e-11, 1.28398366158e-12, 1.1990730674e-12, 4.25460963118e-13, 4.29955740065e-13, 6.13913217137e-13, 1.06169088278e-12, 7.94056227021e-13, 5.93619337713e-13, 5.28386037181e-13, 1.1776746028e-12, 1.61353992233e-12]
    },
    "mfcc": {
        "mean": [-702.370056152, 142.927429199, -8.19165992737, -2.66792154312, 0.441778302193, -4.54393577576, 8.14492225647, 11.4665088654, -10.1258459091, 13.1894607544, -9.43314266205, -3.40403461456, 2.5558052063],
        "cov": [[4669.21240234, -574.471374512, -455.799316406, 60.1634712219, 174.763534546, 359.050231934, 248.633682251, 367.223602295, 303.990661621, 280.934295654, -2.36773085594, 338.028625488, 139.657073975], [-574.471374512, 1618.94812012, 29.2163791656, 375.310394287, 242.124755859, 128.175613403, 326.564575195, 47.1176605225, -81.9779434204, 247.380264282, 20.1236534119, 80.523651123, 134.996246338], [-455.799316406, 29.2163791656, 1437.16259766, 307.851531982, 376.419769287, 259.494232178, 98.3413696289, 12.0274295807, -22.340051651, -71.1084671021, 46.1571998596, 28.7834644318, 68.7956619263], [60.1634712219, 375.310394287, 307.851531982, 664.176818848, 353.447601318, 76.4203491211, 70.9826889038, 58.3100090027, 8.32409858704, 66.6164474487, -23.7243270874, 138.85269165, 93.1083145142], [174.763534546, 242.124755859, 376.419769287, 353.447601318, 679.247619629, 37.8400268555, 97.928024292, 1.5703548193, 64.5199813843, 60.8361625671, -21.3264007568, 95.1757202148, 144.26890564], [359.050231934, 128.175613403, 259.494232178, 76.4203491211, 37.8400268555, 431.311859131, 130.024688721, 75.1819839478, 96.7235107422, 47.7211456299, 65.3609695435, 51.1065444946, 28.3694801331], [248.633682251, 326.564575195, 98.3413696289, 70.9826889038, 97.928024292, 130.024688721, 418.741333008, 51.2039527893, -25.4281749725, 142.066879272, 13.5811443329, 46.6329803467, 94.0987472534], [367.223602295, 47.1176605225, 12.0274295807, 58.3100090027, 1.5703548193, 75.1819839478, 51.2039527893, 241.338928223, 31.5485038757, 66.4468154907, 16.1716022491, 32.5468139648, 25.0168991089], [303.990661621, -81.9779434204, -22.340051651, 8.32409858704, 64.5199813843, 96.7235107422, -25.4281749725, 31.5485038757, 338.289764404, -45.3799438477, 58.430934906, 59.5173873901, -16.6970710754], [280.934295654, 247.380264282, -71.1084671021, 66.6164474487, 60.8361625671, 47.7211456299, 142.066879272, 66.4468154907, -45.3799438477, 273.194152832, -1.07598638535, 36.2948913574, 57.5249137878], [-2.36773085594, 20.1236534119, 46.1571998596, -23.7243270874, -21.3264007568, 65.3609695435, 13.5811443329, 16.1716022491, 58.430934906, -1.07598638535, 183.490783691, 23.0753746033, 7.45883369446], [338.028625488, 80.523651123, 28.7834644318, 138.85269165, 95.1757202148, 51.1065444946, 46.6329803467, 32.5468139648, 59.5173873901, 36.2948913574, 23.0753746033, 204.623046875, 45.6206436157], [139.657073975, 134.996246338, 68.7956619263, 93.1083145142, 144.26890564, 28.3694801331, 94.0987472534, 25.0168991089, -16.6970710754, 57.5249137878, 7.45883369446, 45.6206436157, 175.763519287]],
